2.953093
3.507904
3.377218
2.094036
2.602669
2.186426
2.528702
2.611000
2.432500
3.070150
2.157495
3.372620
2.001244
2.989033
3.897793
1.904389
2.755692
1.890339
2.674057
3.140928
2.245424
4.279434
2.368751
2.914568
2.028778
4.063762
2.356860
4.588847
2.997207
1.926455
3.613686
2.884011
2.405378
1.916149
4.687884
2.350960
2.873804
2.418834
2.775382
1.529490
3.227078
2.349577
2.530965
1.739783
2.530277
2.738945
3.558018
3.354023
1.772298
2.548096
3.854719
3.164519
3.102766
2.030906
2.105082
2.621929
2.534328
2.526993
2.995469
3.157558
2.963416
3.161836
1.958885
1.978150
2.748540
2.391051
1.902885
3.337621
3.485703
4.103303
1.953523
2.065692
3.466548
2.022879
2.936511
2.373356
1.936166
3.451005
2.178154
3.182990
3.717555
2.387826
1.821266
5.023090
2.159253
2.682420
3.311589
2.213467
4.192290
4.070364
2.100771
2.176954
1.909188
2.722362
2.544598
1.905642
2.456690
2.933231
1.841356
2.474031
2.034477
3.047272
2.412990
2.090023
2.056358
1.653317
3.313895
2.389543
1.865833
2.664465
3.152339
1.889582
2.533428
2.937113
2.582031
2.108630
2.094683
2.934798
1.915610
2.789663
2.968483
2.286437
2.224258
3.241671
2.511528
4.432690
1.524407
1.806046
2.607114
2.341865
2.880241
2.286633
1.754024
2.121881
3.605345
1.707193
3.329446
2.681893
2.887219
3.397672
2.360453
2.015490
1.809836
1.683479
2.318947
2.245504
2.824844
2.694967
3.463315
1.768513
2.343883
2.582419
2.514622
1.705958
1.951889
3.277023
1.534267
1.647062
2.215658
2.498925
1.950296
2.013277
1.369252
1.725882
2.798750
2.597585
2.071760
1.813875
2.227494
2.485399
2.845700
2.642790
1.612747
2.008616
2.875600
2.006433
1.936411
3.135281
3.252258
1.964677
1.336265
2.968574
2.600710
1.857328
2.782060
1.975426
2.187881
2.433268
1.749644
1.630825
3.106831
