3.330841
3.614170
4.725112
2.792328
2.741457
4.231004
3.186756
5.266759
3.435286
2.868067
2.848114
3.323869
4.718193
5.977612
3.061532
3.996368
3.213209
4.892301
2.922428
3.329418
4.685444
3.829063
3.882180
2.822234
3.226729
3.807733
5.378969
2.439723
5.468195
3.644075
3.720166
2.914830
2.310461
3.384801
2.770227
2.335681
5.101960
2.934134
4.711913
3.068570
3.322219
2.981600
2.558137
3.619465
3.309481
3.990686
3.576895
3.306265
4.427688
5.073454
2.903917
3.132765
2.845802
3.471668
2.987085
3.295888
3.410743
3.239621
3.005025
2.523103
3.408303
3.199501
2.860456
4.396537
2.677262
2.496927
3.186207
2.811377
2.433246
3.997030
2.750539
2.831191
3.249253
3.234463
4.399483
3.668867
3.772205
2.474115
3.435424
3.347950
3.535760
6.544513
2.615672
3.356573
3.099595
2.766899
4.159043
4.346762
3.026443
3.771211
2.849399
3.004243
2.986377
2.103680
3.836968
3.191636
3.397228
4.460864
4.421766
3.640950
3.598701
1.849805
2.389422
3.364232
5.628903
2.707373
3.978312
3.506926
2.317691
3.667840
3.529769
4.791065
2.858663
2.951527
4.387810
2.879968
3.775259
2.286933
3.193344
3.306920
2.699645
2.216094
3.093911
3.281531
3.823001
2.726685
3.430297
2.862009
3.921654
3.131127
2.317267
3.098967
2.536375
2.652232
3.929465
4.065281
2.298991
3.665464
3.291569
3.970849
3.076032
4.098443
3.272323
2.933010
2.043427
4.992515
4.228047
2.416492
2.670955
2.398062
2.456017
3.080237
3.445180
2.403324
3.843870
3.033501
4.139251
3.221707
2.476166
4.077806
3.959281
3.749026
4.696934
4.606120
2.805633
2.792073
2.790935
2.121279
2.020184
3.084640
3.086204
3.028028
2.152241
2.217867
3.106400
2.794713
2.156788
2.998232
2.278854
2.740836
2.498422
2.219405
2.813881
2.343458
3.185639
3.461304
2.635165
2.886460
2.487013
2.180701
3.953206
