3.846390
3.946729
3.279105
3.117378
5.256544
3.822823
3.112085
4.786172
4.420612
3.672683
3.969350
2.682895
3.347760
3.691977
1.786818
3.377448
3.805315
3.462667
4.618658
2.501731
2.764436
2.930807
3.966583
3.620928
3.158285
3.040190
2.136161
3.825926
3.440893
2.748419
3.420616
2.393901
5.198081
2.929056
2.364201
3.047346
3.585814
3.795925
3.297939
2.611588
2.568592
2.204243
2.024954
2.400525
3.978346
4.858432
3.056385
3.170159
4.152491
3.920531
3.373553
2.313312
2.753109
4.118227
3.162119
2.597443
3.464928
3.499895
2.652938
3.570780
3.009084
2.951644
2.229302
3.895881
3.309186
2.268339
3.111959
3.703280
4.082532
4.173144
3.323283
4.106810
3.059299
2.816650
2.058921
3.271714
3.822028
2.309202
2.820616
2.559541
2.459831
2.292064
2.921234
3.948199
5.086499
2.942032
3.032388
2.073777
3.663295
2.341674
2.614805
1.743305
3.315172
3.731400
2.411494
2.386094
2.440351
3.991295
3.258573
3.052054
2.781111
3.150034
3.444272
2.985471
4.147215
2.327878
3.271419
2.837462
3.196095
2.589235
3.153431
2.731780
3.020236
3.259250
2.713592
1.987393
3.482996
2.890713
2.793710
2.234579
2.269055
3.797151
2.338344
2.474945
2.219355
2.928519
3.446839
5.412657
2.164325
2.565250
2.326091
3.847903
3.143665
2.825344
2.389595
4.323478
2.098468
4.474171
2.827517
3.770890
2.523774
2.850314
3.071707
2.568830
2.424818
2.195203
3.183525
2.790742
3.852549
3.655949
4.762971
2.278905
3.047320
3.412178
2.497607
3.278526
2.124553
