2.940720
3.787068
2.825512
7.984087
2.454258
3.466741
3.368377
3.103870
2.319262
4.803416
3.092627
3.695013
4.255762
2.015336
2.556150
4.263456
3.189245
2.897575
2.315283
4.074867
2.805386
3.790701
2.865801
2.944384
2.027546
2.450681
3.805317
4.567239
3.187092
2.474543
3.698220
3.141576
4.338787
3.685575
2.876958
3.539072
3.284011
3.093180
4.043266
3.767480
3.824205
3.947000
5.138166
3.810656
3.124188
3.660521
5.045573
2.911834
2.294849
3.313784
3.011416
4.361139
3.453627
3.066741
2.194838
2.427828
2.617672
3.395248
3.503387
3.139468
5.527714
3.465114
3.854528
2.835696
6.677291
3.086371
4.223589
3.485394
2.714828
4.658035
4.665637
3.165549
2.629088
3.128499
3.203820
3.906646
3.012039
3.341626
3.561870
3.225460
4.117879
3.323814
2.543722
3.389159
3.337887
2.452077
3.994061
2.358306
2.893111
2.299283
2.899334
2.782741
3.432459
3.423869
3.053102
2.055583
2.281739
3.130003
3.396502
3.388869
3.080930
4.078987
3.445539
2.503280
2.490425
3.720289
2.929860
1.930781
2.908915
3.134172
2.708241
3.863281
6.884920
2.710540
2.387594
4.503218
2.225734
2.426772
2.382210
3.242996
1.863846
3.793327
2.317113
2.640469
3.593800
2.815639
1.898818
2.074793
4.348469
3.053183
2.292881
2.713047
2.367845
5.086687
3.110826
3.628525
2.553331
3.220303
3.263658
2.569610
2.829361
3.468197
2.973370
2.999619
3.900136
1.895433
2.533523
4.372658
2.568013
1.860942
3.019247
2.488316
3.410959
3.207505
3.271541
1.845551
3.144088
2.712679
2.542656
2.754027
2.100234
1.989560
3.199202
3.051524
2.503556
2.663634
2.433826
2.076129
3.174493
1.919486
3.770066
2.597769
1.986028
