5.814589
3.063466
2.496955
4.147754
3.001529
3.224936
6.105140
4.862576
5.757870
2.768407
6.282929
7.209030
3.299107
7.012951
4.324848
3.279090
3.766048
6.727352
2.584987
5.013056
3.650403
4.199424
7.783475
2.280665
4.131381
3.421662
4.183539
2.860313
7.525377
4.150767
2.810278
5.359505
7.236633
7.268115
4.869333
2.496642
3.339390
3.177555
4.558377
3.975384
5.512963
6.288862
3.256444
3.764132
2.925392
2.734529
3.499343
3.019722
5.169347
3.439044
3.359029
7.294441
5.251583
3.769915
2.608767
3.595386
2.811968
3.556754
2.540403
4.374749
4.285161
2.418626
4.239918
2.659113
4.127452
4.736337
4.550268
3.406450
2.902666
3.984427
4.394261
3.957685
4.021192
3.738025
7.032963
4.346424
3.550404
3.524659
3.843695
2.894865
2.437412
2.861727
2.921733
3.130365
2.668034
2.608856
3.753381
4.760618
2.562556
3.050838
3.021297
3.174066
5.448335
3.160712
2.322624
3.065706
3.466330
3.933815
2.864134
2.846657
3.345453
2.555042
3.196201
2.190699
3.321832
2.800153
3.487597
4.464349
2.860072
4.557672
2.319752
4.299134
2.730775
2.416997
3.320490
3.345558
2.279702
3.995074
3.474547
4.286469
3.724246
3.546035
3.037643
3.032559
2.720423
2.712300
3.114597
4.136518
2.650379
3.150214
2.715668
3.081851
3.057591
2.816657
4.144958
2.882267
3.716607
3.226475
2.816661
2.647315
3.694816
2.901403
4.451768
2.228806
2.759172
2.676095
2.273511
3.031806
3.917877
2.566741
2.588472
3.106391
2.797904
2.819732
2.157727
2.367248
2.864290
1.908864
3.758476
4.274245
3.024443
3.894018
3.631896
2.042165
2.735616
1.613742
3.354056
3.283881
2.217962
4.193803
