5.651885
5.264822
3.177770
2.818158
3.205809
4.264720
5.609955
3.141394
3.350289
3.981683
4.731488
6.561841
3.402468
6.518467
3.304360
4.858400
5.344940
6.568753
3.224990
4.102315
6.598704
3.969793
4.173861
4.655907
3.778633
2.998605
4.993913
5.668901
4.411816
4.342760
4.127035
4.301881
3.160514
8.050163
4.733472
5.207799
2.946866
3.725350
6.252227
3.226721
3.844117
4.417322
5.028128
3.005144
2.706592
5.020732
3.529513
4.084021
3.922207
2.776520
2.715493
4.983425
5.052658
3.294345
3.692694
3.290512
4.927513
2.357619
4.216026
3.244533
2.399687
2.577473
3.024785
3.878004
3.622674
4.236122
3.957887
3.069112
2.592877
2.749929
4.037226
5.645473
4.346697
4.209362
3.427619
3.046845
2.981386
2.548830
3.827107
3.413855
3.192706
2.848164
2.766855
3.632757
4.070032
3.383199
4.293461
2.508398
3.314057
3.115723
2.656745
3.718029
2.805747
3.041586
3.135636
2.468979
5.164674
3.234746
3.720309
4.326900
3.456583
2.762144
3.057936
3.831129
3.824733
3.156328
3.415495
3.523945
4.912073
2.927142
4.652551
2.932886
3.732186
2.344994
3.517901
2.311210
4.149626
3.615207
4.188208
2.706699
3.906751
4.159852
3.048194
3.203176
5.758253
4.487177
4.007864
3.826414
3.076688
2.220297
3.019326
4.761402
3.050683
2.717289
2.925880
2.647878
2.701217
3.773147
3.077439
3.179591
3.055290
2.875400
3.077249
3.327046
2.802147
6.425451
2.763943
3.312427
2.655415
2.193366
2.096332
2.759223
3.026728
3.643645
4.767134
3.475696
3.611084
2.868201
3.756842
