1.162846
1.789696
2.382089
1.878871
1.836337
2.182877
1.421424
1.823236
1.283364
1.918127
2.138092
1.717373
1.599838
1.535517
1.807871
1.679835
1.749428
1.771281
1.587855
1.432945
1.441603
1.957988
1.382079
1.501376
1.989926
1.507764
2.982940
1.727384
1.637624
1.524648
1.663754
1.781989
1.372085
1.719097
1.724207
1.401210
1.405220
1.711143
1.933503
1.375980
1.408787
1.452284
2.168624
1.600751
1.397961
2.009428
2.072124
1.716228
1.535124
2.244454
1.585301
1.700694
1.564278
1.303892
2.071576
1.661050
2.195735
1.682887
1.439137
1.615706
1.429716
1.635995
1.834491
1.209133
2.042721
1.736240
1.519849
2.107588
1.531187
1.731763
2.156140
1.857482
1.292467
1.796842
1.299401
2.541388
2.511935
1.385043
1.516896
1.251415
1.356408
2.252157
1.283585
1.372651
1.640994
1.574109
1.909621
2.251389
1.980689
1.811543
1.680321
1.361950
1.243126
1.444565
2.456342
1.527625
1.592825
1.682837
1.327812
1.264861
1.704258
1.337225
1.681592
1.484199
1.120041
1.503826
1.707270
1.437570
2.093185
1.201413
1.454438
1.496411
1.672423
1.596842
1.667382
2.325847
1.527366
1.485309
1.894666
1.722479
2.095244
1.451905
1.341436
1.733886
2.099414
1.365354
1.759478
2.012084
1.435616
1.538808
1.893114
1.347971
1.647392
1.916501
1.967346
1.560267
1.375849
1.471186
1.451154
1.755213
1.217339
2.677362
1.834172
1.354642
1.447313
1.406294
1.814773
1.254862
2.062556
1.658915
1.408099
1.618739
1.776194
1.749379
1.602513
2.533488
1.503688
1.612354
2.341233
1.258039
1.611532
1.258667
1.822850
1.192112
1.455691
1.620543
1.325730
1.772884
1.681036
1.505195
1.829470
1.745578
2.040272
1.540136
2.096005
1.911146
1.635062
1.408427
1.826385
1.430399
1.740590
1.504820
1.278528
1.866097
1.526152
1.815234
1.159477
1.716948
1.379069
1.477662
1.382286
1.731983
1.845040
1.201836
1.521481
1.074304
1.261534
2.278304
1.849776
1.384502
1.287391
1.309767
2.296942
1.645836
2.144378
1.044993
1.774974
1.762786
1.824942
1.509587
2.104438
1.606315
