1 2 0.700197
1 4 0.831930
1 5 0.766632
1 6 0.847052
1 7 0.729307
1 8 0.725998
1 9 0.588670
1 11 0.695997
1 13 0.716759
1 14 0.500000
2 1 0.700197
4 1 0.831930
4 14 0.500000
5 1 0.766632
6 1 0.847052
7 1 0.729307
7 14 0.500000
8 1 0.725998
8 14 0.500000
9 1 0.588670
11 1 0.695997
11 14 0.500000
13 1 0.716759
13 14 0.500000
14 1 0.500000
14 4 0.500000
14 7 0.500000
14 8 0.500000
14 11 0.500000
14 13 0.500000
1 1 0.900441
1 3 0.500000
1 10 0.558808
1 12 0.500000
2 2 0.589890
2 3 0.500000
2 4 0.646657
2 5 0.674871
2 6 0.671852
2 7 0.586105
2 8 0.593103
2 9 0.588276
2 10 0.522609
2 11 0.581416
2 12 0.500000
2 13 0.587776
2 14 0.500000
3 1 0.500000
3 2 0.500000
3 3 0.500000
3 4 0.500000
3 5 0.500000
3 6 0.500000
3 7 0.500000
3 8 0.500000
3 9 0.500000
3 10 0.500000
3 11 0.500000
3 12 0.500000
3 13 0.500000
3 14 0.500000
4 2 0.646657
4 3 0.500000
4 4 0.819430
4 5 0.586489
4 6 0.772490
4 7 0.674856
4 8 0.691071
4 9 0.522145
4 10 0.551660
4 11 0.650107
4 12 0.500000
4 13 0.675841
5 2 0.674871
5 3 0.500000
5 4 0.586489
5 5 0.987791
5 6 0.786387
5 7 0.591693
5 8 0.597078
5 9 0.870362
5 10 0.522071
5 11 0.623674
5 12 0.500000
5 13 0.604020
5 14 0.500000
6 2 0.671852
6 3 0.500000
6 4 0.772490
6 5 0.786387
6 6 0.843246
6 7 0.659124
6 8 0.672967
6 9 0.679450
6 10 0.553618
6 11 0.657901
6 12 0.500000
6 13 0.665177
6 14 0.500000
7 2 0.586105
7 3 0.500000
7 4 0.674856
7 5 0.591693
7 6 0.659124
7 7 0.630329
7 8 0.611035
7 9 0.470840
7 10 0.520846
7 11 0.593085
7 12 0.500000
7 13 0.611880
8 2 0.593103
8 3 0.500000
8 4 0.691071
8 5 0.597078
8 6 0.672967
8 7 0.611035
8 8 0.625856
8 9 0.535797
8 10 0.525686
8 11 0.593695
8 12 0.500000
8 13 0.610360
9 2 0.588276
9 3 0.500000
9 4 0.522145
9 5 0.870362
9 6 0.679450
9 7 0.470840
9 8 0.535797
9 9 0.864309
9 10 0.529704
9 11 0.539412
9 12 0.500000
9 13 0.504542
9 14 0.500000
10 1 0.558808
10 2 0.522609
10 3 0.500000
10 4 0.551660
10 5 0.522071
10 6 0.553618
10 7 0.520846
10 8 0.525686
10 9 0.529704
10 10 0.516089
10 11 0.520761
10 12 0.500000
10 13 0.518588
10 14 0.500000
11 2 0.581416
11 3 0.500000
11 4 0.650107
11 5 0.623674
11 6 0.657901
11 7 0.593085
11 8 0.593695
11 9 0.539412
11 10 0.520761
11 11 0.579684
11 12 0.500000
11 13 0.590048
12 1 0.500000
12 2 0.500000
12 3 0.500000
12 4 0.500000
12 5 0.500000
12 6 0.500000
12 7 0.500000
12 8 0.500000
12 9 0.500000
12 10 0.500000
12 11 0.500000
12 12 0.500000
12 13 0.500000
12 14 0.500000
13 2 0.587776
13 3 0.500000
13 4 0.675841
13 5 0.604020
13 6 0.665177
13 7 0.611880
13 8 0.610360
13 9 0.504542
13 10 0.518588
13 11 0.590048
13 12 0.500000
13 13 0.610481
14 2 0.500000
14 3 0.500000
14 5 0.500000
14 6 0.500000
14 9 0.500000
14 10 0.500000
14 12 0.500000
14 14 0.500000
