1 2 0.525093
1 4 0.657697
1 5 0.787970
1 6 0.661054
1 7 0.684774
1 8 0.698852
1 9 0.665451
1 11 0.620526
1 13 0.634163
1 14 0.500000
2 1 0.525093
4 1 0.657697
4 14 0.500000
5 1 0.787970
6 1 0.661054
7 1 0.684774
7 14 0.500000
8 1 0.698852
8 14 0.500000
9 1 0.665451
11 1 0.620526
11 14 0.500000
13 1 0.634163
13 14 0.500000
14 1 0.500000
14 4 0.500000
14 7 0.500000
14 8 0.500000
14 11 0.500000
14 13 0.500000
1 1 0.779274
1 3 0.500000
1 10 0.496384
1 12 0.500000
2 2 0.531500
2 3 0.500000
2 4 0.518169
2 5 0.547247
2 6 0.506755
2 7 0.525984
2 8 0.501363
2 9 0.506085
2 10 0.493297
2 11 0.510639
2 12 0.500000
2 13 0.511422
2 14 0.500000
3 1 0.500000
3 2 0.500000
3 3 0.500000
3 4 0.500000
3 5 0.500000
3 6 0.500000
3 7 0.500000
3 8 0.500000
3 9 0.500000
3 10 0.500000
3 11 0.500000
3 12 0.500000
3 13 0.500000
3 14 0.500000
4 2 0.518169
4 3 0.500000
4 4 0.868291
4 5 0.920084
4 6 0.658761
4 7 0.573443
4 8 0.690949
4 9 0.644043
4 10 0.520814
4 11 0.571203
4 12 0.500000
4 13 0.564610
5 2 0.547247
5 3 0.500000
5 4 0.920084
5 5 0.997362
5 6 0.774240
5 7 0.654856
5 8 0.887596
5 9 0.701670
5 10 0.537463
5 11 0.614126
5 12 0.500000
5 13 0.611723
5 14 0.500000
6 2 0.506755
6 3 0.500000
6 4 0.658761
6 5 0.774240
6 6 0.655872
6 7 0.590463
6 8 0.523576
6 9 0.604322
6 10 0.498989
6 11 0.565263
6 12 0.500000
6 13 0.567441
6 14 0.500000
7 2 0.525984
7 3 0.500000
7 4 0.573443
7 5 0.654856
7 6 0.590463
7 7 0.627436
7 8 0.621721
7 9 0.596326
7 10 0.493725
7 11 0.575845
7 12 0.500000
7 13 0.585983
8 2 0.501363
8 3 0.500000
8 4 0.690949
8 5 0.887596
8 6 0.523576
8 7 0.621721
8 8 0.935319
8 9 0.617587
8 10 0.535135
8 11 0.572362
8 12 0.500000
8 13 0.592366
9 2 0.506085
9 3 0.500000
9 4 0.644043
9 5 0.701670
9 6 0.604322
9 7 0.596326
9 8 0.617587
9 9 0.628841
9 10 0.505568
9 11 0.567629
9 12 0.500000
9 13 0.575858
9 14 0.500000
10 1 0.496384
10 2 0.493297
10 3 0.500000
10 4 0.520814
10 5 0.537463
10 6 0.498989
10 7 0.493725
10 8 0.535135
10 9 0.505568
10 10 0.508790
10 11 0.497912
10 12 0.500000
10 13 0.497217
10 14 0.500000
11 2 0.510639
11 3 0.500000
11 4 0.571203
11 5 0.614126
11 6 0.565263
11 7 0.575845
11 8 0.572362
11 9 0.567629
11 10 0.497912
11 11 0.549025
11 12 0.500000
11 13 0.553974
12 1 0.500000
12 2 0.500000
12 3 0.500000
12 4 0.500000
12 5 0.500000
12 6 0.500000
12 7 0.500000
12 8 0.500000
12 9 0.500000
12 10 0.500000
12 11 0.500000
12 12 0.500000
12 13 0.500000
12 14 0.500000
13 2 0.511422
13 3 0.500000
13 4 0.564610
13 5 0.611723
13 6 0.567441
13 7 0.585983
13 8 0.592366
13 9 0.575858
13 10 0.497217
13 11 0.553974
13 12 0.500000
13 13 0.561812
14 2 0.500000
14 3 0.500000
14 5 0.500000
14 6 0.500000
14 9 0.500000
14 10 0.500000
14 12 0.500000
14 14 0.500000
