1 2 0.642421
1 4 0.734147
1 5 0.697841
1 6 0.863124
1 7 0.706193
1 8 0.675783
1 9 0.742313
1 11 0.654296
1 13 0.573942
1 14 0.500000
2 1 0.642421
4 1 0.734147
4 14 0.500000
5 1 0.697841
6 1 0.863124
7 1 0.706193
7 14 0.500000
8 1 0.675783
8 14 0.500000
9 1 0.742313
11 1 0.654296
11 14 0.500000
13 1 0.573942
13 14 0.500000
14 1 0.500000
14 4 0.500000
14 7 0.500000
14 8 0.500000
14 11 0.500000
14 13 0.500000
1 1 0.821856
1 3 0.500000
1 10 0.551885
1 12 0.500000
2 2 0.631053
2 3 0.500000
2 4 0.659142
2 5 0.579420
2 6 0.681522
2 7 0.591878
2 8 0.568444
2 9 0.599059
2 10 0.524393
2 11 0.561125
2 12 0.500000
2 13 0.542130
2 14 0.500000
3 1 0.500000
3 2 0.500000
3 3 0.500000
3 4 0.500000
3 5 0.500000
3 6 0.500000
3 7 0.500000
3 8 0.500000
3 9 0.500000
3 10 0.500000
3 11 0.500000
3 12 0.500000
3 13 0.500000
3 14 0.500000
4 2 0.659142
4 3 0.500000
4 4 0.996828
4 5 0.583075
4 6 0.808112
4 7 0.686746
4 8 0.574944
4 9 0.705737
4 10 0.603473
4 11 0.599492
4 12 0.500000
4 13 0.641103
5 2 0.579420
5 3 0.500000
5 4 0.583075
5 5 0.623286
5 6 0.708164
5 7 0.619613
5 8 0.603251
5 9 0.633771
5 10 0.527455
5 11 0.588691
5 12 0.500000
5 13 0.542853
5 14 0.500000
6 2 0.681522
6 3 0.500000
6 4 0.808112
6 5 0.708164
6 6 0.988768
6 7 0.692114
6 8 0.699908
6 9 0.778348
6 10 0.578175
6 11 0.672250
6 12 0.500000
6 13 0.520224
6 14 0.500000
7 2 0.591878
7 3 0.500000
7 4 0.686746
7 5 0.619613
7 6 0.692114
7 7 0.643710
7 8 0.593593
7 9 0.652592
7 10 0.526641
7 11 0.591747
7 12 0.500000
7 13 0.557899
8 2 0.568444
8 3 0.500000
8 4 0.574944
8 5 0.603251
8 6 0.699908
8 7 0.593593
8 8 0.601445
8 9 0.618289
8 10 0.529675
8 11 0.577244
8 12 0.500000
8 13 0.539428
9 2 0.599059
9 3 0.500000
9 4 0.705737
9 5 0.633771
9 6 0.778348
9 7 0.652592
9 8 0.618289
9 9 0.692662
9 10 0.532909
9 11 0.606832
9 12 0.500000
9 13 0.552999
9 14 0.500000
10 1 0.551885
10 2 0.524393
10 3 0.500000
10 4 0.603473
10 5 0.527455
10 6 0.578175
10 7 0.526641
10 8 0.529675
10 9 0.532909
10 10 0.520744
10 11 0.520662
10 12 0.500000
10 13 0.521010
10 14 0.500000
11 2 0.561125
11 3 0.500000
11 4 0.599492
11 5 0.588691
11 6 0.672250
11 7 0.591747
11 8 0.577244
11 9 0.606832
11 10 0.520662
11 11 0.568396
11 12 0.500000
11 13 0.536429
12 1 0.500000
12 2 0.500000
12 3 0.500000
12 4 0.500000
12 5 0.500000
12 6 0.500000
12 7 0.500000
12 8 0.500000
12 9 0.500000
12 10 0.500000
12 11 0.500000
12 12 0.500000
12 13 0.500000
12 14 0.500000
13 2 0.542130
13 3 0.500000
13 4 0.641103
13 5 0.542853
13 6 0.520224
13 7 0.557899
13 8 0.539428
13 9 0.552999
13 10 0.521010
13 11 0.536429
13 12 0.500000
13 13 0.564907
14 2 0.500000
14 3 0.500000
14 5 0.500000
14 6 0.500000
14 9 0.500000
14 10 0.500000
14 12 0.500000
14 14 0.500000
