8.018683
2.622550
5.418360
1.677916
4.696638
7.973603
3.382257
1.910021
1.738279
4.527747
3.539956
4.509078
4.958848
2.886457
2.560498
3.121249
8.279054
4.971122
3.416559
2.328837
3.402764
2.799567
3.108081
5.140326
1.962991
4.510824
4.062690
2.962423
5.116837
3.448526
4.612929
3.713712
3.622937
2.774312
2.419062
3.041390
1.904198
3.521113
2.850878
2.020528
3.570281
3.055816
5.147522
7.369413
3.739564
1.962619
4.607055
5.541286
1.716235
2.620623
2.973310
2.083344
2.567957
5.503592
6.947209
3.155217
1.653135
6.623197
2.978031
7.804786
1.881973
2.622452
2.683229
1.862388
4.140993
1.958387
2.817264
4.347723
2.463501
3.869045
2.175756
4.122946
4.136673
3.279295
5.000773
4.557504
3.647478
4.608175
6.096071
2.032998
1.780415
2.601812
3.326870
3.327064
3.575495
4.674934
3.719105
5.545547
2.199133
2.592325
2.580270
3.882487
3.630222
1.722508
1.931472
4.505548
3.701780
3.364023
2.308403
2.835862
2.307630
2.949520
3.719063
2.259684
1.783961
6.109931
2.433931
2.450918
2.509129
3.399347
3.001246
5.398170
9.314594
3.095928
2.566327
3.501469
2.416504
3.630626
2.154748
3.057009
2.184661
5.406824
2.257879
1.736835
2.767390
3.995184
7.555888
3.426280
3.976193
1.824620
4.567797
2.797513
2.344745
4.740560
1.972150
7.157820
2.398126
2.681883
1.758966
3.253865
3.643475
2.520283
1.611426
5.103810
3.645967
2.588029
2.018321
2.033029
3.243894
2.386348
1.845553
2.543566
3.070687
2.765316
3.151275
3.758392
2.031252
3.742413
1.784617
2.492052
3.534594
2.233160
2.939847
4.756922
6.656634
3.797375
2.528287
1.990350
2.537221
4.666144
3.537311
3.351942
2.296010
2.186827
3.450698
3.474209
3.832475
5.516192
2.455094
5.025686
1.777840
2.809629
5.017620
3.605983
1.672874
2.076160
1.924887
5.874837
1.870678
2.582413
2.534644
1.747312
2.806328
2.573311
3.789791
2.089715
3.318440
1.800226
3.591339
3.058964
4.100646
2.383268
2.692524
2.462870
4.082695
3.036415
2.567637
2.610567
2.790183
5.191097
2.284322
4.855419
3.324510
2.130857
4.413198
1.867397
1.738769
1.647947
3.363068
3.001163
2.577391
4.752648
2.071766
1.440075
6.774740
4.327911
3.491819
2.922829
1.962156
3.025575
3.254332
2.053975
4.132486
1.688699
2.916437
3.822763
2.784540
1.968418
2.247102
3.196187
2.885525
3.875370
2.480336
2.807564
3.190237
4.493701
2.655241
1.880418
2.946890
2.302589
2.700784
2.966649
3.026974
4.424539
4.406663
1.592076
1.047261
2.907141
2.203537
2.570793
2.520816
2.924300
2.065523
2.806290
1.952176
3.802586
1.707291
2.764112
3.775736
1.374462
2.589399
2.538573
2.436953
2.657107
3.172195
3.116021
3.885703
5.184223
1.886041
1.567695
3.475694
3.909000
2.450047
2.568382
3.465527
2.144246
4.719463
1.711438
3.279669
1.277092
2.085386
2.705127
2.814218
2.830357
1.607147
1.784509
2.093611
4.283081
4.504425
1.088997
4.069789
2.905825
2.126664
1.323531
2.979900
1.135205
3.861084
1.764535
2.887627
2.251241
1.843643
2.251866
2.577872
1.913737
2.552891
1.716217
1.853146
3.251474
4.907378
3.579815
2.737156
1.600314
2.557227
4.132766
2.323021
1.867848
2.960720
4.520859
2.524900
5.765648
2.742063
1.496203
3.390476
3.111245
2.410193
2.587343
1.477110
3.441462
2.138011
2.343667
2.421440
3.251735
3.367700
3.443615
2.117974
2.541806
2.840848
1.424912
4.275360
3.412623
1.438327
8.437578
1.754273
1.611389
3.506385
5.464675
4.938529
4.530535
1.837598
2.905418
3.524521
3.933231
1.986658
2.734061
2.295291
2.080664
1.556265
2.242556
2.841620
1.494093
2.952535
4.219540
1.905031
2.874278
2.563066
5.182018
3.592328
3.391962
4.807425
2.844833
1.302845
1.430119
1.319660
4.659241
3.793066
3.373062
3.093306
2.845767
0.994547
1.516087
2.807684
1.934927
1.725150
6.092418
4.089318
2.009307
1.903053
1.895830
2.115060
3.913877
1.489297
1.975076
2.112051
3.318383
2.890039
1.185739
2.915327
2.057592
2.016418
2.326174
1.282450
3.275584
1.812292
2.164797
1.571300
1.604809
3.272772
1.898417
1.890083
3.800799
2.400790
5.338053
4.003101
1.729157
3.188013
1.877623
1.220714
1.714743
1.316024
2.653190
1.687640
1.604352
2.353846
2.020571
3.517211
1.609818
1.305441
2.380793
2.785780
2.441218
4.249537
5.257911
3.953007
2.200512
2.132741
2.650094
2.653598
2.191850
3.439451
2.677080
4.144118
4.524729
1.891912
2.509426
1.713501
2.385315
1.610100
1.244082
2.007020
3.039205
2.780890
3.050315
2.235242
3.227296
2.024617
1.440979
1.680405
3.508404
2.847871
3.164701
3.053364
1.996939
4.503425
2.217084
2.750340
3.798251
1.999689
2.080897
1.537611
2.700977
1.317696
5.099749
4.454906
3.188335
1.561078
3.729728
1.435140
2.172637
4.486471
2.769904
5.032515
2.430270
3.141293
2.384330
1.476226
1.996046
3.686154
4.821478
2.887064
4.683021
1.456433
2.781119
1.732756
2.460630
2.504013
2.670117
1.596063
3.972434
1.812786
1.610170
1.783334
3.561424
3.503533
4.329108
2.765998
4.412602
2.270900
2.542271
1.608405
3.038188
2.277016
1.209986
3.383622
3.200658
1.225899
1.822951
1.845093
