1.294374
2.229001
1.727351
1.508263
2.065262
2.197399
2.350526
3.195869
1.449693
1.459564
1.407946
1.891374
2.096956
2.524668
2.006445
2.242257
2.297103
1.750506
2.430582
3.932851
1.413246
1.804508
1.733992
4.651973
1.106416
2.572560
4.216134
1.566627
1.956090
1.482338
1.881959
1.407404
2.826155
1.397221
2.115992
2.529722
4.130980
2.721249
0.828329
1.190969
1.577497
3.409472
1.524053
3.534872
1.663650
3.622313
1.046316
2.526440
1.412742
1.203365
2.287549
1.561370
2.066981
1.851748
1.575674
2.858162
1.389115
4.313661
1.733380
1.849178
1.081005
1.732384
2.319040
1.966644
2.640213
1.938738
1.524507
1.545846
3.624035
1.678634
2.306953
2.081717
1.365542
1.599051
1.420431
1.646446
2.424696
1.163672
2.537419
1.990831
2.069191
1.161290
2.788614
2.509738
2.583649
1.681766
1.895320
1.610509
1.552953
1.005578
1.977598
1.528096
1.612201
1.835393
2.138232
1.806172
2.376032
1.147589
1.789159
1.737766
2.337919
0.956301
1.953406
2.788021
1.419761
1.447244
1.362467
1.792957
1.338331
2.264891
1.270356
3.036152
1.028328
1.746366
3.446460
1.962502
1.518669
1.682867
2.722517
2.200179
1.680308
4.538962
2.745278
1.448984
1.651263
1.478080
1.335849
1.839572
2.010157
2.004465
1.508503
2.450560
1.864784
1.353206
3.038990
2.180619
2.860220
3.331864
1.095289
1.811089
1.108658
2.788481
2.628164
1.310495
1.684891
1.380802
2.625103
2.841896
1.031310
1.718636
2.165729
2.851062
1.289924
2.311723
1.319036
1.723942
2.634434
1.476371
2.002660
2.744392
1.410131
1.260376
1.478421
1.267190
1.711400
1.003610
2.511911
