2.809819
2.249473
3.830404
2.024038
2.834117
3.321690
1.148413
1.365414
1.990571
1.487695
1.941486
1.752566
3.211014
2.839953
5.372256
3.173207
2.518733
2.225976
2.216467
2.939175
2.972380
2.516141
1.202829
1.676015
2.897245
4.038561
2.211497
1.229765
2.461617
2.261492
3.268671
4.377569
2.791769
1.827609
1.765499
2.822202
1.628060
3.574203
3.340802
3.304945
1.857174
3.521977
4.452908
1.923791
2.707752
4.483968
3.512755
1.954597
3.827927
2.270317
2.968060
1.718040
2.500354
2.115732
4.134023
2.916044
2.694885
2.709671
4.919055
1.362328
3.819880
1.227660
1.968590
3.062693
1.527263
4.600707
2.019284
2.084385
4.714883
1.900157
1.991351
3.169606
3.151500
2.669246
2.383536
2.624677
1.561883
2.152329
3.279226
1.141447
2.229253
3.656038
1.223166
4.306183
3.246381
1.414655
3.353472
4.931664
2.868203
1.891323
2.424024
3.162443
1.607206
1.829516
1.513578
1.721080
2.968155
1.425431
1.597199
1.284581
2.842079
1.388670
3.084770
2.509968
2.166323
1.530278
2.166085
2.610001
2.281533
1.799008
1.780355
3.127397
1.320852
1.716666
2.958869
2.458926
2.677571
2.168288
1.231010
1.373491
1.933161
1.764727
1.971314
4.171831
2.348099
2.496861
4.990648
1.776859
2.518140
2.622590
4.548154
3.647604
2.113080
1.287038
1.238415
2.265725
1.782643
1.584841
4.198620
1.497417
2.460862
1.838820
3.314691
1.539910
2.609387
1.717220
1.455863
3.614068
4.448746
2.651389
3.186728
1.509591
1.940310
2.186595
1.506451
2.611417
1.597426
3.968388
1.882290
3.418248
3.042533
4.353779
2.160483
1.800219
0.955078
2.002466
4.217963
2.665658
2.424968
1.310410
1.619064
1.969769
3.012215
2.366380
2.239702
1.782308
1.924989
1.849695
2.629563
2.752963
2.529792
2.328139
2.281085
1.949946
1.198133
2.514744
2.140616
1.568392
1.496567
2.092957
2.646104
1.484129
2.791672
1.666342
2.129936
5.210863
1.981501
1.278299
2.880397
2.873263
1.444296
2.128424
3.222583
1.411097
1.778776
1.718243
1.427576
2.101681
3.807893
3.407170
3.737077
2.562281
1.486522
1.002773
1.771254
1.811320
1.539943
2.122849
2.574188
1.595645
2.101301
4.115771
2.044005
1.291130
2.893348
1.599722
5.228337
1.675148
0.881002
3.071602
1.867344
3.309041
1.490008
2.978970
2.295512
2.984882
3.463032
2.240652
1.910768
1.914031
1.392087
2.180249
1.562189
1.251165
3.823061
2.695547
1.662682
1.191194
1.905192
3.141383
3.086373
1.688128
1.945855
2.815162
2.588487
2.196120
2.576961
3.071891
2.126125
1.270674
4.193414
3.357743
2.390151
1.827565
1.337722
2.336041
1.815786
2.270610
2.277570
3.132895
3.002849
2.357731
1.113220
