14.824797
11.953598
12.355681
11.870356
11.294738
14.218279
14.757357
13.638391
10.819071
10.153245
9.492480
11.334538
12.602424
14.537923
15.488203
11.484938
10.557209
10.356489
13.453049
18.554531
9.423074
12.497790
10.519721
12.490324
11.865793
12.383985
10.411598
9.363154
9.238052
10.174832
11.190935
17.334810
12.537502
9.377399
10.480472
12.329208
14.889627
11.815546
14.723310
14.081468
19.586647
13.611570
13.151132
12.409291
11.379944
9.204560
10.466457
10.735022
10.637769
9.705893
9.661440
9.927816
10.366524
8.554501
10.156940
10.855320
13.853591
15.667788
12.702110
10.425262
8.448069
9.389343
9.591315
11.158623
8.418663
12.040186
9.127859
8.281048
7.771111
12.269922
14.361582
9.942190
18.660282
7.851704
7.994198
11.056778
11.719677
10.887397
10.805212
9.492893
7.366129
13.557394
10.827386
14.621518
12.049422
7.840824
8.713856
9.759263
10.762918
7.949414
13.275887
12.823090
7.648513
7.229712
6.844104
7.318511
10.944038
7.144354
12.468976
7.994635
12.212811
10.313251
7.597088
9.194540
8.273251
9.523743
11.776003
6.644917
11.916340
7.798276
8.970818
9.240840
8.966759
7.404635
11.768030
7.715609
7.059395
10.029152
7.395409
10.307533
13.483212
8.734167
7.581507
7.311113
8.767683
7.017401
9.032421
12.605078
8.665526
10.694533
8.589880
6.852067
11.935740
9.945211
7.341147
9.607970
8.586877
7.023475
8.453373
10.780363
10.971786
14.161629
8.991053
7.380599
9.276419
12.031534
8.632052
8.297465
7.294847
5.849683
10.686934
9.028579
15.342592
10.750049
8.648441
6.929399
13.171595
6.827911
9.635327
6.677473
12.917114
5.881585
8.349030
6.877742
12.510263
13.512435
10.372933
6.796778
7.486900
7.072733
9.263048
6.956568
6.909676
7.665417
5.824991
8.393835
6.503148
7.045446
9.129355
6.906566
6.065086
9.362823
6.833149
9.944759
8.763907
18.476896
8.593806
8.377155
8.102308
6.512857
6.343590
6.833349
6.160968
6.459873
8.718976
12.149921
5.120423
8.876003
7.499311
7.286213
5.000684
6.150297
9.707518
9.537088
7.646196
7.721390
5.540653
11.394957
6.422118
6.261280
7.196469
6.257955
6.524013
12.731792
7.887466
5.843726
7.914213
9.118451
6.980643
5.411893
5.481741
8.098371
6.506094
7.550449
6.811071
9.081779
9.441128
5.743271
10.046650
5.431031
10.092793
5.233820
7.932728
5.507522
6.331150
7.796654
6.709449
11.755633
11.803861
7.950686
7.658059
6.822810
4.102119
6.782387
6.914327
7.945742
7.300729
6.039322
5.455343
6.033794
8.824365
8.164940
5.310455
5.130721
4.237963
5.878212
5.074360
5.118520
6.829051
8.568258
7.167842
7.360672
6.020480
6.065551
7.546640
6.363291
7.001966
5.903557
6.669217
5.683463
7.136806
5.642856
7.927682
7.206376
7.760578
5.042299
10.841873
5.342497
5.569288
6.880651
9.009087
5.525987
5.737270
4.488319
7.168027
6.739140
5.900862
5.727920
7.897415
6.528305
6.740011
5.072247
6.566741
4.968438
11.047712
5.431788
8.287893
6.436151
11.418315
4.212495
6.590758
6.070935
5.605910
7.008017
7.688193
6.395488
5.365726
4.201324
5.028165
5.899930
6.752872
11.687675
8.129216
7.431782
4.843571
5.449727
6.966616
9.693693
4.832021
4.760143
17.277563
7.197885
4.867738
8.649674
7.076575
6.422339
5.155089
5.560582
7.139631
4.010237
7.416764
6.755386
9.517162
4.887029
4.862827
6.072706
6.356972
8.405533
5.980881
5.696120
4.047183
6.036932
4.653552
8.284955
5.992459
5.171673
5.414516
5.165405
4.356206
7.544411
5.835753
4.772769
5.780519
4.975858
4.879658
8.428089
4.342655
5.588414
6.813662
4.643882
6.481578
4.347998
5.362888
3.963887
3.925708
4.496498
8.402371
6.366558
4.810117
5.833349
8.532301
6.653190
5.947703
7.180113
6.197978
5.865803
7.080640
5.750070
3.958159
6.290676
8.221071
4.832637
5.591149
5.602653
4.708741
5.958355
5.762856
6.055485
10.873120
5.063541
5.847251
8.612680
6.431023
4.721643
5.421213
6.023347
6.826117
5.685433
3.746772
5.436088
5.826498
5.380735
4.815510
7.762361
6.817646
4.409833
6.838742
7.973781
5.102764
6.232461
6.516040
5.779458
4.109656
5.144280
3.780290
4.101396
4.250221
8.791101
4.482625
3.753656
6.932384
3.804626
4.372673
6.888199
6.074306
5.325387
3.972114
8.318274
4.980008
4.685604
4.363648
5.051892
6.376509
6.281510
3.870719
4.252004
3.557957
5.094792
4.546704
3.289545
8.464974
6.173169
4.632688
4.469069
3.818169
5.907257
4.711141
4.750630
4.073195
3.505834
4.253345
7.359177
3.902727
6.859504
5.563236
6.457767
4.430228
3.835385
8.003732
5.570122
4.306823
8.427812
3.886071
5.191861
2.975142
4.463491
4.762347
5.554305
10.029455
4.659292
6.922090
4.504107
6.831166
4.476380
5.359897
3.549520
4.374034
5.410715
4.582840
6.118404
4.201974
3.700532
4.192819
5.998229
3.721583
4.938571
5.248710
3.876034
5.826624
4.412550
3.779283
5.787101
5.902977
5.222124
3.960216
4.769310
6.693184
4.192640
4.657158
7.479373
5.316061
3.967897
4.455049
3.928833
4.522794
5.421955
7.023674
4.717711
5.779484
4.087339
5.663332
3.663212
4.118865
3.138309
6.180872
4.452916
5.252229
5.090699
3.511583
4.993170
5.394966
4.140689
6.314245
7.193166
4.415102
4.829818
4.051313
5.664527
4.011729
5.027563
4.870841
4.085742
