2.523460
2.566643
3.223853
2.074948
1.465839
2.076739
4.430036
1.287418
2.527331
2.974862
3.664879
2.109297
1.437690
2.515499
2.039072
1.774535
2.125031
3.165204
2.024835
2.356688
3.510250
2.723220
2.061232
2.142977
2.185465
1.996951
3.560796
2.917779
2.380089
1.969695
2.062709
1.916661
1.804546
3.014062
2.476023
3.339963
2.474874
2.100644
1.508939
2.106474
2.578166
1.715631
1.843320
3.439233
2.362195
1.993279
1.631563
2.342157
2.089223
2.543375
1.937246
1.983418
2.223000
1.964748
2.131881
4.656590
2.083566
1.824513
1.414126
2.967651
1.563289
1.990631
2.068694
2.612548
2.684971
2.370404
1.802487
1.551718
2.282785
2.535516
2.202111
2.344806
1.776821
2.194676
2.472547
1.967976
1.981310
2.205664
1.453916
1.414596
1.840763
2.582728
1.572634
2.901891
1.414937
1.640686
2.111089
2.147214
1.402617
1.687344
2.187627
1.761848
2.365359
2.349252
1.634126
2.608616
2.834207
2.366025
3.307145
2.104169
1.762862
1.578611
1.735372
1.272473
2.268018
1.497779
1.826079
2.306107
3.010322
2.425550
2.049142
2.643083
1.263461
1.982493
