2.993400
4.883189
4.143466
4.907921
2.481138
3.081889
2.225120
3.348125
2.620105
3.598083
3.672056
3.389931
3.131675
4.478360
3.526462
3.214423
3.054752
4.714527
4.816583
3.174111
4.008669
3.353903
3.924796
3.669305
3.771478
3.842247
2.725703
3.080914
3.585669
3.042947
3.379040
4.864882
3.069416
3.383488
2.622733
2.707286
2.765948
3.465274
2.394746
3.422691
3.156472
3.630616
3.438772
2.307965
3.061475
3.639714
3.049778
2.844041
4.536047
3.033603
3.361433
2.871301
3.063375
3.194195
3.708151
3.033734
3.215432
2.860045
2.205583
2.524056
2.326937
2.345866
3.274881
3.264060
2.996686
2.940207
3.293886
2.871164
3.519163
3.176363
3.226712
4.389989
3.757236
4.139331
3.739268
3.542011
2.937239
2.881537
3.124127
3.650095
3.705871
3.470662
3.267297
2.874911
2.745219
2.227525
4.038255
2.200730
2.372096
3.155794
3.442244
3.479492
2.870822
4.048486
4.464062
2.875716
2.364693
2.602837
2.492303
3.146998
2.876007
3.049213
2.793846
4.785754
2.934608
3.714603
3.179921
2.475663
2.701603
2.859755
2.840613
2.652574
2.355395
3.422194
2.660091
3.520901
3.336632
2.654123
2.179517
3.939513
3.224078
2.233007
2.940509
2.398616
2.785300
2.450177
3.122758
2.864557
2.557025
4.211977
4.046769
3.523843
2.592092
2.615552
2.985294
3.409883
3.298451
4.181866
2.614268
2.958267
3.697370
3.698384
2.230037
2.763429
2.662490
3.572731
2.388706
