5.299303
7.361928
6.631448
5.101001
5.961814
5.636284
4.472849
3.974735
7.198072
7.908688
7.339906
4.147917
4.018387
6.861795
7.524312
6.239080
4.740038
4.094374
4.621125
5.662897
5.820973
8.393147
6.418528
4.737612
5.779913
6.003410
6.250230
5.320951
8.476747
9.034840
5.556335
4.726035
6.293180
4.232746
5.506007
5.741016
6.246845
4.388498
6.512578
4.242642
5.759030
6.044197
5.883464
4.724555
4.272873
5.731256
8.345663
3.767419
5.065786
6.102016
5.829937
5.336123
4.703038
8.026404
5.883702
4.299284
5.930583
5.163173
4.963394
5.592340
7.058403
4.134357
5.544976
5.444610
6.052058
5.055451
3.930873
3.971617
5.876441
5.868843
4.525241
7.060784
8.364384
5.137758
4.792261
6.682956
3.745570
5.412968
4.662035
4.419186
6.237589
6.488991
4.420357
5.456230
7.332464
5.232920
5.425369
5.726940
4.120723
4.377875
6.212494
5.284235
6.141433
5.945784
7.343812
5.458252
5.293830
4.605840
5.375307
3.690245
6.400889
6.371772
4.718934
5.600727
6.641263
5.417615
6.657795
4.483417
3.941517
4.668779
3.448361
4.848869
4.706222
3.793755
5.003666
3.974713
6.568152
6.395996
6.267250
6.439829
3.205186
6.745210
3.906919
6.667605
4.727151
5.890453
4.748850
3.894920
7.970400
5.446169
5.849878
5.149692
4.526948
6.144092
4.454021
5.104835
3.361175
6.597192
5.627262
4.122320
5.607400
5.198887
5.703341
5.231977
4.201672
3.641906
4.635711
5.331990
6.469598
4.025259
4.572042
4.673587
4.194458
4.142568
4.685557
4.731052
3.407195
4.667859
4.256639
6.211802
5.251375
4.851909
5.722050
7.594963
6.210133
4.047454
4.364222
5.296096
4.281900
3.865667
5.822277
5.008572
5.362808
5.266023
4.026236
3.775538
4.738401
7.140984
4.204484
3.564386
5.792368
5.295849
3.501248
5.649365
4.843953
5.563871
4.861588
4.388053
5.428282
5.684911
5.333417
4.779495
5.454046
5.001652
5.794318
3.154162
4.509607
