4.634432
3.544056
3.225706
3.358561
2.928525
3.231014
3.696730
3.295939
2.879747
5.282391
3.110295
2.255094
3.724043
4.311111
3.325802
4.195060
3.017747
3.156345
3.103083
3.390726
2.747453
3.016612
3.263269
3.661450
2.712550
5.258165
4.842471
2.675425
2.737628
3.091444
2.888154
2.436251
3.083364
5.121922
2.876893
2.940647
3.536371
2.888854
3.055018
2.422144
4.199645
2.754032
3.329015
3.613805
2.369357
3.469400
4.034017
3.788434
2.737900
3.894382
4.248186
3.423821
2.577390
7.399809
3.757927
3.053974
3.549894
2.913771
3.714472
1.985677
3.257334
4.993970
3.166352
2.812349
3.155351
3.443157
2.199841
2.989915
3.626372
3.188757
2.539620
4.326891
6.068594
2.564515
3.617687
3.833068
2.910196
3.447266
2.474424
2.947470
3.157557
3.617669
3.359653
2.971946
5.537881
4.601007
2.864894
2.508230
3.067227
3.104290
2.973317
3.257586
3.052447
3.007957
3.553182
2.884121
4.242657
2.907672
3.962347
2.941655
3.041345
4.534016
3.459051
4.019726
2.839530
2.477638
3.266016
6.168518
4.451737
2.252549
3.463381
3.503444
3.188620
4.560466
2.854313
1.997215
2.208833
3.272463
2.895319
2.968940
3.084351
2.664388
3.030382
5.319412
4.678123
1.716741
4.167856
3.632085
2.603535
2.858006
3.051383
2.933393
2.685456
3.199047
2.857758
3.257317
4.566859
3.468650
3.640600
2.813984
3.203172
2.578024
2.604556
3.680303
3.886214
4.107611
3.892895
2.867924
3.160063
3.435253
2.621303
2.889071
2.422324
3.536657
2.365722
2.023768
3.464715
1.983886
2.867742
7.689074
3.369384
2.094743
2.910209
2.872973
3.059644
2.334020
1.933652
1.991553
3.152908
3.589482
3.384227
3.255217
3.141622
2.523170
3.405293
4.016660
2.814238
3.698342
3.110426
3.056780
2.847450
3.475947
2.533828
3.688178
2.640910
2.602765
2.802356
2.709585
2.463027
3.156040
3.407515
2.403813
3.830704
3.024343
2.520339
3.381148
4.958113
2.280132
2.235822
2.943578
2.218076
2.587692
4.585714
2.987591
2.724100
2.263686
2.734901
