13.201269
9.758999
13.107957
11.973974
12.084383
11.065343
9.612101
11.088530
16.707254
12.352408
13.135419
8.948389
12.342159
8.468073
21.284470
11.974474
10.643234
17.798796
9.888536
12.198821
14.446083
12.475254
12.804048
8.269629
8.572611
13.076251
9.945547
15.158462
12.942356
7.454350
7.821993
7.778919
12.460545
11.416651
10.802426
11.752225
17.416435
15.556448
11.560982
9.087406
10.673079
9.908402
15.952920
12.609566
13.296173
7.745340
13.490053
11.602278
15.047159
10.827258
12.289722
9.957945
16.937592
8.550781
10.227574
8.931440
12.447927
9.219974
12.589774
7.142137
10.539256
9.919386
12.738625
8.117010
13.556290
11.633697
10.198027
11.992409
10.165178
10.421164
14.263571
10.392037
10.544247
10.311024
9.309488
10.548212
11.814148
8.492501
9.336704
15.718650
9.323634
8.089237
9.417569
7.875527
7.824909
8.557241
7.434061
8.551266
10.541041
13.675249
8.594255
9.434669
12.266230
9.274189
9.375134
9.645500
9.171775
11.476104
8.519368
16.914471
8.806820
12.464409
11.726294
9.325437
8.117909
14.257298
8.097865
9.260100
8.345405
13.011621
10.058040
11.675158
13.468697
6.242581
11.121291
11.967729
10.790626
10.316772
8.971461
7.342752
9.859997
10.633934
10.347045
10.371283
11.212838
7.635231
6.775888
7.530672
8.146273
7.834142
9.674344
8.455238
8.694715
10.606758
7.770144
7.031254
12.735532
6.982426
9.569443
7.343813
6.977963
8.697769
7.689833
10.145458
8.454143
8.506207
10.258646
15.723939
8.400255
8.946621
8.918005
5.805673
8.773025
10.838207
9.052443
10.374464
10.163499
8.477573
12.711319
9.490131
9.691996
11.874772
7.140018
9.986242
7.075204
7.489589
7.282905
8.946050
6.963551
9.508029
8.724857
10.235284
7.827465
13.660547
13.519312
10.094820
6.665003
7.006067
10.057096
9.930550
7.463008
10.186128
8.583428
13.168726
10.386233
13.629776
9.564829
12.168006
10.134214
6.412210
5.400740
9.049063
9.391423
8.902870
14.227680
7.729369
8.583820
7.053949
6.882410
8.635601
13.499424
7.759644
5.889621
7.820826
5.731593
7.130849
6.460259
8.446385
7.767804
12.091146
7.722461
9.117895
8.879543
9.268229
8.752532
11.748367
8.176424
10.470683
8.199821
8.821466
10.589764
11.734367
9.990748
8.255768
7.676874
6.103143
10.522240
10.264490
9.748184
5.803399
14.117969
11.275973
8.574604
9.021336
6.115002
9.721100
10.468986
9.365827
6.196219
5.575204
6.714065
6.141667
6.326363
6.556803
6.185427
7.912238
9.632034
7.892505
8.029887
8.459807
7.703942
7.750207
10.049267
6.586249
6.500937
8.041727
9.726354
8.278313
7.368530
5.930338
9.810598
6.479443
4.684452
5.546635
6.632908
7.319134
8.508638
10.197559
11.448994
8.499891
7.334874
8.338737
6.664959
8.747035
8.847110
10.774640
8.064318
9.083352
7.992561
5.805109
9.255490
9.623659
5.896668
10.745651
9.195941
10.043249
7.284626
6.068634
8.502021
7.828363
7.523195
8.951492
8.800076
8.766754
7.543800
7.632848
10.839016
11.107731
7.930562
7.043415
6.528444
6.912038
5.460728
6.814254
7.187790
5.062313
7.716671
9.637347
6.170762
5.264473
6.114750
6.550874
