4.913534
4.977026
7.990094
4.941623
5.536692
5.383742
5.199002
4.360335
5.525392
5.416346
3.477323
5.198781
5.434393
4.827864
5.830960
4.427454
4.396734
5.219234
3.701043
4.628460
5.639280
4.789388
3.896271
3.947308
3.571634
4.185443
5.854382
3.546707
5.361573
7.222449
3.728084
3.863724
4.759986
3.584098
4.622813
3.992355
4.237905
4.029990
3.825619
4.286518
3.991262
3.671169
4.117763
7.297170
5.990221
3.466026
5.592409
4.639657
3.701796
3.497633
3.087747
4.612737
3.435085
4.068327
4.119240
4.679724
3.835195
5.635488
4.837839
3.049393
5.445403
4.119827
3.575426
4.158950
4.136169
4.563191
3.794834
3.927692
4.632593
4.400981
3.533514
3.944870
4.938951
3.769772
3.946306
3.154741
4.506748
3.850690
4.164249
4.315407
4.384613
3.622892
3.665105
3.557544
5.845629
3.946838
5.714074
5.015471
5.329202
3.432954
3.401194
3.532223
3.340142
2.602900
3.733298
4.279243
4.406251
4.022310
3.173491
3.868119
3.880134
4.944758
4.424263
4.107564
4.160026
3.611743
4.764317
3.361053
3.750589
5.014242
3.544881
4.646470
4.179039
3.959074
3.069008
3.573028
4.387254
3.979594
3.796817
3.616108
3.948342
3.881063
