3.733275
1.231596
1.627749
3.074679
1.427090
1.268974
2.086755
2.209252
2.192115
1.556456
2.069474
2.082956
1.415006
2.194228
1.261329
1.544705
4.155314
1.585689
1.870608
1.385300
2.292589
1.337995
1.798920
2.091845
2.263273
1.949457
4.857721
1.905036
1.978466
1.628239
1.730114
2.965365
1.483757
2.872143
2.617813
1.100459
1.728134
1.322712
1.588224
1.046715
3.187484
2.351962
1.886080
2.053348
1.027600
1.682354
1.787581
3.110604
2.275339
1.762843
1.260317
4.074143
1.576838
2.055694
1.457533
2.644138
3.253513
3.018747
1.569343
1.981454
2.431361
2.198097
1.041010
4.619864
3.819897
1.961392
2.249065
1.093334
1.242844
1.690585
2.600769
1.241772
1.443621
1.998612
1.236616
1.937058
3.283470
1.601007
1.494171
1.602020
1.904845
2.969292
2.128189
1.512283
1.732430
3.486233
1.885871
1.237027
1.244938
2.122138
2.522461
1.368312
1.102835
2.621399
2.765186
2.159349
2.159600
2.154220
1.506926
1.962939
1.831058
1.229229
2.523712
1.550694
1.281319
1.870969
1.242498
1.478935
2.392516
3.470404
2.126333
1.422434
1.885274
1.691376
1.682461
1.168460
1.711590
1.911519
1.525273
2.383310
1.351429
1.199596
1.481387
2.785326
1.573718
2.117438
1.063434
1.594712
2.245474
2.088049
1.820587
1.589139
1.176722
2.327393
1.568736
2.186728
1.834482
2.168608
1.551003
1.578834
1.413429
1.059032
1.043784
2.184717
1.423625
2.051110
2.258396
2.562611
1.120453
2.054765
2.135032
1.598334
1.954434
2.611662
2.464307
1.450446
1.883748
2.342892
1.668284
1.272175
1.605709
1.499655
1.595167
2.526792
1.636303
1.525582
1.409694
1.847307
3.229536
2.102560
2.057642
4.069654
1.835717
2.419058
1.219403
2.441242
3.319269
1.527132
0.960833
1.526728
3.410995
1.370093
1.142313
1.818596
2.360345
2.085846
2.328072
1.887262
1.596500
2.021830
2.109241
1.249438
1.359292
1.986217
1.582117
2.034288
2.195067
1.921875
1.143491
2.027103
2.219350
3.159211
1.441656
1.606373
1.441438
1.978923
2.482717
0.979545
1.100929
1.401512
3.228112
2.871189
1.394453
1.579641
3.276871
1.056984
3.653435
2.199169
0.943040
1.837912
2.408678
1.906582
1.186665
1.561141
2.056725
2.054000
1.403689
1.180541
1.595857
1.239666
1.974098
2.876838
1.640336
1.604148
1.190543
1.634363
1.530691
1.821365
1.056204
1.756704
2.013365
1.695246
2.323162
1.956218
2.212666
1.441602
2.139304
2.603550
0.914321
1.125707
2.259439
2.943179
2.745142
2.128882
2.658067
2.497627
1.289458
1.659021
1.411012
1.776388
2.117958
2.757097
1.533120
1.449627
1.677791
1.875664
1.394747
1.270580
2.613861
1.856149
1.525151
1.383449
1.868398
1.117205
1.172465
1.597750
2.561958
1.651469
2.065332
1.854016
1.058882
1.159945
1.273098
1.496135
1.549290
3.223860
2.213779
2.539493
3.068191
2.212240
2.097862
1.098563
1.435604
1.190249
