2.105296
1.954774
1.396320
3.088408
1.880847
1.368810
2.137005
1.886769
2.025661
1.946285
1.367509
1.768501
1.623404
1.996389
2.857952
1.306788
1.476589
2.871742
1.204312
2.581098
1.651733
1.381874
1.232476
3.166880
3.958013
2.570980
1.185031
1.896936
1.071100
1.278803
1.036837
2.233391
1.228458
2.282421
1.811578
1.335552
1.733923
1.163613
2.272540
2.616120
0.937422
1.328490
2.038039
3.012454
2.161275
1.740648
1.464264
1.485134
2.316950
1.955587
1.980693
1.012578
1.992408
1.519356
1.738947
1.938214
1.260080
2.020570
1.981319
1.494470
0.978306
2.184764
1.349404
1.216942
1.297779
1.639195
1.106012
1.550646
2.807869
0.990257
1.371304
1.680820
1.675007
1.615432
1.784692
1.274057
1.752591
1.615570
1.966037
1.360214
2.806141
1.449822
1.062291
1.202562
2.233439
1.920796
2.115756
1.735510
2.303819
1.550669
1.564323
1.483074
2.319513
1.012378
1.809919
1.398035
1.400998
1.339698
0.989529
2.347492
2.032154
1.320748
3.697642
1.506715
2.328089
1.424641
1.789200
2.468826
1.866891
1.531783
1.008809
1.286225
1.275018
1.663821
1.725485
1.620608
1.618048
1.789802
1.673406
2.633776
2.092549
1.231806
1.873109
2.086492
1.986948
2.017283
1.984981
1.476341
1.572913
1.600198
1.776323
2.256796
2.020187
1.793335
1.951732
1.672615
1.722892
1.429430
2.083999
1.230834
1.923467
1.158850
1.257586
1.427934
1.809672
1.590351
1.463354
1.367553
1.389270
1.433161
1.301482
1.861340
1.389793
1.794412
1.200868
2.038121
1.119198
2.553807
1.163621
1.465456
1.548036
2.130096
1.640709
1.983196
2.065930
2.020509
2.362626
2.476587
1.490866
1.845465
1.360545
1.496358
2.098049
1.730415
1.042894
2.284507
1.311480
1.731869
1.807813
1.670777
1.259529
1.826344
1.609015
1.320099
1.255666
0.993429
2.366176
1.472043
2.009418
2.299377
2.044042
1.740104
1.731471
2.586868
1.751859
2.532747
1.538701
1.210613
