2.407318
1.943395
2.519437
3.397318
0.958412
2.076741
1.358553
2.752014
2.941135
3.325137
1.202554
3.262862
2.921853
2.025862
1.752244
2.137365
2.512558
1.115358
2.128084
2.675002
1.649633
1.936245
2.903077
3.472538
2.922315
3.029067
1.828181
3.826283
2.620231
2.567376
1.148578
2.007062
1.738309
2.549144
2.015617
2.676127
2.446414
2.707861
2.733527
2.789394
1.093222
1.909488
3.152165
1.886469
3.088513
1.462106
4.253484
1.857960
1.054927
2.310109
1.810878
1.558865
1.606205
2.615039
2.635876
1.756017
1.432328
3.172621
1.991062
1.475546
2.382138
3.121743
1.702146
2.680385
2.253328
1.448147
1.854151
3.175319
5.931653
1.438241
1.573322
1.841694
1.339726
3.191686
2.242838
2.246583
2.146769
1.808410
2.770908
1.730283
1.817262
2.509297
1.975195
2.635828
2.045207
4.081750
2.500274
3.786212
1.414201
2.144488
4.197126
3.439434
2.410652
2.714819
1.725809
3.233799
2.368390
2.680440
2.910143
2.834555
1.816018
1.201730
2.179692
2.707198
