1.575486
1.281217
2.080122
1.679326
1.354107
2.152291
1.698742
1.500347
1.998282
2.047273
2.004524
1.427845
1.593543
1.450597
1.109959
1.208701
1.636485
1.782305
1.401589
1.197134
1.266795
2.569818
1.924132
1.962246
1.499529
2.211415
0.900629
1.064665
1.221747
2.231231
1.434839
1.537169
1.341963
2.123952
1.153750
2.277582
1.238233
1.459333
2.103268
1.521058
1.940233
2.056679
1.731242
1.661091
1.993041
1.618708
1.404780
2.274643
1.829361
1.567123
1.338839
1.668201
1.859841
1.515326
1.439753
1.944469
1.485845
2.369935
1.520726
2.496370
1.370937
1.278649
2.363080
1.719989
1.744946
2.152815
1.213233
1.455718
2.430044
1.568398
1.887285
1.620461
1.372535
1.987767
1.217607
1.473697
1.761465
1.495389
1.936792
2.333644
2.425088
2.773004
1.412394
1.029845
1.004973
1.436548
2.182395
1.940780
2.255071
1.722511
1.499625
2.226249
1.229683
1.994474
1.416287
2.476037
1.379519
1.827527
1.590380
1.311072
1.150712
1.380460
1.808245
2.006534
1.323866
1.195669
3.637251
2.401503
1.195084
2.284645
2.119816
1.487967
3.259852
1.941129
1.896317
1.529584
1.111621
4.019866
1.258712
3.046631
2.063724
