4.730925
4.231513
4.248824
4.160549
3.871268
3.080932
3.637709
2.829226
4.081712
3.616149
3.304896
3.522581
3.274123
4.664989
4.828711
2.870247
3.466988
2.958397
3.011857
3.073725
7.100045
3.047278
4.249166
4.132911
2.805666
3.389155
3.608430
4.551058
3.589956
3.134935
2.697531
4.428598
4.310559
4.089618
6.120078
4.833741
4.107811
2.846786
2.654425
2.861675
3.653965
2.947715
3.520538
3.300823
2.735706
3.894646
3.501052
2.945786
3.037204
4.426919
3.294563
3.576787
3.512996
5.783764
3.586012
2.821562
3.062359
4.430622
2.924078
3.040297
3.071924
3.321839
3.063938
3.464468
4.822792
4.361454
3.287370
2.417574
4.363230
3.045090
2.559124
3.219737
3.644583
2.380613
3.180166
4.788503
3.548671
2.608722
3.659273
3.037625
5.002973
3.392335
3.489992
4.009683
4.922510
3.362518
2.743011
4.952085
4.224098
3.005290
3.833453
2.683550
4.208479
3.354915
3.830784
3.240310
2.784579
4.320998
2.886769
2.678196
3.783501
5.231600
