4.739783
3.877721
2.606255
5.168828
3.220629
3.694108
3.556373
4.589882
3.478835
4.453517
4.084579
3.459563
4.531732
4.059451
3.465655
4.003529
3.859876
5.861624
3.565201
3.439331
3.762336
4.117502
5.026167
4.728138
4.684297
3.712683
4.241259
3.621240
3.256229
4.413023
3.882676
4.568266
2.959380
3.879075
4.853644
2.903058
4.003418
4.017946
2.881768
5.625583
3.983685
3.123334
4.065595
3.387989
4.818933
3.096528
4.012472
4.845707
4.166007
2.855111
4.701342
3.104696
3.837920
3.030330
2.705320
4.996842
4.999375
3.811880
3.054293
3.307993
4.047997
4.595506
3.637763
4.107710
3.750144
5.129790
3.822877
4.624334
3.996142
3.030394
5.734800
3.235729
3.756008
2.953528
3.612930
3.510995
3.098242
3.251929
3.504852
3.164888
4.385607
4.161446
4.493469
3.508594
3.494720
3.212591
4.053655
3.195261
4.278148
3.325190
3.345578
3.418531
4.112173
3.835637
3.597767
3.225396
4.566396
3.610453
2.702757
3.025337
4.179330
4.594556
3.579229
4.538879
4.107676
3.644682
3.670697
3.657481
4.365424
2.909229
3.636958
3.008155
5.393609
3.529778
4.072864
2.738103
2.876721
3.860925
3.221632
3.995077
4.653451
4.253137
2.533563
2.726169
3.425136
3.520146
3.279133
3.679558
