3.193043
3.663018
3.765682
4.947525
2.993054
3.448795
3.236340
4.786417
3.693992
4.311245
3.351398
2.999892
3.599406
4.089452
4.119618
4.105355
3.184934
3.459017
4.232527
3.513768
3.633034
2.444140
3.093128
3.460832
3.727811
2.465945
3.078900
2.777842
2.851603
4.170320
3.020655
3.002067
2.705712
3.161809
2.843347
2.915607
3.278721
3.108366
3.427048
3.518697
3.187610
2.883464
2.966170
3.899306
3.478809
3.640419
3.221654
3.209278
2.376591
2.638681
2.594275
3.142244
3.271593
2.824781
3.348649
2.258561
2.690457
3.433374
3.526161
3.275964
2.836589
3.367526
2.841471
3.671548
2.998521
3.136807
3.209911
3.947018
2.531897
3.115290
2.850546
2.500856
3.256514
2.571217
3.878649
3.408370
3.345679
3.961593
3.442934
2.884161
2.671529
3.612241
4.201478
3.278705
2.928610
3.570040
2.522220
3.405811
2.447205
3.036977
3.271142
2.812105
2.210120
3.399571
2.948730
3.300974
2.652794
3.233479
3.339992
2.307570
2.730348
3.095943
3.523952
3.926611
3.161249
3.921566
2.986739
3.017600
3.088621
2.553031
4.972722
4.093098
2.803513
3.359218
2.048998
3.478021
2.651387
3.051939
2.934967
3.851076
2.832001
3.641555
2.614582
3.341078
3.075597
2.504802
3.897461
2.617764
3.738904
3.252905
3.116637
2.875231
2.386183
4.328730
2.950021
3.248201
3.411668
3.732293
2.278081
2.309359
3.316586
3.085130
2.207106
2.099915
3.155515
3.545054
3.538893
3.816964
3.278779
3.036268
2.952363
2.944341
2.195515
3.661664
4.717559
2.659224
2.655659
2.331727
2.515413
3.357575
2.343530
3.265105
3.111975
3.294966
2.194434
3.367645
2.253847
2.544827
3.486323
3.150506
2.885710
4.814436
3.568743
2.864900
2.311701
2.496002
3.239621
3.685264
3.194708
3.408516
3.393685
4.011884
2.556820
3.098562
4.456504
3.412584
2.608222
3.701897
