2.410512
2.230099
2.446886
2.748858
3.367031
3.850487
2.879393
2.374627
2.935211
2.527929
2.321754
3.340608
2.149591
2.701598
3.123575
2.553963
2.799836
1.800263
4.423170
2.496656
3.576416
1.921008
2.910185
2.762191
1.989683
2.375142
3.152949
2.846814
1.923393
2.566017
2.643965
1.782109
2.625464
2.856413
2.495675
2.972740
2.596337
2.035868
2.195462
2.848178
2.106956
2.665100
3.126463
2.030550
2.594052
2.644572
2.170540
2.580064
2.762642
1.878056
3.113352
2.278841
1.838854
1.776429
2.044866
2.536932
2.131727
1.774429
2.639574
1.987674
3.396202
2.938668
2.548588
2.439641
2.393846
2.455702
2.967997
1.842153
2.284189
2.852582
2.309948
3.158283
2.665110
3.080405
2.422881
3.514499
2.538010
3.111823
1.973924
3.119440
1.886394
2.555486
2.261912
2.915083
3.346290
2.582793
1.920386
2.706944
2.032571
2.496060
1.770710
1.931791
3.315124
2.771694
2.389691
2.779829
2.711818
2.683319
2.820956
2.722206
3.152035
2.592225
2.274267
3.537357
1.709176
2.339423
3.088019
2.323656
3.083231
1.986280
2.894935
2.152057
2.429589
3.178287
2.114531
2.154353
2.188905
2.233567
2.574002
2.085580
1.990838
2.083854
2.438933
2.533537
1.824550
2.183962
1.693442
1.850334
1.579407
2.537408
2.564688
2.361449
2.858269
2.289222
2.634171
1.997986
1.974890
2.853326
1.959598
2.719087
2.406286
2.969474
2.068807
2.219253
2.073371
2.623236
2.239895
1.840591
2.372092
2.568797
2.484460
2.375400
1.944025
1.788194
2.755371
2.120483
1.785856
2.087965
2.934285
2.477185
2.070113
2.666417
1.932505
1.944593
2.582995
1.957930
2.746097
2.252146
2.056658
2.505985
1.711769
1.793947
2.588672
5.567944
2.282063
2.176149
2.647246
2.195284
2.189227
1.617553
1.769555
2.624581
2.438068
2.391644
2.641250
2.469354
2.128933
3.111006
3.029978
2.075963
2.455112
2.009591
1.891283
2.759040
2.211416
2.927709
1.973576
3.443828
2.096213
2.313787
2.538461
2.357627
1.652354
2.691531
1.999431
2.449328
2.100843
1.850991
2.124183
3.001319
2.272976
2.414159
1.953715
1.990263
2.648852
2.367177
1.501800
2.698910
1.776494
2.255941
2.735134
2.625367
2.944837
2.723611
2.260405
2.050848
2.362494
2.297254
1.736147
2.446383
2.696709
1.989351
2.970025
1.754673
2.259284
2.015787
1.888759
2.108361
2.587286
