2.198279
2.382891
3.326352
3.163597
2.524435
2.036352
2.264091
2.693963
3.133479
2.527412
2.839319
2.308505
1.980801
2.657594
1.944901
3.226489
2.825490
2.244268
3.829037
2.365746
3.052778
1.882527
2.402566
2.262196
3.023844
3.406081
2.633717
2.613910
2.229423
2.734642
2.574923
2.639258
2.519691
2.758040
2.032953
2.453959
3.215966
2.218571
2.597051
2.023512
2.663136
2.800020
2.893505
3.120302
2.571702
1.692641
3.197044
2.459526
2.353407
2.564879
1.875342
2.787667
3.678396
3.461458
2.372272
2.195239
3.100842
2.592217
2.336692
2.234828
2.330174
1.681587
1.829081
2.308194
2.948629
3.087654
1.841699
2.855638
2.769148
2.995450
2.765338
3.090088
2.585384
2.005495
2.662609
2.559768
2.299284
2.363101
2.452780
2.607862
2.837212
1.953040
1.976150
2.392868
2.757681
2.688959
3.174331
2.200613
2.301887
2.955772
2.002900
2.229486
1.963226
3.480126
2.745646
2.070281
2.933249
2.878081
2.256100
2.332537
2.908997
2.191683
2.655165
3.128326
3.055762
3.073896
1.999180
2.234507
2.513947
2.366103
1.758575
2.630436
1.747157
2.720476
1.686771
1.924247
2.462195
2.340271
2.421629
2.628956
2.389772
2.244792
2.250018
3.053811
3.592622
2.442401
2.384967
2.270604
3.096996
2.117908
2.249934
2.832453
1.950022
1.968920
1.852598
2.574948
2.227840
2.840878
3.289790
2.157979
2.883302
3.452835
2.622307
1.906691
1.950357
1.870493
2.432431
2.841373
1.854860
2.247491
2.512877
2.080197
2.498725
1.781612
2.818004
1.636506
1.847102
1.925756
1.947744
2.711951
2.571268
2.127466
1.960008
2.406317
2.090282
2.543745
2.105682
2.110995
1.781996
2.353539
2.294536
2.330569
2.218609
2.363820
2.369906
2.636724
2.102187
2.292838
1.643661
1.852050
1.521409
2.436331
2.002300
2.618579
2.125936
2.858105
2.407278
2.883650
1.986431
2.631187
2.194971
1.725108
2.191055
2.204554
2.307117
2.416730
2.391410
2.394650
3.257877
2.183593
2.447055
2.432246
1.637506
2.275858
1.829238
2.521541
2.604987
1.902748
2.092179
1.803190
2.626756
2.673442
2.161951
2.244521
2.078958
2.250079
2.078256
2.226612
2.631515
2.579932
3.413138
2.295491
2.131666
1.881897
2.202194
1.698535
2.184953
2.500403
1.705888
2.640746
2.722839
2.238439
1.958530
2.007861
2.217548
2.274485
3.179133
2.201089
1.850232
2.989173
2.928791
2.751485
2.419898
2.979809
2.020706
2.036815
3.010417
2.542527
2.251774
2.586481
2.472838
2.399370
1.981309
3.086181
1.882519
2.531752
2.129492
2.598137
1.926943
2.359760
2.432100
2.582707
3.154905
1.587100
2.117149
2.085186
2.922818
2.120727
2.304049
1.987613
2.396520
1.873058
2.343047
2.328524
2.372952
1.981843
2.966034
3.029510
2.330555
2.060084
2.575384
1.965367
2.058842
2.930149
2.329868
2.608848
2.084441
2.562908
2.121096
2.563210
2.352250
2.404143
2.610991
2.612002
2.009626
2.564403
2.419665
1.875728
2.464976
2.246350
2.362704
2.205229
2.277075
2.797138
2.239918
2.816778
1.948285
2.398240
1.920338
2.631023
2.184456
2.588890
2.291337
2.429331
2.672889
1.703953
1.544241
2.616559
2.309597
2.151971
2.218735
2.148671
2.085684
1.872572
1.960068
1.961738
2.803532
1.698212
2.132035
2.083834
1.861067
2.242343
2.683303
2.662761
1.715186
2.040060
1.997279
2.023207
2.517624
2.593179
2.163740
1.925395
1.675632
2.134459
2.494341
3.020615
2.404294
2.058966
1.997404
3.070899
1.383806
2.418017
2.135627
2.340966
2.525151
2.670495
2.056166
2.144435
2.055495
2.716829
2.400415
1.629704
2.075475
2.330454
2.141160
2.226477
1.814411
2.044850
2.460995
2.044827
2.274600
1.848278
1.605350
1.977090
2.065298
1.879393
1.936631
1.745496
2.075959
2.127983
2.368705
2.173886
2.345929
1.689597
1.851760
1.664699
2.103342
1.725069
1.995175
1.338477
2.699148
2.669868
2.089948
2.255757
2.014333
2.356345
1.667780
1.752496
1.824450
2.216322
2.813328
2.262428
2.317560
2.560910
2.283558
2.082457
2.115978
2.739550
3.063084
1.884089
3.008504
2.329157
3.246856
2.097285
2.041199
2.188971
1.873297
2.174392
2.197681
1.902967
2.315031
1.771065
2.398294
2.364429
2.528764
1.990869
2.375572
1.965012
2.254215
1.938357
1.711198
1.941668
1.933114
1.777225
1.914845
2.248800
1.881739
2.462871
2.606239
2.073965
2.668821
1.555741
1.864374
2.348725
1.569593
2.023723
2.432820
2.125570
2.429543
2.318647
2.026491
3.087787
2.099982
1.514350
2.422036
2.378139
2.097349
2.806628
1.771761
2.172979
2.449167
1.813570
2.049899
1.984640
2.497866
2.342550
1.596153
2.772567
2.049871
2.103472
2.473349
