1 2 0.764955
1 3 0.671643
1 5 0.687582
1 8 0.694393
1 12 0.662376
1 16 0.674662
1 17 0.653016
1 19 0.825623
2 1 0.764955
2 8 0.688222
2 19 0.888539
3 1 0.671643
3 8 0.631709
4 17 0.500000
5 1 0.687582
5 8 0.633072
8 1 0.694393
8 2 0.688222
8 3 0.631709
8 5 0.633072
8 12 0.620884
8 13 0.641741
8 14 0.774483
8 15 0.500000
8 16 0.634167
8 17 0.615996
8 19 0.746513
10 19 0.871155
12 1 0.662376
12 8 0.620884
13 8 0.641741
14 8 0.774483
15 8 0.500000
16 1 0.674662
16 8 0.634167
17 1 0.653016
17 4 0.500000
17 8 0.615996
17 19 0.745561
18 19 0.655699
19 1 0.825623
19 2 0.888539
19 8 0.746513
19 10 0.871155
19 17 0.745561
19 18 0.655699
1 1 0.738698
1 4 0.500000
1 6 0.780915
1 7 0.500661
1 9 0.518402
1 10 0.741133
1 11 0.543523
1 13 0.647083
1 14 0.785141
1 15 0.500000
1 18 0.641932
2 2 0.828914
2 3 0.703211
2 4 0.500000
2 5 0.734308
2 6 0.770894
2 7 0.500558
2 9 0.519344
2 10 0.800805
2 11 0.546975
2 12 0.698868
2 13 0.657293
2 14 0.823253
2 15 0.500000
2 16 0.706847
2 17 0.686967
2 18 0.639242
3 2 0.703211
3 3 0.651971
3 4 0.500000
3 5 0.654007
3 6 0.692913
3 7 0.500641
3 9 0.512868
3 10 0.684386
3 11 0.546394
3 12 0.634652
3 13 0.608176
3 14 0.717930
3 15 0.500000
3 16 0.643815
3 17 0.624493
3 18 0.562040
3 19 0.766268
4 1 0.500000
4 2 0.500000
4 3 0.500000
4 4 0.500000
4 5 0.500000
4 6 0.500000
4 7 0.500000
4 8 0.500000
4 9 0.500000
4 10 0.500000
4 11 0.500000
4 12 0.500000
4 13 0.500000
4 14 0.500000
4 15 0.500000
4 16 0.500000
4 18 0.500000
4 19 0.500000
5 2 0.734308
5 3 0.654007
5 4 0.500000
5 5 0.669523
5 6 0.698173
5 7 0.500548
5 9 0.515506
5 10 0.710001
5 11 0.542262
5 12 0.643674
5 13 0.608523
5 14 0.726040
5 15 0.500000
5 16 0.650080
5 17 0.632446
5 18 0.604413
5 19 0.795886
6 1 0.780915
6 2 0.770894
6 3 0.692913
6 4 0.500000
6 5 0.698173
6 6 0.999471
6 7 0.499882
6 8 0.730419
6 9 0.479267
6 10 0.672936
6 11 0.508684
6 12 0.661587
6 13 0.637182
6 14 0.504730
6 15 0.500000
6 16 0.723566
6 17 0.649604
6 18 0.690723
6 19 0.794342
7 1 0.500661
7 2 0.500558
7 3 0.500641
7 4 0.500000
7 5 0.500548
7 6 0.499882
7 7 0.500009
7 8 0.500607
7 9 0.500128
7 10 0.500609
7 11 0.500244
7 12 0.500516
7 13 0.500389
7 14 0.500774
7 15 0.500000
7 16 0.500579
7 17 0.500476
7 18 0.499940
7 19 0.500888
8 4 0.500000
8 6 0.730419
8 7 0.500607
8 8 0.684266
8 9 0.515778
8 10 0.681351
8 11 0.543578
8 18 0.621033
9 1 0.518402
9 2 0.519344
9 3 0.512868
9 4 0.500000
9 5 0.515506
9 6 0.479267
9 7 0.500128
9 8 0.515778
9 9 0.511273
9 10 0.518742
9 11 0.508727
9 12 0.512746
9 13 0.511078
9 14 0.548997
9 15 0.500000
9 16 0.507519
9 17 0.509443
9 18 0.564248
9 19 0.526377
10 1 0.741133
10 2 0.800805
10 3 0.684386
10 4 0.500000
10 5 0.710001
10 6 0.672936
10 7 0.500609
10 8 0.681351
10 9 0.518742
10 10 0.792343
10 11 0.547212
10 12 0.682571
10 13 0.660274
10 14 0.875219
10 15 0.500000
10 16 0.689599
10 17 0.672717
10 18 0.607526
11 1 0.543523
11 2 0.546975
11 3 0.546394
11 4 0.500000
11 5 0.542262
11 6 0.508684
11 7 0.500244
11 8 0.543578
11 9 0.508727
11 10 0.547212
11 11 0.586726
11 12 0.540927
11 13 0.543903
11 14 0.637610
11 15 0.500000
11 16 0.537174
11 17 0.532298
11 18 0.522480
11 19 0.572703
12 2 0.698868
12 3 0.634652
12 4 0.500000
12 5 0.643674
12 6 0.661587
12 7 0.500516
12 9 0.512746
12 10 0.682571
12 11 0.540927
12 12 0.624866
12 13 0.599712
12 14 0.726177
12 15 0.500000
12 16 0.631664
12 17 0.615646
12 18 0.557222
12 19 0.759350
13 1 0.647083
13 2 0.657293
13 3 0.608176
13 4 0.500000
13 5 0.608523
13 6 0.637182
13 7 0.500389
13 9 0.511078
13 10 0.660274
13 11 0.543903
13 12 0.599712
13 13 0.627960
13 14 0.768437
13 15 0.500000
13 16 0.608634
13 17 0.597166
13 18 0.576534
13 19 0.717209
14 1 0.785141
14 2 0.823253
14 3 0.717930
14 4 0.500000
14 5 0.726040
14 6 0.504730
14 7 0.500774
14 9 0.548997
14 10 0.875219
14 11 0.637610
14 12 0.726177
14 13 0.768437
14 14 0.998295
14 15 0.500000
14 16 0.718196
14 17 0.711897
14 18 0.717950
14 19 0.919769
15 1 0.500000
15 2 0.500000
15 3 0.500000
15 4 0.500000
15 5 0.500000
15 6 0.500000
15 7 0.500000
15 9 0.500000
15 10 0.500000
15 11 0.500000
15 12 0.500000
15 13 0.500000
15 14 0.500000
15 15 0.500000
15 16 0.500000
15 17 0.500000
15 18 0.500000
15 19 0.500000
16 2 0.706847
16 3 0.643815
16 4 0.500000
16 5 0.650080
16 6 0.723566
16 7 0.500579
16 9 0.507519
16 10 0.689599
16 11 0.537174
16 12 0.631664
16 13 0.608634
16 14 0.718196
16 15 0.500000
16 16 0.645789
16 17 0.624903
16 18 0.520871
16 19 0.768917
17 2 0.686967
17 3 0.624493
17 5 0.632446
17 6 0.649604
17 7 0.500476
17 9 0.509443
17 10 0.672717
17 11 0.532298
17 12 0.615646
17 13 0.597166
17 14 0.711897
17 15 0.500000
17 16 0.624903
17 17 0.610944
17 18 0.536389
18 1 0.641932
18 2 0.639242
18 3 0.562040
18 4 0.500000
18 5 0.604413
18 6 0.690723
18 7 0.499940
18 8 0.621033
18 9 0.564248
18 10 0.607526
18 11 0.522480
18 12 0.557222
18 13 0.576534
18 14 0.717950
18 15 0.500000
18 16 0.520871
18 17 0.536389
18 18 0.986117
19 3 0.766268
19 4 0.500000
19 5 0.795886
19 6 0.794342
19 7 0.500888
19 9 0.526377
19 11 0.572703
19 12 0.759350
19 13 0.717209
19 14 0.919769
19 15 0.500000
19 16 0.768917
19 19 0.943036
