1 2 0.935631
1 3 0.917243
1 5 0.885288
1 8 0.969941
1 12 0.881630
1 16 0.852397
1 17 0.941479
1 19 0.964824
2 1 0.935631
2 8 0.912379
2 19 0.922193
3 1 0.917243
3 8 0.902455
4 17 0.500000
5 1 0.885288
5 8 0.863992
8 1 0.969941
8 2 0.912379
8 3 0.902455
8 5 0.863992
8 12 0.860780
8 13 0.830900
8 14 0.914859
8 15 0.796403
8 16 0.809938
8 17 0.923134
8 19 0.949875
10 19 0.500000
12 1 0.881630
12 8 0.860780
13 8 0.830900
14 8 0.914859
15 8 0.796403
16 1 0.852397
16 8 0.809938
17 1 0.941479
17 4 0.500000
17 8 0.923134
17 19 0.924383
18 19 0.811498
19 1 0.964824
19 2 0.922193
19 8 0.949875
19 10 0.500000
19 17 0.924383
19 18 0.811498
1 1 0.979944
1 4 0.500000
1 6 0.998986
1 7 0.504815
1 9 0.611624
1 10 0.500000
1 11 0.715212
1 13 0.839860
1 14 0.923701
1 15 0.803867
1 18 0.862562
2 2 0.887410
2 3 0.846806
2 4 0.500000
2 5 0.818075
2 6 0.983163
2 7 0.503332
2 9 0.584977
2 10 0.500000
2 11 0.656579
2 12 0.811344
2 13 0.770630
2 14 0.876073
2 15 0.728117
2 16 0.772007
2 17 0.886165
2 18 0.765238
3 2 0.846806
3 3 0.833618
3 4 0.500000
3 5 0.792330
3 6 0.977247
3 7 0.502683
3 9 0.575742
3 10 0.500000
3 11 0.654588
3 12 0.787583
3 13 0.755522
3 14 0.857781
3 15 0.716640
3 16 0.736173
3 17 0.855565
3 18 0.745983
3 19 0.891823
4 1 0.500000
4 2 0.500000
4 3 0.500000
4 4 0.500000
4 5 0.500000
4 6 0.500000
4 7 0.500000
4 8 0.500000
4 9 0.500000
4 10 0.500000
4 11 0.500000
4 12 0.500000
4 13 0.500000
4 14 0.500000
4 15 0.500000
4 16 0.500000
4 18 0.500000
4 19 0.500000
5 2 0.818075
5 3 0.792330
5 4 0.500000
5 5 0.766897
5 6 0.965190
5 7 0.502430
5 9 0.570017
5 10 0.500000
5 11 0.616930
5 12 0.754038
5 13 0.724325
5 14 0.819386
5 15 0.684104
5 16 0.710187
5 17 0.825339
5 18 0.698686
5 19 0.864118
6 1 0.998986
6 2 0.983163
6 3 0.977247
6 4 0.500000
6 5 0.965190
6 6 1.000000
6 7 0.507899
6 8 0.997449
6 9 0.662846
6 10 0.500000
6 11 0.856877
6 12 0.958114
6 13 0.915744
6 14 0.961264
6 15 0.904941
6 16 0.962385
6 17 0.989232
6 18 0.962715
6 19 0.995165
7 1 0.504815
7 2 0.503332
7 3 0.502683
7 4 0.500000
7 5 0.502430
7 6 0.507899
7 7 0.500052
7 8 0.504496
7 9 0.501006
7 10 0.500000
7 11 0.501002
7 12 0.502395
7 13 0.502103
7 14 0.504197
7 15 0.502000
7 16 0.502150
7 17 0.503491
7 18 0.502530
7 19 0.504139
8 4 0.500000
8 6 0.997449
8 7 0.504496
8 8 0.963488
8 9 0.606237
8 10 0.500000
8 11 0.696819
8 18 0.844301
9 1 0.611624
9 2 0.584977
9 3 0.575742
9 4 0.500000
9 5 0.570017
9 6 0.662846
9 7 0.501006
9 8 0.606237
9 9 0.537737
9 10 0.500000
9 11 0.515520
9 12 0.562078
9 13 0.561530
9 14 0.623411
9 15 0.548209
9 16 0.550542
9 17 0.588409
9 18 0.528632
9 19 0.603873
10 1 0.500000
10 2 0.500000
10 3 0.500000
10 4 0.500000
10 5 0.500000
10 6 0.500000
10 7 0.500000
10 8 0.500000
10 9 0.500000
10 10 0.500000
10 11 0.500000
10 12 0.500000
10 13 0.500000
10 14 0.500000
10 15 0.500000
10 16 0.500000
10 17 0.500000
10 18 0.500000
11 1 0.715212
11 2 0.656579
11 3 0.654588
11 4 0.500000
11 5 0.616930
11 6 0.856877
11 7 0.501002
11 8 0.696819
11 9 0.515520
11 10 0.500000
11 11 0.637088
11 12 0.622957
11 13 0.590606
11 14 0.705882
11 15 0.586750
11 16 0.597802
11 17 0.665317
11 18 0.617679
11 19 0.689593
12 2 0.811344
12 3 0.787583
12 4 0.500000
12 5 0.754038
12 6 0.958114
12 7 0.502395
12 9 0.562078
12 10 0.500000
12 11 0.622957
12 12 0.749426
12 13 0.717104
12 14 0.801831
12 15 0.680348
12 16 0.706396
12 17 0.817428
12 18 0.711982
12 19 0.856521
13 1 0.839860
13 2 0.770630
13 3 0.755522
13 4 0.500000
13 5 0.724325
13 6 0.915744
13 7 0.502103
13 9 0.561530
13 10 0.500000
13 11 0.590606
13 12 0.717104
13 13 0.701866
13 14 0.782226
13 15 0.664505
13 16 0.660409
13 17 0.779686
13 18 0.672023
13 19 0.817573
14 1 0.923701
14 2 0.876073
14 3 0.857781
14 4 0.500000
14 5 0.819386
14 6 0.961264
14 7 0.504197
14 9 0.623411
14 10 0.500000
14 11 0.705882
14 12 0.801831
14 13 0.782226
14 14 0.989347
14 15 0.753299
14 16 0.737741
14 17 0.886926
14 18 0.633494
14 19 0.917765
15 1 0.803867
15 2 0.728117
15 3 0.716640
15 4 0.500000
15 5 0.684104
15 6 0.904941
15 7 0.502000
15 9 0.548209
15 10 0.500000
15 11 0.586750
15 12 0.680348
15 13 0.664505
15 14 0.753299
15 15 0.644542
15 16 0.637776
15 17 0.738873
15 18 0.669873
15 19 0.773947
16 2 0.772007
16 3 0.736173
16 4 0.500000
16 5 0.710187
16 6 0.962385
16 7 0.502150
16 9 0.550542
16 10 0.500000
16 11 0.597802
16 12 0.706396
16 13 0.660409
16 14 0.737741
16 15 0.637776
16 16 0.707883
16 17 0.775136
16 18 0.688299
16 19 0.815364
17 2 0.886165
17 3 0.855565
17 5 0.825339
17 6 0.989232
17 7 0.503491
17 9 0.588409
17 10 0.500000
17 11 0.665317
17 12 0.817428
17 13 0.779686
17 14 0.886926
17 15 0.738873
17 16 0.775136
17 17 0.890368
17 18 0.770857
18 1 0.862562
18 2 0.765238
18 3 0.745983
18 4 0.500000
18 5 0.698686
18 6 0.962715
18 7 0.502530
18 8 0.844301
18 9 0.528632
18 10 0.500000
18 11 0.617679
18 12 0.711982
18 13 0.672023
18 14 0.633494
18 15 0.669873
18 16 0.688299
18 17 0.770857
18 18 0.820535
19 3 0.891823
19 4 0.500000
19 5 0.864118
19 6 0.995165
19 7 0.504139
19 9 0.603873
19 11 0.689593
19 12 0.856521
19 13 0.817573
19 14 0.917765
19 15 0.773947
19 16 0.815364
19 19 0.952648
