4.688392
3.521767
3.280074
2.320158
3.614847
3.819404
3.908815
2.777342
4.324079
4.332482
4.391479
2.914826
2.532519
4.668210
3.277936
2.886281
3.803865
2.789290
4.978467
2.090764
2.670820
3.402545
2.508241
3.101785
2.404828
2.931230
3.495006
2.873680
3.921985
2.465079
2.727542
3.806797
3.661402
2.656497
3.328759
3.930403
3.188090
3.030608
1.880075
3.535488
2.422931
4.146086
3.162587
4.796694
3.892086
2.336024
2.051851
2.782937
3.649772
3.142262
3.561944
2.460731
4.667347
2.935225
2.747715
3.454117
2.185328
2.933098
2.149201
3.530293
3.158045
3.497082
2.915359
1.910569
2.662439
2.882747
2.286609
2.599150
2.666765
3.682817
2.038755
2.695758
2.015792
4.318373
2.947580
2.672525
2.532996
3.275299
2.212728
3.445063
2.656001
2.804673
3.679218
5.045779
2.873750
2.956971
2.311736
2.752661
2.231348
2.869560
3.236308
2.760152
2.758157
2.856335
4.004634
3.284193
2.536882
2.227760
3.897130
2.856335
2.312743
2.724979
2.713910
2.906497
4.546680
3.472951
1.869600
3.159760
3.463537
3.073206
2.565710
2.404332
3.309033
2.137702
2.855709
2.423417
2.475471
2.035188
2.884625
1.496409
3.204429
3.778812
3.011741
3.311730
2.516767
2.042160
2.659946
1.717643
2.307014
2.792861
3.266061
1.857005
3.058682
3.184154
3.063770
2.986090
2.868068
2.156255
2.118168
2.558653
3.141862
3.282965
3.466267
3.856795
3.494627
3.243663
3.395419
3.442391
3.217349
2.598576
3.070631
2.189077
2.004768
2.586127
2.127391
3.563018
2.244262
2.328543
3.076751
2.105659
2.207005
2.500850
2.308994
3.412466
2.228315
2.232042
2.935712
2.288475
2.157676
2.380853
2.637942
3.794244
2.017105
2.156302
2.400681
2.781066
1.982929
1.975997
3.107832
3.260928
2.999537
3.303641
2.294850
2.279654
3.090546
2.654405
1.958347
2.799556
2.516227
2.158146
2.813621
2.184931
1.827895
3.229421
3.708574
2.352833
2.003559
1.823087
2.439692
1.952462
2.988976
2.530875
1.793296
2.932084
3.119945
2.339009
2.292431
1.968558
2.635892
2.863477
2.088544
3.073793
2.114928
2.889399
2.050026
2.441389
2.173743
2.250192
1.939449
2.409746
2.718207
2.587429
1.988437
2.564102
2.369566
2.321810
2.518994
2.854671
2.867640
2.896895
2.148037
2.110398
3.135450
2.650381
2.742843
2.497241
2.147202
3.071560
1.708900
2.749731
2.912991
1.859708
2.890177
2.024587
2.621753
2.772012
1.797316
2.876220
3.085824
2.019804
3.292622
2.312622
1.966668
3.258397
2.448596
2.350249
2.172110
2.898407
2.403219
2.060644
3.151982
3.011570
1.905809
3.279485
4.207720
3.293145
1.725894
2.796694
2.193080
1.928262
3.056971
2.595954
2.079030
1.604854
2.053607
3.068285
3.065566
2.156585
1.985608
1.513429
2.419197
3.077646
2.428599
2.952918
2.710066
1.931390
2.962451
2.221602
2.015616
1.755216
2.424619
2.492666
2.459474
1.478686
2.577821
2.329945
1.754626
3.178581
1.870740
2.821634
2.340054
2.112864
2.238789
2.948848
2.323338
1.935373
2.632779
2.116932
3.053709
1.735095
3.138978
1.941505
2.714909
2.236722
2.782711
2.254280
1.805054
2.575648
2.383386
2.872858
2.647912
2.995233
2.952994
1.793354
2.118877
2.564334
2.555713
2.735162
1.763270
2.759949
1.943397
1.922823
1.584396
3.980094
2.791817
2.151951
3.021176
2.662876
2.088859
2.031027
2.156003
2.048274
3.746756
3.015878
2.726885
2.473907
2.400584
3.204705
1.907760
2.549344
2.076493
2.105941
1.934605
2.451425
1.718413
2.345195
2.466842
2.240220
1.868481
1.959279
2.455899
2.732320
1.196349
2.806656
2.222944
2.871092
1.979473
2.070236
1.974426
4.231192
1.921862
4.592298
2.271158
1.964820
2.354585
2.236005
2.357515
2.509175
2.215029
2.758134
1.967211
1.837278
2.482359
3.030110
1.973538
2.133299
1.725586
2.909235
2.921419
2.366131
2.630097
2.099507
1.565994
2.129146
2.628510
2.106281
2.269320
2.212540
2.639891
1.563918
2.746677
2.438692
