2.448731
3.214394
1.645744
1.491764
2.201828
2.310219
1.516625
1.665356
2.590408
1.746566
2.223513
2.113014
1.844161
2.054950
1.525814
2.077040
1.570391
1.900613
1.716374
2.435202
2.053560
1.858735
2.002184
1.894702
2.579668
2.017317
1.687582
1.889232
1.589891
2.040836
1.925082
1.920089
1.686653
1.830865
1.949299
1.952913
1.469047
1.525074
1.547779
1.704546
1.756576
1.837372
1.533447
2.103704
2.669825
1.664169
1.501556
1.950353
2.991760
2.495570
3.073825
1.431376
1.517183
1.942901
1.953165
2.074362
2.955201
1.753584
1.668999
2.047260
2.163848
2.262655
2.627872
1.963807
1.765741
2.076914
2.735596
1.548569
1.938067
1.480055
2.409870
1.564006
2.190597
1.555161
1.406128
1.936918
2.112995
1.915017
2.387598
2.190820
2.435691
1.582156
1.882917
1.276300
1.902193
2.171756
2.172338
1.676623
1.967321
1.530551
1.693684
1.507558
2.024053
2.002245
2.342058
1.650052
2.042853
2.377340
1.934911
1.659073
1.901952
1.555868
1.953588
1.666682
1.531712
1.712785
1.921811
2.023223
1.666876
2.005261
2.343293
1.558175
1.611076
1.527398
1.537439
2.236833
1.471518
2.063158
1.468048
2.048446
1.850370
1.833504
2.419919
1.827125
2.101279
1.239726
1.858759
1.483360
1.659714
1.543921
1.625711
1.658069
1.426532
1.852880
1.230825
1.617411
1.684480
2.209025
2.275111
2.103763
1.678752
1.674134
1.841233
1.775482
2.030842
1.756979
1.452288
2.014270
1.765252
2.391458
1.677717
1.720343
1.443144
1.334927
1.364923
1.612937
1.489138
1.418597
1.314833
1.716760
1.357027
1.527896
1.879924
1.317615
2.029456
1.806257
2.345531
1.708929
1.836345
2.061772
2.105648
1.776533
2.125276
2.257006
1.923381
1.626329
1.949743
1.676597
1.844278
1.984847
