2.556825
2.548625
2.404402
2.087393
2.234114
2.157133
2.875118
1.979526
2.098289
1.670980
1.976278
1.836275
2.510447
1.827531
2.616904
1.366098
2.065252
1.759524
2.590421
2.407698
2.806633
2.520402
1.895276
2.250406
2.224300
2.166792
2.211789
2.433002
1.823489
2.532444
1.886038
2.552923
1.809932
2.195542
2.579715
2.159095
2.021660
2.278320
1.868205
2.060108
2.130392
1.544087
2.542334
2.002047
2.327122
1.813746
2.189273
2.426337
2.170767
1.617979
2.510105
1.982976
2.387938
2.134989
2.602866
2.447429
2.412274
1.918062
1.970778
2.410824
1.825365
2.640624
1.871944
2.428012
1.951837
2.716418
2.503466
2.081741
2.701016
3.104015
2.130056
2.482977
1.479104
2.690901
2.246092
2.453635
1.649596
2.724629
1.268099
3.250629
2.238956
2.476988
1.879126
1.942801
1.461264
3.051813
2.473085
2.242147
2.212201
2.192897
2.688793
2.706830
2.549061
1.997037
1.813985
1.706588
2.238825
2.158785
2.748329
1.933365
1.799024
1.516170
2.350093
2.195306
2.701507
3.205508
2.052735
2.762706
2.226130
1.507441
2.125685
1.944795
2.001055
2.326297
2.138712
2.699085
2.424830
1.805792
1.823827
1.709574
2.244329
2.611724
2.389849
2.452335
2.403170
1.954116
2.449011
2.011794
2.271054
2.304491
2.361399
1.917391
2.247732
2.017504
2.019285
2.277631
2.570227
2.197096
2.186264
2.035166
2.259150
1.942257
2.046177
1.894424
2.086868
1.834729
2.181419
1.830331
1.893350
2.475924
2.359806
2.086490
2.133765
2.429434
1.938268
2.636455
2.341886
1.544449
2.591972
2.642412
3.671351
2.106020
2.323436
1.800873
1.849809
2.423740
2.028060
2.703341
2.315115
1.881250
1.653252
1.696713
