1.678834
1.911250
2.172716
2.845172
2.119017
3.010016
2.068548
1.909788
4.188562
2.548917
4.611548
2.132408
2.267780
2.202288
2.415979
2.348968
1.747248
1.954992
3.409186
2.316454
2.335968
2.913351
2.088576
3.700325
2.511760
2.088526
1.945363
1.714651
1.875424
2.272384
2.838631
1.651149
2.474563
2.322848
1.761523
2.552015
3.036362
2.506031
2.853704
1.777910
2.200199
2.360011
2.388931
2.287674
2.989695
2.678499
1.933563
2.445462
2.949254
4.188219
2.198282
2.751370
2.152672
3.129073
1.772589
1.894860
1.703355
2.104655
2.643456
3.113014
2.489179
2.107662
2.583427
2.749911
2.135850
2.048584
2.049766
2.620231
2.662605
2.672259
2.186297
1.820721
4.376400
2.686905
2.855589
2.540292
2.035846
1.886119
1.696162
2.765986
2.061664
2.063102
4.304389
1.981546
1.870044
2.086458
2.712407
2.053014
2.826475
2.739138
2.088595
3.280385
2.021673
2.778728
2.064278
3.924304
2.902453
1.709255
3.056546
1.655750
2.660805
1.805657
2.865276
2.258358
2.736920
2.330365
1.566852
1.602140
2.119307
2.895935
1.921504
2.220074
2.372977
2.202764
1.761879
2.913013
2.111355
1.751727
3.411858
2.500896
3.034660
1.769429
1.923336
1.666707
1.708485
2.162091
2.208624
1.750823
1.929845
2.078813
2.990641
2.896398
1.720353
2.241113
1.885647
2.344167
2.194466
2.900857
1.630041
2.840436
2.826025
1.781613
2.432283
1.873013
2.137930
1.817805
2.187648
1.613803
1.692860
2.865535
2.107306
2.378812
1.586507
2.048496
2.855498
2.165176
1.869808
1.672783
1.771874
2.557780
1.715301
1.927194
1.992175
1.455791
2.007291
1.857581
2.486983
2.275478
2.675677
2.803859
3.283959
1.903202
2.267447
1.784783
2.579648
2.752113
1.632550
3.267431
1.964580
1.999350
3.022616
2.555303
1.957522
2.135680
2.271816
1.823747
2.021287
2.067365
2.266995
1.700021
1.372791
1.931674
2.068750
2.643421
2.015866
2.119902
2.076593
1.827123
2.158962
1.871204
1.542030
3.081645
2.033438
1.916478
1.581145
2.672005
2.789720
1.851547
1.486445
2.014275
1.954617
2.597169
1.791589
1.759319
2.573491
1.997492
2.106093
2.188011
2.896164
1.782665
2.550987
1.745549
2.584394
1.916808
2.789311
2.260893
2.779554
1.827726
2.261854
1.688987
2.067613
2.236203
2.393757
1.841564
2.033094
2.569408
1.423261
2.274740
2.365099
2.370558
1.969613
2.486840
1.771363
1.761824
1.716050
1.551233
1.475536
1.757403
1.992244
2.583415
2.061673
2.185685
1.957799
2.079715
1.509918
3.286777
2.686663
1.727668
2.068977
1.691442
1.944919
2.226683
1.721800
1.857070
2.132425
1.877620
1.312273
2.970737
1.960314
2.413560
1.788600
1.877779
1.732539
2.101655
2.195754
2.113656
1.709250
2.700498
1.939681
2.571558
1.992830
1.756629
1.917846
1.398848
2.631413
1.589271
1.195916
1.688068
1.615755
1.742695
1.791301
1.555019
2.217874
1.870448
1.486082
1.737128
2.233589
2.112934
1.631358
1.322353
2.077549
1.622246
2.254849
1.268556
1.596345
1.886581
2.657261
1.545235
2.156808
2.396476
1.592133
2.013790
1.557633
1.826449
1.948005
3.229743
1.800619
