1.888098
1.963716
1.814963
1.916273
1.925292
2.250545
2.118593
1.514141
1.873765
1.623818
1.752282
1.285787
1.742984
1.622583
1.914094
1.368539
1.792761
2.248734
2.440392
1.518191
1.645139
2.194748
1.498241
1.793534
1.639511
1.530755
2.291020
1.623897
1.441841
1.598869
1.752061
1.860703
2.298092
1.597955
1.748902
1.938501
1.914520
1.679723
2.251268
1.547450
1.706584
2.564631
2.104972
1.602136
1.582460
1.539093
1.591840
2.217646
2.074639
1.831360
1.890738
2.402050
1.676277
1.835360
2.434767
1.336722
1.887219
1.385523
1.774315
2.002090
1.747102
1.953142
1.692908
1.699857
1.730418
2.079944
1.123445
1.877317
1.900324
2.033814
1.862042
1.436691
2.314682
1.291061
1.822682
1.777538
1.601224
1.467980
2.160022
1.298449
1.973272
2.039530
2.437994
2.407508
2.546640
1.972141
1.927461
1.754874
1.587219
1.926235
1.655722
2.009775
1.731896
1.575953
1.950212
1.732998
1.260859
2.064400
2.010522
2.116632
1.282686
1.749586
1.956850
1.641867
2.167496
1.187194
1.940453
1.239500
1.920120
1.676482
1.903735
1.623062
1.683653
2.032227
1.286732
1.624600
1.756732
2.239635
3.332083
1.488259
1.929873
2.107937
1.763408
1.618201
1.795806
2.119773
2.483066
1.698289
1.439873
1.505486
1.526034
1.750463
1.493598
2.598860
2.113665
1.937144
