1 2 0.984369
1 3 0.944379
1 5 0.975189
1 8 0.989545
1 12 0.869608
1 16 0.942131
1 17 0.965589
1 19 0.991736
2 1 0.984369
2 8 0.994308
2 19 0.996122
3 1 0.944379
3 8 0.964658
4 17 0.755146
5 1 0.975189
5 8 0.994271
8 1 0.989545
8 2 0.994308
8 3 0.964658
8 5 0.994271
8 12 0.932089
8 13 0.934180
8 14 0.956215
8 15 0.500000
8 16 0.967391
8 17 0.985461
8 19 0.998094
10 19 0.500000
12 1 0.869608
12 8 0.932089
13 8 0.934180
14 8 0.956215
15 8 0.500000
16 1 0.942131
16 8 0.967391
17 1 0.965589
17 4 0.755146
17 8 0.985461
17 19 0.988896
18 19 0.994354
19 1 0.991736
19 2 0.996122
19 8 0.998094
19 10 0.500000
19 17 0.988896
19 18 0.994354
1 1 0.979127
1 4 0.780154
1 6 0.977323
1 7 0.502774
1 9 0.632247
1 10 0.500000
1 11 0.691994
1 13 0.857248
1 14 0.885017
1 15 0.500000
1 18 0.969935
2 2 0.991994
2 3 0.960353
2 4 0.796575
2 5 0.988550
2 6 0.978065
2 7 0.502847
2 9 0.643017
2 10 0.500000
2 11 0.732255
2 12 0.903184
2 13 0.899804
2 14 0.921928
2 15 0.500000
2 16 0.957157
2 17 0.979303
2 18 0.984412
3 2 0.960353
3 3 0.910450
3 4 0.698623
3 5 0.941253
3 6 0.960833
3 7 0.501702
3 9 0.587634
3 10 0.500000
3 11 0.635450
3 12 0.810341
3 13 0.791195
3 14 0.836636
3 15 0.500000
3 16 0.895114
3 17 0.926444
3 18 0.922420
3 19 0.969540
4 1 0.780154
4 2 0.796575
4 3 0.698623
4 4 0.618302
4 5 0.797119
4 6 0.753740
4 7 0.501172
4 8 0.837649
4 9 0.556744
4 10 0.500000
4 11 0.575325
4 12 0.661556
4 13 0.665171
4 14 0.675170
4 15 0.500000
4 16 0.711095
4 18 0.782657
4 19 0.846896
5 2 0.988550
5 3 0.941253
5 4 0.797119
5 5 0.997806
5 6 0.940938
5 7 0.503214
5 9 0.675773
5 10 0.500000
5 11 0.737867
5 12 0.912242
5 13 0.920505
5 14 0.933844
5 15 0.500000
5 16 0.949574
5 17 0.975528
5 18 0.983614
5 19 0.995384
6 1 0.977323
6 2 0.978065
6 3 0.960833
6 4 0.753740
6 5 0.940938
6 6 0.999977
6 7 0.503212
6 8 0.991972
6 9 0.656131
6 10 0.500000
6 11 0.596550
6 12 0.876561
6 13 0.831630
6 14 0.951928
6 15 0.500000
6 16 0.934537
6 17 0.958364
6 18 0.957934
6 19 0.985947
7 1 0.502774
7 2 0.502847
7 3 0.501702
7 4 0.501172
7 5 0.503214
7 6 0.503212
7 7 0.500015
7 8 0.503829
7 9 0.500619
7 10 0.500000
7 11 0.500620
7 12 0.501566
7 13 0.501628
7 14 0.501782
7 15 0.500000
7 16 0.501982
7 17 0.502448
7 18 0.502874
7 19 0.503817
8 4 0.837649
8 6 0.991972
8 7 0.503829
8 8 0.997780
8 9 0.689536
8 10 0.500000
8 11 0.751327
8 18 0.990821
9 1 0.632247
9 2 0.643017
9 3 0.587634
9 4 0.556744
9 5 0.675773
9 6 0.656131
9 7 0.500619
9 8 0.689536
9 9 0.536263
9 10 0.500000
9 11 0.528166
9 12 0.583665
9 13 0.585175
9 14 0.604585
9 15 0.500000
9 16 0.597504
9 17 0.622800
9 18 0.640791
9 19 0.684438
10 1 0.500000
10 2 0.500000
10 3 0.500000
10 4 0.500000
10 5 0.500000
10 6 0.500000
10 7 0.500000
10 8 0.500000
10 9 0.500000
10 10 0.500000
10 11 0.500000
10 12 0.500000
10 13 0.500000
10 14 0.500000
10 15 0.500000
10 16 0.500000
10 17 0.500000
10 18 0.500000
11 1 0.691994
11 2 0.732255
11 3 0.635450
11 4 0.575325
11 5 0.737867
11 6 0.596550
11 7 0.500620
11 8 0.751327
11 9 0.528166
11 10 0.500000
11 11 0.583272
11 12 0.614805
11 13 0.629855
11 14 0.618339
11 15 0.500000
11 16 0.646642
11 17 0.691099
11 18 0.736675
11 19 0.783312
12 2 0.903184
12 3 0.810341
12 4 0.661556
12 5 0.912242
12 6 0.876561
12 7 0.501566
12 9 0.583665
12 10 0.500000
12 11 0.614805
12 12 0.766650
12 13 0.767545
12 14 0.803371
12 15 0.500000
12 16 0.814752
12 17 0.860449
12 18 0.877795
12 19 0.935028
13 1 0.857248
13 2 0.899804
13 3 0.791195
13 4 0.665171
13 5 0.920505
13 6 0.831630
13 7 0.501628
13 9 0.585175
13 10 0.500000
13 11 0.629855
13 12 0.767545
13 13 0.788291
13 14 0.808492
13 15 0.500000
13 16 0.805273
13 17 0.858260
13 18 0.884470
13 19 0.937435
14 1 0.885017
14 2 0.921928
14 3 0.836636
14 4 0.675170
14 5 0.933844
14 6 0.951928
14 7 0.501782
14 9 0.604585
14 10 0.500000
14 11 0.618339
14 12 0.803371
14 13 0.808492
14 14 0.870921
14 15 0.500000
14 16 0.838412
14 17 0.883781
14 18 0.899898
14 19 0.950734
15 1 0.500000
15 2 0.500000
15 3 0.500000
15 4 0.500000
15 5 0.500000
15 6 0.500000
15 7 0.500000
15 9 0.500000
15 10 0.500000
15 11 0.500000
15 12 0.500000
15 13 0.500000
15 14 0.500000
15 15 0.500000
15 16 0.500000
15 17 0.500000
15 18 0.500000
15 19 0.500000
16 2 0.957157
16 3 0.895114
16 4 0.711095
16 5 0.949574
16 6 0.934537
16 7 0.501982
16 9 0.597504
16 10 0.500000
16 11 0.646642
16 12 0.814752
16 13 0.805273
16 14 0.838412
16 15 0.500000
16 16 0.893142
16 17 0.924081
16 18 0.926823
16 19 0.971535
17 2 0.979303
17 3 0.926444
17 5 0.975528
17 6 0.958364
17 7 0.502448
17 9 0.622800
17 10 0.500000
17 11 0.691099
17 12 0.860449
17 13 0.858260
17 14 0.883781
17 15 0.500000
17 16 0.924081
17 17 0.957162
17 18 0.966460
18 1 0.969935
18 2 0.984412
18 3 0.922420
18 4 0.782657
18 5 0.983614
18 6 0.957934
18 7 0.502874
18 8 0.990821
18 9 0.640791
18 10 0.500000
18 11 0.736675
18 12 0.877795
18 13 0.884470
18 14 0.899898
18 15 0.500000
18 16 0.926823
18 17 0.966460
18 18 0.983738
19 3 0.969540
19 4 0.846896
19 5 0.995384
19 6 0.985947
19 7 0.503817
19 9 0.684438
19 11 0.783312
19 12 0.935028
19 13 0.937435
19 14 0.950734
19 15 0.500000
19 16 0.971535
19 19 0.998840
