1 2 0.675343
1 3 0.776894
1 5 0.675688
1 8 0.744980
1 12 0.642103
1 16 0.603908
1 17 0.729785
1 19 0.797003
2 1 0.675343
2 8 0.732707
2 19 0.763515
3 1 0.776894
3 8 0.688861
4 17 0.500000
5 1 0.675688
5 8 0.655573
8 1 0.744980
8 2 0.732707
8 3 0.688861
8 5 0.655573
8 12 0.631878
8 13 0.611470
8 14 0.688690
8 15 0.626668
8 16 0.660942
8 17 0.733962
8 19 0.821111
10 19 0.500000
12 1 0.642103
12 8 0.631878
13 8 0.611470
14 8 0.688690
15 8 0.626668
16 1 0.603908
16 8 0.660942
17 1 0.729785
17 4 0.500000
17 8 0.733962
17 19 0.782790
18 19 0.775234
19 1 0.797003
19 2 0.763515
19 8 0.821111
19 10 0.500000
19 17 0.782790
19 18 0.775234
1 1 0.788787
1 4 0.500000
1 6 0.679544
1 7 0.500936
1 9 0.513468
1 10 0.500000
1 11 0.518216
1 13 0.621023
1 14 0.626590
1 15 0.574928
1 18 0.690030
2 2 0.689608
2 3 0.617210
2 4 0.500000
2 5 0.606874
2 6 0.624698
2 7 0.500797
2 9 0.507990
2 10 0.500000
2 11 0.489864
2 12 0.591075
2 13 0.575202
2 14 0.622968
2 15 0.584495
2 16 0.610547
2 17 0.680240
2 18 0.677224
3 2 0.617210
3 3 0.803972
3 4 0.500000
3 5 0.660630
3 6 0.575336
3 7 0.500838
3 9 0.518950
3 10 0.500000
3 11 0.536896
3 12 0.632848
3 13 0.597148
3 14 0.613983
3 15 0.550124
3 16 0.578855
3 17 0.692539
3 18 0.629447
3 19 0.740417
4 1 0.500000
4 2 0.500000
4 3 0.500000
4 4 0.500000
4 5 0.500000
4 6 0.500000
4 7 0.500000
4 8 0.500000
4 9 0.500000
4 10 0.500000
4 11 0.500000
4 12 0.500000
4 13 0.500000
4 14 0.500000
4 15 0.500000
4 16 0.500000
4 18 0.500000
4 19 0.500000
5 2 0.606874
5 3 0.660630
5 4 0.500000
5 5 0.609117
5 6 0.616542
5 7 0.500614
5 9 0.508482
5 10 0.500000
5 11 0.505997
5 12 0.585373
5 13 0.568221
5 14 0.577903
5 15 0.550174
5 16 0.566473
5 17 0.638526
5 18 0.612654
5 19 0.687666
6 1 0.679544
6 2 0.624698
6 3 0.575336
6 4 0.500000
6 5 0.616542
6 6 0.948434
6 7 0.500455
6 8 0.649177
6 9 0.483981
6 10 0.500000
6 11 0.481156
6 12 0.575531
6 13 0.496629
6 14 0.503133
6 15 0.543797
6 16 0.527995
6 17 0.664355
6 18 0.697573
6 19 0.723465
7 1 0.500936
7 2 0.500797
7 3 0.500838
7 4 0.500000
7 5 0.500614
7 6 0.500455
7 7 0.500010
7 8 0.501258
7 9 0.500227
7 10 0.500000
7 11 0.500080
7 12 0.500512
7 13 0.500541
7 14 0.500692
7 15 0.500542
7 16 0.500739
7 17 0.500802
7 18 0.500526
7 19 0.501143
8 4 0.500000
8 6 0.649177
8 7 0.501258
8 8 0.807929
8 9 0.513799
8 10 0.500000
8 11 0.484439
8 18 0.712237
9 1 0.513468
9 2 0.507990
9 3 0.518950
9 4 0.500000
9 5 0.508482
9 6 0.483981
9 7 0.500227
9 8 0.513799
9 9 0.511627
9 10 0.500000
9 11 0.511273
9 12 0.508275
9 13 0.494985
9 14 0.507576
9 15 0.508330
9 16 0.511016
9 17 0.509467
9 18 0.500997
9 19 0.511897
10 1 0.500000
10 2 0.500000
10 3 0.500000
10 4 0.500000
10 5 0.500000
10 6 0.500000
10 7 0.500000
10 8 0.500000
10 9 0.500000
10 10 0.500000
10 11 0.500000
10 12 0.500000
10 13 0.500000
10 14 0.500000
10 15 0.500000
10 16 0.500000
10 17 0.500000
10 18 0.500000
11 1 0.518216
11 2 0.489864
11 3 0.536896
11 4 0.500000
11 5 0.505997
11 6 0.481156
11 7 0.500080
11 8 0.484439
11 9 0.511273
11 10 0.500000
11 11 0.533615
11 12 0.506326
11 13 0.493237
11 14 0.484984
11 15 0.492675
11 16 0.494776
11 17 0.501555
11 18 0.491127
11 19 0.495019
12 2 0.591075
12 3 0.632848
12 4 0.500000
12 5 0.585373
12 6 0.575531
12 7 0.500512
12 9 0.508275
12 10 0.500000
12 11 0.506326
12 12 0.569382
12 13 0.544066
12 14 0.571585
12 15 0.542848
12 16 0.557668
12 17 0.614249
12 18 0.592872
12 19 0.658202
13 1 0.621023
13 2 0.575202
13 3 0.597148
13 4 0.500000
13 5 0.568221
13 6 0.496629
13 7 0.500541
13 9 0.494985
13 10 0.500000
13 11 0.493237
13 12 0.544066
13 13 0.795130
13 14 0.529060
13 15 0.519440
13 16 0.553367
13 17 0.583963
13 18 0.554203
13 19 0.618384
14 1 0.626590
14 2 0.622968
14 3 0.613983
14 4 0.500000
14 5 0.577903
14 6 0.503133
14 7 0.500692
14 9 0.507576
14 10 0.500000
14 11 0.484984
14 12 0.571585
14 13 0.529060
14 14 0.642170
14 15 0.578000
14 16 0.598972
14 17 0.619158
14 18 0.595692
14 19 0.675645
15 1 0.574928
15 2 0.584495
15 3 0.550124
15 4 0.500000
15 5 0.550174
15 6 0.543797
15 7 0.500542
15 9 0.508330
15 10 0.500000
15 11 0.492675
15 12 0.542848
15 13 0.519440
15 14 0.578000
15 15 0.556284
15 16 0.566164
15 17 0.575674
15 18 0.563308
15 19 0.612956
16 2 0.610547
16 3 0.578855
16 4 0.500000
16 5 0.566473
16 6 0.527995
16 7 0.500739
16 9 0.511016
16 10 0.500000
16 11 0.494776
16 12 0.557668
16 13 0.553367
16 14 0.598972
16 15 0.566164
16 16 0.589012
16 17 0.601269
16 18 0.584795
16 19 0.651585
17 2 0.680240
17 3 0.692539
17 5 0.638526
17 6 0.664355
17 7 0.500802
17 9 0.509467
17 10 0.500000
17 11 0.501555
17 12 0.614249
17 13 0.583963
17 14 0.619158
17 15 0.575674
17 16 0.601269
17 17 0.705484
17 18 0.690105
18 1 0.690030
18 2 0.677224
18 3 0.629447
18 4 0.500000
18 5 0.612654
18 6 0.697573
18 7 0.500526
18 8 0.712237
18 9 0.500997
18 10 0.500000
18 11 0.491127
18 12 0.592872
18 13 0.554203
18 14 0.595692
18 15 0.563308
18 16 0.584795
18 17 0.690105
18 18 0.705117
19 3 0.740417
19 4 0.500000
19 5 0.687666
19 6 0.723465
19 7 0.501143
19 9 0.511897
19 11 0.495019
19 12 0.658202
19 13 0.618384
19 14 0.675645
19 15 0.612956
19 16 0.651585
19 19 0.873814
