1 2 0.838059
1 3 0.843213
1 5 0.709937
1 8 0.888658
1 12 0.652895
1 16 0.717367
1 17 0.740180
1 19 0.886540
2 1 0.838059
2 8 0.868399
2 19 0.869862
3 1 0.843213
3 8 0.917403
4 17 0.603444
5 1 0.709937
5 8 0.719793
8 1 0.888658
8 2 0.868399
8 3 0.917403
8 5 0.719793
8 12 0.669697
8 13 0.802260
8 14 0.854419
8 15 0.500000
8 16 0.757636
8 17 0.749161
8 19 0.897194
10 19 0.500000
12 1 0.652895
12 8 0.669697
13 8 0.802260
14 8 0.854419
15 8 0.500000
16 1 0.717367
16 8 0.757636
17 1 0.740180
17 4 0.603444
17 8 0.749161
17 19 0.777470
18 19 0.849578
19 1 0.886540
19 2 0.869862
19 8 0.897194
19 10 0.500000
19 17 0.777470
19 18 0.849578
1 1 0.868621
1 4 0.647941
1 6 0.822465
1 7 0.501168
1 9 0.549019
1 10 0.500000
1 11 0.623390
1 13 0.749755
1 14 0.766176
1 15 0.500000
1 18 0.783852
2 2 0.821727
2 3 0.825469
2 4 0.635369
2 5 0.660420
2 6 0.757853
2 7 0.500736
2 9 0.528548
2 10 0.500000
2 11 0.618480
2 12 0.627228
2 13 0.724334
2 14 0.695326
2 15 0.500000
2 16 0.690265
2 17 0.721606
2 18 0.768954
3 2 0.825469
3 3 0.919098
3 4 0.617409
3 5 0.696519
3 6 0.953723
3 7 0.500942
3 9 0.548030
3 10 0.500000
3 11 0.574507
3 12 0.639596
3 13 0.772764
3 14 0.882248
3 15 0.500000
3 16 0.732173
3 17 0.702199
3 18 0.664639
3 19 0.835710
4 1 0.647941
4 2 0.635369
4 3 0.617409
4 4 0.574351
4 5 0.556637
4 6 0.509903
4 7 0.500244
4 8 0.647119
4 9 0.512044
4 10 0.500000
4 11 0.573751
4 12 0.543822
4 13 0.566533
4 14 0.587040
4 15 0.500000
4 16 0.567736
4 18 0.621448
4 19 0.679501
5 2 0.660420
5 3 0.696519
5 4 0.556637
5 5 0.671075
5 6 0.821199
5 7 0.500973
5 9 0.541237
5 10 0.500000
5 11 0.541946
5 12 0.575975
5 13 0.630696
5 14 0.663949
5 15 0.500000
5 16 0.605540
5 17 0.604876
5 18 0.607688
5 19 0.689103
6 1 0.822465
6 2 0.757853
6 3 0.953723
6 4 0.509903
6 5 0.821199
6 6 0.999771
6 7 0.502653
6 8 0.928390
6 9 0.618393
6 10 0.500000
6 11 0.436568
6 12 0.649066
6 13 0.780389
6 14 0.974646
6 15 0.500000
6 16 0.735676
6 17 0.600659
6 18 0.441995
6 19 0.670369
7 1 0.501168
7 2 0.500736
7 3 0.500942
7 4 0.500244
7 5 0.500973
7 6 0.502653
7 7 0.500010
7 8 0.501155
7 9 0.500358
7 10 0.500000
7 11 0.500139
7 12 0.500429
7 13 0.500643
7 14 0.501292
7 15 0.500000
7 16 0.500586
7 17 0.500480
7 18 0.500520
7 19 0.500887
8 4 0.647119
8 6 0.928390
8 7 0.501155
8 8 0.934312
8 9 0.550438
8 10 0.500000
8 11 0.602086
8 18 0.764592
9 1 0.549019
9 2 0.528548
9 3 0.548030
9 4 0.512044
9 5 0.541237
9 6 0.618393
9 7 0.500358
9 8 0.550438
9 9 0.527120
9 10 0.500000
9 11 0.497799
9 12 0.522178
9 13 0.523960
9 14 0.604472
9 15 0.500000
9 16 0.529629
9 17 0.519529
9 18 0.504875
9 19 0.526949
10 1 0.500000
10 2 0.500000
10 3 0.500000
10 4 0.500000
10 5 0.500000
10 6 0.500000
10 7 0.500000
10 8 0.500000
10 9 0.500000
10 10 0.500000
10 11 0.500000
10 12 0.500000
10 13 0.500000
10 14 0.500000
10 15 0.500000
10 16 0.500000
10 17 0.500000
10 18 0.500000
11 1 0.623390
11 2 0.618480
11 3 0.574507
11 4 0.573751
11 5 0.541946
11 6 0.436568
11 7 0.500139
11 8 0.602086
11 9 0.497799
11 10 0.500000
11 11 0.643867
11 12 0.531769
11 13 0.532407
11 14 0.522603
11 15 0.500000
11 16 0.551582
11 17 0.598272
11 18 0.615754
11 19 0.669010
12 2 0.627228
12 3 0.639596
12 4 0.543822
12 5 0.575975
12 6 0.649066
12 7 0.500429
12 9 0.522178
12 10 0.500000
12 11 0.531769
12 12 0.560962
12 13 0.597503
12 14 0.645973
12 15 0.500000
12 16 0.586192
12 17 0.578539
12 18 0.587550
12 19 0.650929
13 1 0.749755
13 2 0.724334
13 3 0.772764
13 4 0.566533
13 5 0.630696
13 6 0.780389
13 7 0.500643
13 9 0.523960
13 10 0.500000
13 11 0.532407
13 12 0.597503
13 13 0.695773
13 14 0.692706
13 15 0.500000
13 16 0.649609
13 17 0.629428
13 18 0.644597
13 19 0.750782
14 1 0.766176
14 2 0.695326
14 3 0.882248
14 4 0.587040
14 5 0.663949
14 6 0.974646
14 7 0.501292
14 9 0.604472
14 10 0.500000
14 11 0.522603
14 12 0.645973
14 13 0.692706
14 14 0.985706
14 15 0.500000
14 16 0.728509
14 17 0.622296
14 18 0.452863
14 19 0.653794
15 1 0.500000
15 2 0.500000
15 3 0.500000
15 4 0.500000
15 5 0.500000
15 6 0.500000
15 7 0.500000
15 9 0.500000
15 10 0.500000
15 11 0.500000
15 12 0.500000
15 13 0.500000
15 14 0.500000
15 15 0.500000
15 16 0.500000
15 17 0.500000
15 18 0.500000
15 19 0.500000
16 2 0.690265
16 3 0.732173
16 4 0.567736
16 5 0.605540
16 6 0.735676
16 7 0.500586
16 9 0.529629
16 10 0.500000
16 11 0.551582
16 12 0.586192
16 13 0.649609
16 14 0.728509
16 15 0.500000
16 16 0.632605
16 17 0.617132
16 18 0.616517
16 19 0.715817
17 2 0.721606
17 3 0.702199
17 5 0.604876
17 6 0.600659
17 7 0.500480
17 9 0.519529
17 10 0.500000
17 11 0.598272
17 12 0.578539
17 13 0.629428
17 14 0.622296
17 15 0.500000
17 16 0.617132
17 17 0.658401
17 18 0.696963
18 1 0.783852
18 2 0.768954
18 3 0.664639
18 4 0.621448
18 5 0.607688
18 6 0.441995
18 7 0.500520
18 8 0.764592
18 9 0.504875
18 10 0.500000
18 11 0.615754
18 12 0.587550
18 13 0.644597
18 14 0.452863
18 15 0.500000
18 16 0.616517
18 17 0.696963
18 18 0.800304
19 3 0.835710
19 4 0.679501
19 5 0.689103
19 6 0.670369
19 7 0.500887
19 9 0.526949
19 11 0.669010
19 12 0.650929
19 13 0.750782
19 14 0.653794
19 15 0.500000
19 16 0.715817
19 19 0.924428
