4.550484
4.074807
4.972229
3.189419
5.374629
4.305930
7.221382
5.317173
4.216223
5.341928
3.954093
4.047214
4.208954
6.533994
5.399165
3.381129
4.118701
5.158429
3.937604
4.023887
4.761219
7.534644
4.856082
5.883799
5.335501
8.768739
6.404294
3.347077
7.077080
3.404694
8.194448
3.889087
4.025586
4.989196
5.085517
4.605064
3.410719
3.432172
4.939494
7.784935
5.637369
7.066268
3.587010
4.192168
3.058322
5.280122
6.315041
3.049888
4.015994
3.505668
4.242088
6.063149
4.123684
5.674105
4.882447
4.970600
4.639562
4.692103
3.704431
8.123395
5.197841
3.702972
3.223624
4.057259
3.147986
6.589531
6.506490
6.504838
4.213355
3.811369
4.363639
3.588050
3.487360
5.586079
3.717882
3.141311
4.236231
3.222024
4.229330
3.666702
5.448148
6.277646
4.665703
2.415888
3.617840
3.822859
5.254838
4.084813
3.337364
5.310559
3.776055
4.062279
4.299368
7.210707
3.681099
3.628216
3.570530
4.413040
4.643654
2.918241
4.594545
4.327297
4.531892
6.245928
4.552725
3.568996
3.484354
2.826438
2.568616
6.943637
3.337795
4.720009
3.769238
3.121178
2.169614
3.835096
4.024254
3.350888
5.504306
3.778412
3.755795
3.252388
3.631690
1.969388
3.549672
3.560161
4.204903
4.512836
4.128657
4.401694
2.938464
4.178370
2.675991
4.126638
3.532809
5.091653
3.505683
3.847325
4.831474
2.782000
3.652247
3.291345
3.225900
2.285598
2.898054
4.260665
3.196424
3.199935
2.743623
3.894289
5.147347
6.431248
3.813113
4.014134
4.039394
3.813922
3.409356
2.226627
4.242493
3.407490
3.202369
4.992622
3.577740
3.317494
3.502816
4.544900
2.792962
3.557781
5.151255
4.060830
5.629915
3.140605
3.291832
2.704742
3.501002
3.075840
3.393726
5.099115
3.887136
3.915448
3.550915
3.075840
3.958721
3.190065
2.522014
3.122175
3.204484
2.443543
4.128668
4.324884
3.590027
3.292446
4.680123
3.278749
3.622398
5.448228
2.462575
3.701328
3.543248
3.062612
2.637286
4.277010
3.485394
2.578578
2.798243
4.454038
3.454701
2.934897
4.386248
3.091349
3.452851
3.413612
3.339585
2.841663
2.543195
2.656810
3.412741
3.438159
4.321396
2.756437
3.773240
4.129599
2.506257
5.198105
2.660098
3.182656
4.321140
2.724873
2.556437
3.798755
3.117597
3.572574
2.567587
3.570626
2.593099
2.456863
3.588597
4.090591
3.321397
4.548076
3.617622
3.457468
3.519119
2.626466
3.607709
2.752942
2.747706
2.751258
4.072734
3.488016
2.171794
3.977530
3.635301
3.388733
3.207565
2.794194
3.191153
3.692935
3.114864
2.907126
2.708133
2.742199
3.744033
2.819601
1.863068
2.433093
2.627495
3.161284
3.434195
3.517784
3.378026
3.186275
3.961654
2.459961
2.884807
2.233694
2.440848
3.352629
5.019210
2.467773
2.458403
3.397626
3.473767
2.731730
3.134819
2.709152
3.249146
4.282351
3.127303
3.000859
3.461931
3.775485
4.021860
2.384612
2.850435
3.346418
2.494624
2.279644
3.369251
2.683508
2.349722
3.089184
2.869838
2.597076
2.784847
1.930143
3.116244
2.478322
2.251886
2.305251
4.570339
3.306187
4.012941
4.020010
2.743489
3.504222
3.912163
3.591493
2.895065
3.101523
2.685705
2.085505
2.545372
2.622039
3.653669
1.774740
2.897762
1.913734
2.437968
1.813616
2.917179
1.878245
3.000453
1.816561
2.043219
2.693530
2.767744
2.607556
2.937850
3.155013
2.814125
3.232606
3.365084
3.247843
2.324096
2.109327
4.432440
2.767326
1.837978
3.574479
2.854765
2.634825
2.221214
3.144683
1.914656
2.192086
2.596656
3.060415
2.882590
2.625569
2.658102
2.264657
3.009709
2.783214
2.893236
2.777693
3.661881
1.756099
2.655905
2.389676
2.619202
1.693543
3.130504
2.984315
2.981035
3.622461
2.626351
2.000984
2.380101
2.299120
1.745040
3.176779
4.085635
3.009284
1.751155
2.298160
2.884207
2.036206
2.519536
2.157318
3.494444
3.534485
2.978587
2.787327
2.883659
2.656279
3.393656
2.777564
2.673521
2.305284
3.869585
2.938180
3.016187
2.837372
2.449498
1.949868
3.851668
2.285258
2.628392
2.886521
2.303171
3.290493
2.614329
2.220558
1.698399
1.909813
2.050950
2.763276
1.904415
1.791764
2.396342
2.207108
4.128448
3.152081
2.893715
2.728874
2.575413
2.592609
3.197340
2.343883
