2.289128
1.828898
1.785094
2.150584
2.815879
1.800318
2.879231
2.281215
2.076617
1.946550
3.686194
2.383634
2.295841
2.340975
2.180693
2.390584
1.748908
2.211964
2.146392
1.978032
3.950306
3.095576
1.876669
2.729965
3.209144
2.509820
1.533455
1.509418
1.933785
1.647291
2.049113
2.981589
1.759566
2.449536
1.853039
2.541218
2.516162
1.999641
3.023484
1.650127
2.863432
1.864377
1.862794
2.558674
2.360837
2.556424
1.727609
2.000229
2.138765
3.322668
1.943515
2.093800
1.846722
2.141360
1.594566
3.232296
2.001903
3.168408
2.660722
1.893989
1.717628
2.420945
1.757222
2.532650
2.328026
2.533471
2.151343
1.823367
1.983901
2.186422
2.308302
1.823531
1.698173
2.165764
1.641283
2.536706
2.435374
1.423363
2.711082
2.422618
1.771007
2.186799
1.599222
1.888359
1.883198
2.300225
3.259449
2.277594
2.656511
1.600402
1.955129
2.161922
1.741136
2.311152
1.984863
1.957875
2.358723
1.897285
2.158994
1.638747
2.543896
2.430811
2.041283
1.447744
2.298674
2.747533
2.403419
2.367426
2.241094
2.381083
2.664729
1.643357
2.555159
1.695895
2.469928
2.147049
2.283477
1.735832
1.855716
2.044296
2.551168
1.527806
2.219952
2.103245
2.469281
1.567519
1.803533
2.315007
3.190721
1.933038
2.351063
1.820389
1.649693
2.157738
2.676435
1.830056
1.525000
2.049968
1.391785
1.870314
1.880575
2.228698
2.179951
1.888159
2.338747
1.873711
1.667921
1.833354
1.853875
1.704457
1.612792
2.328395
2.778112
1.519212
1.910315
1.774714
1.725900
1.545649
2.420286
2.864415
1.411757
2.195918
1.690843
2.655210
1.644285
1.857012
1.569881
1.908570
2.425326
2.211428
2.814031
1.416045
1.231220
2.149736
2.067848
1.878005
3.029032
1.747963
1.710343
2.823862
1.974307
1.595747
1.384328
1.700754
2.362473
2.306833
2.597673
1.579273
2.809510
2.040663
2.366327
2.135463
2.536816
2.041664
2.171870
1.991647
