2.985888
3.375386
2.900231
3.120245
2.219990
3.469018
2.847135
4.174763
8.691822
2.067681
1.841781
3.094789
2.103356
2.656179
2.733797
2.694026
2.735261
2.499133
2.367184
3.043432
2.627626
2.510041
2.179583
2.356695
2.965872
2.018006
2.431487
3.794044
2.028558
2.210308
3.831320
3.553924
1.967267
2.630595
2.276576
3.901212
2.170232
3.997829
2.439280
2.313203
2.165889
2.337072
2.613898
1.770952
2.841628
2.006960
1.923034
1.882132
2.805278
2.355290
1.876761
2.668167
1.706406
3.974890
3.119836
2.134604
2.247638
2.860310
2.329461
2.298419
2.100132
2.810761
2.362542
1.991807
3.028878
1.715625
2.385830
2.373467
2.577238
2.662103
2.476048
2.728255
1.893441
1.956559
2.597653
2.568692
2.088942
2.148626
1.544851
2.180640
2.023972
2.188640
2.311756
2.182630
1.858916
2.736970
2.897168
2.597503
2.255301
2.213134
2.029352
1.897875
2.465728
1.558995
5.190356
2.321698
2.320603
1.586060
1.640360
1.699392
2.133733
1.723559
2.118589
1.977449
2.125087
3.003923
1.795481
2.089514
1.515893
2.423438
3.370952
2.797791
2.362791
1.577276
1.820579
2.154017
1.969134
2.012013
1.850771
1.982216
1.348080
1.816143
1.791078
2.048056
3.743157
1.798218
2.351925
1.799611
2.100880
1.674829
1.983713
2.111641
2.783002
1.763307
1.973247
2.232563
2.279154
2.329339
2.036201
2.279780
2.400067
1.769019
2.016903
3.007822
1.618768
1.872293
2.686226
1.831679
2.403220
1.827495
1.947997
2.065792
2.269970
1.936530
2.036889
2.610868
1.687530
1.704967
1.633786
2.009273
1.882224
2.610538
1.772318
1.797221
1.880778
2.465880
2.456749
1.819142
2.458951
2.161920
2.024130
1.566212
1.764504
2.053698
1.965439
1.605042
2.305084
2.097630
2.189076
1.913217
3.041082
3.710070
2.205071
1.795871
1.995176
1.839474
2.205590
1.820204
2.061572
2.084271
1.980638
1.937805
1.284716
1.626474
1.758664
2.676064
2.591523
1.721601
1.947609
2.030217
2.067553
2.020463
1.751483
2.374378
1.922717
2.129514
2.038073
1.458156
1.970003
2.823366
1.756269
1.833369
1.831024
2.431492
1.748482
1.914273
1.743414
2.231577
1.633240
2.008676
1.482778
2.979801
2.414730
1.563755
1.761139
2.524000
2.005057
1.825693
1.989709
1.515551
2.038902
1.646990
1.874972
1.973745
2.201864
2.135735
1.410981
1.665155
1.571659
1.437417
1.662585
2.512893
