2.972428
4.066990
2.249680
2.960341
5.085582
2.340871
2.471881
2.759516
2.259042
2.838967
2.211103
3.755409
3.049253
2.957176
2.401194
2.498386
2.027412
3.137035
2.398362
3.163581
2.608376
3.641833
2.758287
2.296975
3.461880
2.527792
3.002717
2.961639
3.687645
3.261480
2.440525
2.327349
3.825033
2.508460
2.406346
3.533813
2.336502
4.389294
2.922671
2.571470
2.389354
3.228627
3.036855
3.191840
1.972158
2.840989
3.505679
2.720990
4.388077
2.835869
2.419528
3.628990
3.164093
3.796465
3.228848
2.577002
3.313122
3.650650
3.265240
3.550729
2.639982
2.713970
2.386902
4.692618
2.449002
3.146924
2.546387
2.074169
2.674941
3.320631
3.095769
2.544277
2.216213
3.000321
2.811978
2.080769
4.627527
2.900493
2.495285
2.281742
4.490522
3.243986
2.904271
1.692425
4.565867
2.652139
3.304013
3.129910
3.866569
2.698932
3.007696
2.727825
2.946181
2.586276
3.143011
2.711510
3.962196
2.794090
2.316069
3.761137
3.730587
2.767068
2.241999
3.966997
2.516999
2.460356
2.738920
2.436284
2.128890
3.228286
2.865268
3.350286
2.134773
1.941019
2.026469
4.879802
2.074211
2.967594
3.492688
3.516044
2.488929
2.998565
2.536538
3.228453
3.563566
2.530123
2.885667
2.499569
3.176436
2.050643
1.976441
3.223960
2.245972
2.472623
2.886057
4.532570
2.575173
2.280032
2.813703
3.599631
2.868914
4.374432
1.843582
2.390512
2.970236
3.522964
2.624396
2.428183
2.801868
2.702201
3.250107
3.890383
2.029022
3.277314
2.727170
3.122220
2.806821
3.223823
2.905942
3.709073
2.469600
3.091469
4.234693
2.681138
1.979034
2.764901
3.167407
2.558271
1.743131
2.561889
3.335480
2.210088
2.623909
1.919156
1.956485
2.485765
1.926971
1.926026
2.623961
2.961749
2.070818
2.970036
2.369562
3.690510
3.634788
2.896777
2.322746
2.150292
2.620734
1.533567
2.088044
2.343510
2.103469
2.331581
3.131238
2.645623
2.782789
2.758687
3.331740
1.975134
2.191874
2.087858
2.707652
3.522106
2.697139
2.104885
2.373763
2.500299
2.689151
2.651288
2.348950
2.230153
2.009510
3.134171
3.129287
2.574592
2.127194
2.321819
2.206928
2.768467
1.845991
3.059309
1.530951
2.752418
3.033118
2.583416
2.852702
2.811904
2.000346
2.763856
3.318577
2.011676
1.795947
2.493230
3.698618
2.787745
2.962188
2.446756
2.927512
2.327618
3.633002
2.117730
1.982746
2.656208
2.247515
3.645268
1.705219
1.973311
2.848621
3.462753
2.901026
1.996475
2.360846
2.129129
3.088401
3.088899
2.514628
2.638994
2.284490
2.385119
2.761411
2.761794
2.074213
3.404908
1.858593
1.820433
2.665422
2.010581
2.227437
2.218124
2.427953
2.359707
3.004929
2.509499
2.034308
2.945172
2.268278
3.515515
2.729023
1.925160
2.415809
2.625575
2.934448
2.488733
2.081492
1.728922
2.055989
1.988058
2.955010
3.118784
1.646802
1.787405
1.873132
1.741429
2.756520
2.948189
1.752876
1.824532
1.972241
2.326197
2.051209
3.714821
1.748492
1.929116
1.874047
2.380253
2.304120
2.536776
2.801052
2.250929
3.669753
1.906302
2.376024
3.156659
2.946344
1.945220
1.800421
3.256390
2.644856
2.120212
2.153091
2.856551
2.331677
1.976297
1.814936
1.868662
2.639871
2.570389
3.033741
2.842160
2.883792
2.535443
2.307552
2.312183
2.196330
2.111819
2.374564
2.180380
2.659173
2.259508
2.323589
2.097309
2.587662
2.679682
1.752385
2.349375
2.365992
2.225684
3.123569
1.774820
1.973891
2.023188
2.200226
2.936206
2.738062
2.485292
3.217388
1.856117
2.371149
2.409737
1.747261
1.592513
1.798408
2.042871
2.069745
2.001519
2.259345
1.858553
2.939740
2.303628
2.380498
2.018576
2.095591
2.059972
1.992348
2.477719
2.258900
1.575035
2.077951
2.427844
1.962752
1.990460
3.128265
1.754224
2.183760
2.597992
2.768209
2.042073
2.538207
2.529909
1.989952
1.780170
2.818207
2.690362
2.740958
2.487799
1.926668
2.794142
3.154635
2.028636
2.549122
2.786346
2.116298
1.827724
2.476205
4.122414
1.781549
2.241467
2.415566
2.434494
1.937686
2.010181
1.736822
2.166542
2.834947
1.742091
1.696627
2.815401
2.698823
1.466400
2.084400
1.999596
1.720299
2.661676
2.802767
2.389450
2.216355
2.440384
1.667300
3.157178
2.786766
2.541749
2.040717
2.105853
2.168306
2.504989
2.031082
2.247770
2.185832
2.124481
1.779329
1.859448
1.842865
2.604366
2.282988
2.785515
1.870385
2.940694
2.128435
2.059592
1.781764
1.876482
2.239271
2.086257
2.123034
2.170965
2.862591
2.756846
3.636135
2.217014
1.830152
2.355043
1.795136
3.001158
2.007067
3.335783
1.921920
1.637640
1.816135
3.093830
2.713477
1.610609
1.803335
2.963129
2.017411
1.352003
2.459848
2.112689
1.908051
2.286591
1.810141
3.320171
3.448851
2.764721
2.932640
2.714616
1.676358
2.279953
1.365185
2.826332
