2.126689
2.057149
2.135208
2.857090
7.515195
4.524783
2.633372
1.710342
2.914797
5.681366
2.399037
1.940944
2.438816
3.966394
2.445005
2.358254
2.914139
2.382632
2.441739
2.707204
3.269795
1.583360
2.224495
3.089067
2.408952
2.772834
2.177522
3.110244
2.590119
2.765293
3.871114
2.441580
1.987780
2.228719
1.736679
3.760343
2.984811
2.973921
2.173287
2.238085
3.534417
2.740550
1.437113
2.560812
1.737417
3.591395
3.342378
3.445375
3.038393
4.099759
3.497022
1.490168
3.503278
2.136559
2.220864
3.441296
4.131509
3.059997
4.253449
2.637638
2.140799
3.493393
2.175465
2.849340
2.557748
2.888437
2.156948
2.857514
2.644463
1.721433
2.500428
1.677993
4.297678
3.477776
2.452727
2.140965
1.793599
3.095917
2.934248
1.911955
2.342300
2.569449
2.425023
1.972689
2.031257
2.312685
4.086892
2.199094
1.806067
2.583841
2.786155
2.517706
2.247074
2.622611
2.343985
1.543964
2.428693
2.720090
2.501740
2.657373
1.910597
2.824560
3.902531
2.434813
2.130176
3.413720
2.299942
2.129837
2.310755
2.281973
2.057612
2.625213
2.689158
2.526953
2.609524
2.258610
2.007025
3.731225
1.913712
2.100019
1.776638
3.638411
2.251661
1.362525
3.059559
2.339031
2.867706
2.713857
3.116181
1.403676
2.093700
2.045453
2.435346
1.936248
2.048516
1.721524
2.056182
2.402664
2.363380
2.154398
2.186670
3.137121
2.068664
3.741538
1.891951
2.853958
2.440633
1.538704
2.865254
1.681842
3.060135
2.796563
2.527339
2.236124
1.822585
1.899061
2.121624
2.045872
2.610808
2.650687
3.366246
1.950138
3.172838
1.953352
2.814370
4.385552
2.004394
2.613975
2.290797
2.912271
2.101818
2.996377
3.343666
2.030809
2.982164
3.112275
2.135108
2.794322
3.276042
2.351532
1.792987
3.668203
2.153387
1.785289
2.408751
2.439444
1.907022
1.717154
2.336020
