2.354886
1.905106
1.503610
1.474570
1.296859
1.718245
2.202644
2.077250
1.067373
2.206816
1.211554
1.577478
2.915866
2.886761
1.624492
1.408669
1.761465
2.135507
1.729964
2.898283
1.645813
2.350211
2.383962
2.017338
1.667155
1.895720
1.141021
2.030758
2.001025
1.492961
2.010854
2.213719
2.074881
2.254261
1.898249
2.579581
1.621714
1.727280
1.395065
2.941369
2.942214
1.911995
1.968674
1.859753
1.986977
1.895494
1.942308
2.225932
2.028584
1.597317
1.276739
1.554881
2.195960
2.917745
2.017189
1.874822
1.864197
1.784885
2.293534
1.779748
1.726377
1.679252
2.798036
1.315882
2.364094
2.520556
1.957508
1.894813
1.928411
1.780934
1.360354
1.643164
1.817720
2.183531
1.804578
2.089551
1.581588
1.819672
1.681473
1.637147
1.470540
1.744685
1.610184
2.532479
1.373195
2.164672
1.381441
1.800107
1.280494
1.576230
2.023914
2.661314
1.964439
1.525645
1.837997
1.906834
1.956970
2.500361
1.937575
1.971509
2.195928
3.309319
1.418720
1.221982
1.685357
1.850529
1.514186
1.996745
1.880307
2.711381
2.242412
1.690362
2.205983
2.972520
2.018180
1.986145
3.257482
1.845027
2.023092
1.398943
1.401265
1.745464
1.591098
2.280368
1.802076
1.271433
1.868004
2.235290
2.093658
2.275590
1.417308
1.108863
1.764550
2.048393
1.818859
1.503163
1.525802
2.084482
1.725976
3.042691
1.710950
1.210166
2.118805
2.448506
1.684230
1.720472
1.780398
1.312639
2.385735
1.394542
1.402037
1.837956
2.181873
2.023836
2.957462
1.884396
1.973408
1.569462
1.332330
1.403065
2.206184
1.491183
2.188123
1.714722
3.043313
2.081001
1.251416
1.237290
1.949059
2.425996
1.773017
1.724988
1.766892
1.636031
2.001756
2.607200
1.237666
1.700378
1.783658
1.789008
2.040557
1.859596
