1 2 0.634115
1 4 0.806557
1 5 0.793361
1 6 0.919514
1 7 0.475509
1 8 0.659964
1 9 0.734674
1 11 0.628035
1 13 0.642380
1 14 0.500000
2 1 0.634115
4 1 0.806557
4 14 0.500000
5 1 0.793361
6 1 0.919514
7 1 0.475509
7 14 0.500000
8 1 0.659964
8 14 0.500000
9 1 0.734674
11 1 0.628035
11 14 0.500000
13 1 0.642380
13 14 0.500000
14 1 0.500000
14 4 0.500000
14 7 0.500000
14 8 0.500000
14 11 0.500000
14 13 0.500000
1 1 0.766197
1 3 0.500000
1 10 0.515259
1 12 0.500000
2 2 0.566727
2 3 0.500000
2 4 0.668287
2 5 0.682465
2 6 0.737437
2 7 0.498033
2 8 0.580783
2 9 0.615590
2 10 0.507861
2 11 0.559564
2 12 0.500000
2 13 0.569007
2 14 0.500000
3 1 0.500000
3 2 0.500000
3 3 0.500000
3 4 0.500000
3 5 0.500000
3 6 0.500000
3 7 0.500000
3 8 0.500000
3 9 0.500000
3 10 0.500000
3 11 0.500000
3 12 0.500000
3 13 0.500000
3 14 0.500000
4 2 0.668287
4 3 0.500000
4 4 0.970155
4 5 0.895339
4 6 0.957385
4 7 0.484303
4 8 0.736780
4 9 0.739687
4 10 0.554150
4 11 0.650318
4 12 0.500000
4 13 0.661018
5 2 0.682465
5 3 0.500000
5 4 0.895339
5 5 0.991075
5 6 0.940263
5 7 0.675047
5 8 0.672663
5 9 0.742515
5 10 0.527172
5 11 0.634675
5 12 0.500000
5 13 0.665721
5 14 0.500000
6 2 0.737437
6 3 0.500000
6 4 0.957385
6 5 0.940263
6 6 0.999954
6 7 0.631065
6 8 0.756885
6 9 0.895356
6 10 0.547916
6 11 0.746292
6 12 0.500000
6 13 0.775301
6 14 0.500000
7 2 0.498033
7 3 0.500000
7 4 0.484303
7 5 0.675047
7 6 0.631065
7 7 0.667503
7 8 0.476169
7 9 0.479406
7 10 0.500018
7 11 0.483896
7 12 0.500000
7 13 0.489063
8 2 0.580783
8 3 0.500000
8 4 0.736780
8 5 0.672663
8 6 0.756885
8 7 0.476169
8 8 0.613856
8 9 0.632829
8 10 0.515873
8 11 0.571969
8 12 0.500000
8 13 0.584576
9 2 0.615590
9 3 0.500000
9 4 0.739687
9 5 0.742515
9 6 0.895356
9 7 0.479406
9 8 0.632829
9 9 0.725172
9 10 0.508322
9 11 0.612401
9 12 0.500000
9 13 0.628055
9 14 0.500000
10 1 0.515259
10 2 0.507861
10 3 0.500000
10 4 0.554150
10 5 0.527172
10 6 0.547916
10 7 0.500018
10 8 0.515873
10 9 0.508322
10 10 0.508075
10 11 0.506280
10 12 0.500000
10 13 0.507231
10 14 0.500000
11 2 0.559564
11 3 0.500000
11 4 0.650318
11 5 0.634675
11 6 0.746292
11 7 0.483896
11 8 0.571969
11 9 0.612401
11 10 0.506280
11 11 0.558304
11 12 0.500000
11 13 0.564783
12 1 0.500000
12 2 0.500000
12 3 0.500000
12 4 0.500000
12 5 0.500000
12 6 0.500000
12 7 0.500000
12 8 0.500000
12 9 0.500000
12 10 0.500000
12 11 0.500000
12 12 0.500000
12 13 0.500000
12 14 0.500000
13 2 0.569007
13 3 0.500000
13 4 0.661018
13 5 0.665721
13 6 0.775301
13 7 0.489063
13 8 0.584576
13 9 0.628055
13 10 0.507231
13 11 0.564783
13 12 0.500000
13 13 0.577917
14 2 0.500000
14 3 0.500000
14 5 0.500000
14 6 0.500000
14 9 0.500000
14 10 0.500000
14 12 0.500000
14 14 0.500000
