1 2 0.640508
1 4 0.715286
1 5 0.672106
1 6 0.742238
1 7 0.647800
1 8 0.665058
1 9 0.674453
1 11 0.500000
1 13 0.642654
1 14 0.500000
2 1 0.640508
4 1 0.715286
4 14 0.500000
5 1 0.672106
6 1 0.742238
7 1 0.647800
7 14 0.500000
8 1 0.665058
8 14 0.500000
9 1 0.674453
11 1 0.500000
11 14 0.500000
13 1 0.642654
13 14 0.500000
14 1 0.500000
14 4 0.500000
14 7 0.500000
14 8 0.500000
14 11 0.500000
14 13 0.500000
1 1 0.766809
1 3 0.500000
1 10 0.509413
1 12 0.500000
2 2 0.573694
2 3 0.500000
2 4 0.597692
2 5 0.580212
2 6 0.626605
2 7 0.573981
2 8 0.582871
2 9 0.592290
2 10 0.504531
2 11 0.500000
2 12 0.500000
2 13 0.571089
2 14 0.500000
3 1 0.500000
3 2 0.500000
3 3 0.500000
3 4 0.500000
3 5 0.500000
3 6 0.500000
3 7 0.500000
3 8 0.500000
3 9 0.500000
3 10 0.500000
3 11 0.500000
3 12 0.500000
3 13 0.500000
3 14 0.500000
4 2 0.597692
4 3 0.500000
4 4 0.983277
4 5 0.608569
4 6 0.737894
4 7 0.552622
4 8 0.646967
4 9 0.933685
4 10 0.490709
4 11 0.500000
4 12 0.500000
4 13 0.591796
5 2 0.580212
5 3 0.500000
5 4 0.608569
5 5 0.636615
5 6 0.650730
5 7 0.586895
5 8 0.622028
5 9 0.546662
5 10 0.506113
5 11 0.500000
5 12 0.500000
5 13 0.591606
5 14 0.500000
6 2 0.626605
6 3 0.500000
6 4 0.737894
6 5 0.650730
6 6 0.735405
6 7 0.616495
6 8 0.604421
6 9 0.673030
6 10 0.497936
6 11 0.500000
6 12 0.500000
6 13 0.630950
6 14 0.500000
7 2 0.573981
7 3 0.500000
7 4 0.552622
7 5 0.586895
7 6 0.616495
7 7 0.607378
7 8 0.620082
7 9 0.575692
7 10 0.516641
7 11 0.500000
7 12 0.500000
7 13 0.568563
8 2 0.582871
8 3 0.500000
8 4 0.646967
8 5 0.622028
8 6 0.604421
8 7 0.620082
8 8 0.848281
8 9 0.778977
8 10 0.555530
8 11 0.500000
8 12 0.500000
8 13 0.574338
9 2 0.592290
9 3 0.500000
9 4 0.933685
9 5 0.546662
9 6 0.673030
9 7 0.575692
9 8 0.778977
9 9 0.980883
9 10 0.535140
9 11 0.500000
9 12 0.500000
9 13 0.585376
9 14 0.500000
10 1 0.509413
10 2 0.504531
10 3 0.500000
10 4 0.490709
10 5 0.506113
10 6 0.497936
10 7 0.516641
10 8 0.555530
10 9 0.535140
10 10 0.513663
10 11 0.500000
10 12 0.500000
10 13 0.500245
10 14 0.500000
11 2 0.500000
11 3 0.500000
11 4 0.500000
11 5 0.500000
11 6 0.500000
11 7 0.500000
11 8 0.500000
11 9 0.500000
11 10 0.500000
11 11 0.500000
11 12 0.500000
11 13 0.500000
12 1 0.500000
12 2 0.500000
12 3 0.500000
12 4 0.500000
12 5 0.500000
12 6 0.500000
12 7 0.500000
12 8 0.500000
12 9 0.500000
12 10 0.500000
12 11 0.500000
12 12 0.500000
12 13 0.500000
12 14 0.500000
13 2 0.571089
13 3 0.500000
13 4 0.591796
13 5 0.591606
13 6 0.630950
13 7 0.568563
13 8 0.574338
13 9 0.585376
13 10 0.500245
13 11 0.500000
13 12 0.500000
13 13 0.582984
14 2 0.500000
14 3 0.500000
14 5 0.500000
14 6 0.500000
14 9 0.500000
14 10 0.500000
14 12 0.500000
14 14 0.500000
