1.799942
2.067949
1.745635
1.509818
1.456790
2.673015
2.129758
4.578654
2.404467
1.442832
1.572412
2.543913
2.568619
1.743503
2.457044
1.235445
4.027081
1.972860
2.826128
2.401140
2.839971
1.697771
5.298245
2.312655
2.788515
1.953011
2.791391
2.111754
2.637337
5.603481
2.099312
2.151536
1.271395
2.268606
2.825738
2.525583
1.852511
1.900415
3.513044
3.642182
1.448794
2.847323
2.032414
2.326060
1.867368
2.485350
2.009069
3.317758
1.789874
1.577174
2.516185
1.656740
2.120447
1.301636
1.972050
2.660655
1.905441
2.403160
1.952571
1.734245
1.879652
1.163816
1.569923
1.509386
2.171801
1.927354
2.654741
2.079436
2.110196
3.902991
2.616808
1.343220
2.326466
2.220381
2.463809
1.907605
1.187387
1.693964
2.959728
2.217205
1.141886
2.386357
3.268927
1.790397
2.638245
1.308396
1.922348
2.325638
3.172595
2.359932
2.118078
4.753880
1.646044
2.757455
2.669876
2.361849
3.252353
2.162035
2.601146
1.594607
1.700142
1.665675
1.327297
2.247626
2.468446
1.323391
1.632628
2.525053
1.665209
1.801635
3.269702
2.067133
2.022709
1.670169
1.189307
2.160420
2.044655
4.105917
1.432118
1.148927
2.639514
1.756525
1.487054
2.043148
1.272869
2.268109
2.089261
2.096199
2.155286
1.521659
1.792419
1.892868
1.047651
2.186464
1.621609
1.807235
1.962366
3.098888
2.018272
1.989169
1.390600
1.882808
2.062349
2.492407
1.837095
2.920658
2.449978
2.333797
2.448828
2.034862
3.494878
1.645184
3.108592
1.522284
2.857377
2.012067
1.621336
1.627633
2.700888
1.961481
1.274228
1.636976
1.257122
2.162314
1.648650
2.485353
2.588859
2.297675
3.390201
1.619004
2.392090
1.854944
1.678222
3.449183
2.129439
1.851543
1.491339
1.736163
1.657884
3.507907
1.331393
2.171253
2.396214
1.518903
2.703292
2.166043
2.525940
2.815864
2.112086
2.127210
2.240829
2.514887
2.629057
1.313605
1.416865
1.879945
1.829482
2.696988
3.408821
1.841109
1.807714
3.400913
2.402169
1.969985
1.186587
2.323792
1.848166
1.400410
1.504303
2.069904
1.522997
1.637917
1.067303
1.773664
2.080168
1.367650
2.045486
1.385962
3.596655
1.265618
