4.507901
8.350788
4.279985
4.892701
5.507826
7.706146
4.553838
4.564504
5.754103
4.337511
5.450559
3.551910
8.046957
4.940838
5.729186
6.524101
3.904955
5.228822
5.303145
3.256676
7.101048
9.028318
3.617873
7.634904
4.484185
5.553705
4.771780
8.832363
4.182806
4.428150
9.564772
4.389327
4.129084
5.396044
3.412668
6.004402
6.766786
7.238398
8.498014
4.592887
4.329561
6.047310
4.726855
7.604007
5.214294
3.229694
3.746810
4.323968
10.630177
4.195812
5.028916
6.708228
5.122597
3.892302
5.406590
6.428334
5.698164
6.264788
7.133353
4.431283
7.167904
5.090656
4.037158
7.086903
3.164721
2.933122
3.957561
4.890331
5.254998
3.913629
4.015966
6.527499
3.342505
4.276003
3.122896
5.932380
5.217449
3.398535
3.404455
4.385190
9.842021
4.600534
4.027423
5.033536
4.817389
4.420482
3.114021
3.081108
3.446536
3.284163
3.453379
5.965081
4.056392
3.668202
5.879554
4.211955
5.543705
4.490070
7.745786
8.852346
3.407191
3.789670
6.237803
5.545238
4.939856
3.735811
3.310651
3.997720
3.933818
5.499088
6.635352
6.767709
3.812818
3.912246
5.693666
2.612477
5.523042
5.430593
4.982944
3.750116
5.608008
2.795174
4.560988
2.554485
3.680650
6.224213
5.185824
3.178429
4.839341
4.635565
5.830539
5.081199
2.870659
3.703274
4.033185
7.733858
5.758311
5.895057
2.872375
4.776461
3.259100
2.992893
2.669446
2.991205
4.279167
4.756981
4.021227
8.670372
4.058319
5.120198
4.531371
5.682281
5.446687
4.073145
5.912895
4.755054
4.334710
3.434983
3.428410
2.678921
3.656340
7.738160
4.455454
4.585891
3.244032
2.912103
3.003189
4.717687
4.065489
2.415494
6.643250
2.739736
5.188447
4.522924
7.604804
6.682525
5.754572
3.496461
4.389969
4.807786
5.021020
4.987605
3.424752
2.577708
4.221058
6.757883
4.436035
3.249270
6.744984
2.319557
4.552588
2.787010
3.754211
3.841717
2.922662
4.774341
4.470065
4.179408
3.060319
2.362554
4.122216
3.219714
2.984052
3.845133
4.275240
2.740496
5.678211
4.447172
7.352922
3.356930
5.274834
1.918004
4.673984
4.308239
3.758455
3.677909
3.867715
7.143439
2.929535
2.426522
2.588934
3.267024
6.323144
4.385584
4.110338
5.409855
5.179490
5.000252
5.107779
5.737202
4.398241
3.168436
3.263114
3.829612
3.665633
5.836298
2.957261
3.051036
5.382635
3.072574
8.532689
4.151688
5.170578
5.893590
2.883838
2.015722
3.313587
2.986099
2.928082
2.911236
3.054624
3.274510
4.272718
2.767209
3.183429
3.717874
3.295314
3.974530
5.647053
1.756127
2.491457
2.136470
2.833614
2.865057
4.091589
2.631484
4.317566
3.921090
3.979679
3.400834
3.184427
3.146815
3.821694
7.958234
2.167263
3.824827
3.864914
2.223395
2.447063
3.971486
4.524890
4.154846
1.661717
4.245046
3.163939
3.056758
6.969643
1.730812
3.322881
2.421942
3.070616
3.928260
4.403985
5.157458
3.094520
5.945158
3.748731
3.970010
2.542737
5.729467
3.087702
2.156018
1.598380
2.188404
3.494509
4.204380
5.855811
1.945854
2.004373
2.799096
2.934114
4.157653
3.806370
2.407604
4.097263
5.982204
6.928027
3.428703
3.607721
4.874838
4.250753
2.797332
2.643162
3.146045
3.911536
6.099220
2.471262
3.302230
3.221643
2.609118
3.174897
1.493033
2.605819
3.461092
3.924971
3.221263
7.120688
5.185481
2.498811
3.564488
2.520418
2.576833
3.561308
2.823135
2.622042
4.218302
4.006650
2.976414
2.850126
5.147876
2.022682
3.976205
4.094247
7.770898
4.051392
2.561330
3.457592
2.998911
2.797008
3.009149
2.717672
2.482896
3.494473
2.934646
3.372250
2.971408
3.745990
4.145946
3.391874
2.451841
2.623785
3.288644
4.571872
1.842962
3.017379
5.283970
3.323166
4.055110
2.429972
5.124387
2.535228
2.560249
2.734400
1.813396
1.957127
3.260923
3.189947
2.200498
5.150494
3.707624
1.981676
1.779559
2.265957
3.856903
3.594733
3.163203
3.557041
3.729900
3.596798
3.512570
3.072318
2.604746
3.828220
1.972825
3.075609
2.898949
2.650599
1.959934
1.894331
2.550342
3.245531
3.506156
3.722156
4.655716
2.700956
4.432339
3.338820
5.053336
4.097311
1.725844
3.503746
4.220518
3.190575
3.113688
3.196720
6.960983
3.089417
3.417705
2.042645
1.950800
3.032827
3.425177
2.268184
3.155674
4.157295
3.670717
2.826673
1.886045
3.529077
3.928423
2.095662
2.865426
3.030871
2.650552
4.756886
4.210492
2.119687
2.820199
4.326168
5.169559
3.530163
2.994691
2.170722
2.111461
4.085796
1.936863
2.970484
3.341688
3.530596
2.573718
2.424808
2.133864
2.909516
3.131893
2.256262
3.232320
2.794619
2.406347
3.218263
2.784515
2.364105
3.747471
2.469755
4.353898
2.319202
2.901743
2.814731
2.723786
2.905322
2.172583
5.452250
3.771315
3.592553
1.817852
4.725364
2.119981
2.150706
3.000985
2.714417
3.179959
4.730438
3.025620
2.918524
4.336739
2.761118
2.403395
3.179785
2.171687
2.399228
3.249336
2.970468
5.423134
3.951307
3.030205
2.374807
4.653312
5.055422
2.049762
2.284051
2.527001
2.145319
3.584236
3.627351
2.272499
3.533781
2.241685
3.172807
3.208333
2.323059
4.689431
2.405872
2.234747
2.843811
3.457411
1.986725
2.215284
2.889006
2.220369
1.871413
3.124492
2.916356
2.776839
2.594345
3.624241
3.255614
3.278462
7.382829
2.550335
2.796159
2.117024
5.237295
2.750893
2.391100
2.278340
2.893007
3.172317
1.567095
1.994756
2.293090
5.318801
2.825265
2.040699
2.690037
2.581896
3.469663
2.659119
4.237995
3.461075
2.974254
4.097402
2.951274
4.008269
3.232468
1.785526
3.483961
2.796107
4.121387
5.665681
2.073320
2.162223
6.476041
1.926911
5.041583
3.195801
2.867947
4.394445
2.465672
3.105906
2.100806
2.963684
1.725736
2.964698
2.533555
2.133781
2.323647
3.061281
2.925241
2.176279
4.690127
4.380989
1.293615
1.906064
3.037672
3.266396
2.261549
2.591777
4.208941
3.243105
3.245148
2.472572
2.553155
4.708466
2.009289
2.164963
3.003799
3.060701
2.113322
2.665349
3.736562
2.773626
2.605316
2.075828
3.351522
3.939490
3.641972
2.695301
1.813698
2.292520
3.488464
2.253940
4.606955
3.107583
1.686594
1.810310
3.814891
2.017302
2.050056
1.710144
1.887841
2.412841
3.205010
3.102863
2.181827
1.470283
3.415482
3.511987
1.554308
3.237300
1.836687
3.571619
1.930683
1.679376
1.890048
2.954849
2.600888
3.032742
4.196584
3.282759
3.355070
1.787402
2.149751
2.667538
4.763950
3.001253
1.688951
2.222651
2.575263
2.527041
3.935967
1.862030
3.569970
4.564625
3.275079
2.318099
1.584781
2.033683
2.617679
2.980154
2.209826
2.226882
2.480941
2.928899
2.401359
1.827347
3.222857
2.095161
3.730903
2.599157
2.096756
2.338331
2.248452
2.098444
3.274272
2.202884
2.754211
2.085060
5.691663
2.203939
3.974140
2.287987
3.059693
3.173692
2.219201
2.479124
1.988160
2.076589
2.928818
4.219424
2.467826
2.156350
2.601055
3.564544
3.238338
1.861409
2.105387
2.352907
2.170500
1.992520
3.676776
2.728735
3.195617
2.709417
2.659970
1.865106
2.248603
2.655289
2.201824
1.675928
3.933074
1.741968
2.619199
2.568593
4.406389
2.812483
3.851319
3.793127
3.747262
1.822441
1.506765
2.651332
1.916234
4.550275
1.680436
2.593838
1.765850
2.724797
2.033105
3.913387
2.354636
2.127034
2.503296
2.331887
3.566783
2.356852
1.105739
3.344015
2.424543
3.003009
4.078131
5.114028
2.937018
1.958855
2.812793
1.698744
4.027090
3.044145
1.523923
2.245548
2.315125
1.896564
3.437406
2.348572
3.100760
2.503398
2.489357
1.600470
2.813004
2.089769
2.415428
1.837957
3.237693
3.116452
3.631415
1.857451
2.986288
3.069058
1.909045
2.365110
3.537284
2.751379
2.796946
2.275378
2.369433
2.701838
2.608794
3.196989
2.904223
2.797222
1.746833
2.078843
2.254677
3.596015
2.015045
2.502446
3.286537
1.386275
4.458579
1.964198
2.194233
1.783323
1.798871
1.819207
1.557999
3.297161
3.507473
2.524718
3.523175
2.639926
2.686601
1.707239
1.918564
1.517141
3.102437
2.276117
2.952603
4.104032
2.355237
3.484639
1.467492
2.650535
3.645438
1.771343
1.832560
2.857660
4.944977
1.997373
2.039466
2.620222
1.729061
2.237971
1.650606
1.431333
2.393169
1.943240
2.094174
3.644647
2.023518
1.925593
2.327626
1.781392
2.436813
2.868297
1.668989
2.533660
1.860524
2.192898
2.244559
3.179417
2.340466
4.631587
2.979883
2.228701
2.080960
1.987558
2.498123
2.318987
3.286823
2.751075
1.963176
1.195835
2.437997
3.804298
2.461999
2.919626
2.301055
3.343694
2.345557
3.252984
3.035616
2.055028
1.391495
3.956620
3.042348
1.271039
1.491568
2.394506
2.705986
3.693801
1.706623
3.263298
3.428865
5.338628
3.364504
2.487494
3.552277
1.867099
2.279686
2.491901
1.843035
2.217424
1.294348
6.068949
3.101000
1.577403
1.909165
2.002093
1.173333
4.730932
1.994101
2.008080
4.586740
2.170941
2.384468
2.167570
2.314111
2.407609
2.162008
1.419459
3.611996
1.318631
3.760348
3.123426
2.866360
1.950218
2.207963
3.132431
1.591486
1.757250
3.273579
2.296342
2.538035
3.502263
2.855613
2.365237
2.085935
2.753247
2.295150
2.135740
3.402427
2.083584
4.224054
1.557622
2.604258
1.464498
2.534990
1.294804
4.149596
3.809137
3.166332
3.524063
1.287103
2.869843
3.196721
4.636544
3.629880
4.187697
2.407315
2.381788
2.381990
2.661571
1.322323
1.317550
4.436500
1.447793
2.362839
2.054566
1.690580
2.625806
4.724370
4.199650
1.424915
1.260915
1.820396
2.693099
1.960672
4.784244
2.364623
3.367427
2.864262
2.197381
2.896073
2.784373
1.975216
1.952537
1.321076
3.167501
2.040431
1.633103
1.515074
2.183227
3.013385
1.736521
2.221033
3.754251
2.007077
1.959627
2.367231
1.848551
3.271690
2.118708
2.528706
3.372535
3.196107
1.654821
2.097675
2.822711
1.681245
2.406011
4.054384
2.677180
1.910635
3.092840
1.609976
2.675752
2.214658
1.737903
1.829102
3.091161
4.207623
1.963140
1.580709
2.001785
2.847174
1.687852
2.799739
2.005032
2.020400
3.780572
2.285993
1.936678
1.881898
1.550551
1.888157
2.180468
2.607621
3.331345
2.037614
1.890409
1.374649
2.162930
2.637691
1.890837
2.383503
2.052657
1.945180
2.992765
2.138394
2.562510
1.367270
3.694658
3.130662
3.193260
2.554451
1.752039
4.029678
1.639693
2.888881
2.438301
3.883712
2.437870
3.408152
1.881770
1.560110
2.414274
1.932758
1.636100
2.150462
2.820942
3.546512
