1 2 0.613169
1 4 0.808613
1 5 0.613294
1 6 0.489233
1 7 0.626399
1 8 0.644814
1 9 0.663821
1 11 0.591696
1 13 0.633493
1 14 0.500000
2 1 0.613169
4 1 0.808613
4 14 0.500000
5 1 0.613294
6 1 0.489233
7 1 0.626399
7 14 0.500000
8 1 0.644814
8 14 0.500000
9 1 0.663821
11 1 0.591696
11 14 0.500000
13 1 0.633493
13 14 0.500000
14 1 0.500000
14 4 0.500000
14 7 0.500000
14 8 0.500000
14 11 0.500000
14 13 0.500000
1 1 0.735489
1 3 0.500000
1 10 0.541381
1 12 0.500000
2 2 0.559507
2 3 0.500000
2 4 0.698256
2 5 0.560823
2 6 0.462928
2 7 0.560881
2 8 0.566278
2 9 0.578665
2 10 0.517358
2 11 0.546010
2 12 0.500000
2 13 0.567340
2 14 0.500000
3 1 0.500000
3 2 0.500000
3 3 0.500000
3 4 0.500000
3 5 0.500000
3 6 0.500000
3 7 0.500000
3 8 0.500000
3 9 0.500000
3 10 0.500000
3 11 0.500000
3 12 0.500000
3 13 0.500000
3 14 0.500000
4 2 0.698256
4 3 0.500000
4 4 0.997884
4 5 0.737251
4 6 0.596757
4 7 0.727194
4 8 0.661737
4 9 0.724074
4 10 0.513840
4 11 0.651519
4 12 0.500000
4 13 0.766686
5 2 0.560823
5 3 0.500000
5 4 0.737251
5 5 0.575727
5 6 0.489945
5 7 0.569521
5 8 0.570459
5 9 0.579234
5 10 0.516502
5 11 0.548800
5 12 0.500000
5 13 0.572615
5 14 0.500000
6 2 0.462928
6 3 0.500000
6 4 0.596757
6 5 0.489945
6 6 0.997053
6 7 0.533532
6 8 0.466286
6 9 0.512340
6 10 0.482237
6 11 0.488190
6 12 0.500000
6 13 0.495099
6 14 0.500000
7 2 0.560881
7 3 0.500000
7 4 0.727194
7 5 0.569521
7 6 0.533532
7 7 0.583342
7 8 0.575545
7 9 0.572911
7 10 0.516977
7 11 0.549795
7 12 0.500000
7 13 0.575304
8 2 0.566278
8 3 0.500000
8 4 0.661737
8 5 0.570459
8 6 0.466286
8 7 0.575545
8 8 0.607311
8 9 0.594077
8 10 0.526487
8 11 0.555736
8 12 0.500000
8 13 0.580200
9 2 0.578665
9 3 0.500000
9 4 0.724074
9 5 0.579234
9 6 0.512340
9 7 0.572911
9 8 0.594077
9 9 0.636549
9 10 0.528642
9 11 0.562687
9 12 0.500000
9 13 0.591453
9 14 0.500000
10 1 0.541381
10 2 0.517358
10 3 0.500000
10 4 0.513840
10 5 0.516502
10 6 0.482237
10 7 0.516977
10 8 0.526487
10 9 0.528642
10 10 0.512116
10 11 0.514699
10 12 0.500000
10 13 0.516090
10 14 0.500000
11 2 0.546010
11 3 0.500000
11 4 0.651519
11 5 0.548800
11 6 0.488190
11 7 0.549795
11 8 0.555736
11 9 0.562687
11 10 0.514699
11 11 0.536790
11 12 0.500000
11 13 0.553061
12 1 0.500000
12 2 0.500000
12 3 0.500000
12 4 0.500000
12 5 0.500000
12 6 0.500000
12 7 0.500000
12 8 0.500000
12 9 0.500000
12 10 0.500000
12 11 0.500000
12 12 0.500000
12 13 0.500000
12 14 0.500000
13 2 0.567340
13 3 0.500000
13 4 0.766686
13 5 0.572615
13 6 0.495099
13 7 0.575304
13 8 0.580200
13 9 0.591453
13 10 0.516090
13 11 0.553061
13 12 0.500000
13 13 0.589000
14 2 0.500000
14 3 0.500000
14 5 0.500000
14 6 0.500000
14 9 0.500000
14 10 0.500000
14 12 0.500000
14 14 0.500000
