1 2 0.573866
1 4 0.590820
1 5 0.615864
1 6 0.619812
1 7 0.589700
1 8 0.570314
1 9 0.584297
1 11 0.567212
1 13 0.571094
1 14 0.500000
2 1 0.573866
4 1 0.590820
4 14 0.500000
5 1 0.615864
6 1 0.619812
7 1 0.589700
7 14 0.500000
8 1 0.570314
8 14 0.500000
9 1 0.584297
11 1 0.567212
11 14 0.500000
13 1 0.571094
13 14 0.500000
14 1 0.500000
14 4 0.500000
14 7 0.500000
14 8 0.500000
14 11 0.500000
14 13 0.500000
1 1 0.675357
1 3 0.500000
1 10 0.504426
1 12 0.500000
2 2 0.532974
2 3 0.500000
2 4 0.540159
2 5 0.529654
2 6 0.545052
2 7 0.537356
2 8 0.527100
2 9 0.515868
2 10 0.500765
2 11 0.529224
2 12 0.500000
2 13 0.523326
2 14 0.500000
3 1 0.500000
3 2 0.500000
3 3 0.500000
3 4 0.500000
3 5 0.500000
3 6 0.500000
3 7 0.500000
3 8 0.500000
3 9 0.500000
3 10 0.500000
3 11 0.500000
3 12 0.500000
3 13 0.500000
3 14 0.500000
4 2 0.540159
4 3 0.500000
4 4 0.572809
4 5 0.531890
4 6 0.545350
4 7 0.549103
4 8 0.515838
4 9 0.489586
4 10 0.500227
4 11 0.538375
4 12 0.500000
4 13 0.522306
5 2 0.529654
5 3 0.500000
5 4 0.531890
5 5 0.882762
5 6 0.616103
5 7 0.536302
5 8 0.570435
5 9 0.766430
5 10 0.535692
5 11 0.540787
5 12 0.500000
5 13 0.601302
5 14 0.500000
6 2 0.545052
6 3 0.500000
6 4 0.545350
6 5 0.616103
6 6 0.616520
6 7 0.555818
6 8 0.552597
6 9 0.621548
6 10 0.508392
6 11 0.543442
6 12 0.500000
6 13 0.544521
6 14 0.500000
7 2 0.537356
7 3 0.500000
7 4 0.549103
7 5 0.536302
7 6 0.555818
7 7 0.551715
7 8 0.527516
7 9 0.538077
7 10 0.498325
7 11 0.532942
7 12 0.500000
7 13 0.535217
8 2 0.527100
8 3 0.500000
8 4 0.515838
8 5 0.570435
8 6 0.552597
8 7 0.527516
8 8 0.650810
8 9 0.494697
8 10 0.512369
8 11 0.526950
8 12 0.500000
8 13 0.503328
9 2 0.515868
9 3 0.500000
9 4 0.489586
9 5 0.766430
9 6 0.621548
9 7 0.538077
9 8 0.494697
9 9 0.944319
9 10 0.502551
9 11 0.521033
9 12 0.500000
9 13 0.605001
9 14 0.500000
10 1 0.504426
10 2 0.500765
10 3 0.500000
10 4 0.500227
10 5 0.535692
10 6 0.508392
10 7 0.498325
10 8 0.512369
10 9 0.502551
10 10 0.508107
10 11 0.502539
10 12 0.500000
10 13 0.490236
10 14 0.500000
11 2 0.529224
11 3 0.500000
11 4 0.538375
11 5 0.540787
11 6 0.543442
11 7 0.532942
11 8 0.526950
11 9 0.521033
11 10 0.502539
11 11 0.527628
11 12 0.500000
11 13 0.519895
12 1 0.500000
12 2 0.500000
12 3 0.500000
12 4 0.500000
12 5 0.500000
12 6 0.500000
12 7 0.500000
12 8 0.500000
12 9 0.500000
12 10 0.500000
12 11 0.500000
12 12 0.500000
12 13 0.500000
12 14 0.500000
13 2 0.523326
13 3 0.500000
13 4 0.522306
13 5 0.601302
13 6 0.544521
13 7 0.535217
13 8 0.503328
13 9 0.605001
13 10 0.490236
13 11 0.519895
13 12 0.500000
13 13 0.633770
14 2 0.500000
14 3 0.500000
14 5 0.500000
14 6 0.500000
14 9 0.500000
14 10 0.500000
14 12 0.500000
14 14 0.500000
