1 2 0.734096
1 4 0.848907
1 5 0.916584
1 6 0.838589
1 7 0.757152
1 8 0.662800
1 9 0.842486
1 11 0.500000
1 13 0.728293
1 14 0.500000
2 1 0.734096
4 1 0.848907
4 14 0.500000
5 1 0.916584
6 1 0.838589
7 1 0.757152
7 14 0.500000
8 1 0.662800
8 14 0.500000
9 1 0.842486
11 1 0.500000
11 14 0.500000
13 1 0.728293
13 14 0.500000
14 1 0.500000
14 4 0.500000
14 7 0.500000
14 8 0.500000
14 11 0.500000
14 13 0.500000
1 1 0.897660
1 3 0.500000
1 10 0.547670
1 12 0.500000
2 2 0.622406
2 3 0.500000
2 4 0.692015
2 5 0.723041
2 6 0.681524
2 7 0.628090
2 8 0.544555
2 9 0.683377
2 10 0.520481
2 11 0.500000
2 12 0.500000
2 13 0.607122
2 14 0.500000
3 1 0.500000
3 2 0.500000
3 3 0.500000
3 4 0.500000
3 5 0.500000
3 6 0.500000
3 7 0.500000
3 8 0.500000
3 9 0.500000
3 10 0.500000
3 11 0.500000
3 12 0.500000
3 13 0.500000
3 14 0.500000
4 2 0.692015
4 3 0.500000
4 4 0.987955
4 5 0.980004
4 6 0.772938
4 7 0.704793
4 8 0.726021
4 9 0.831473
4 10 0.584564
4 11 0.500000
4 12 0.500000
4 13 0.515362
5 2 0.723041
5 3 0.500000
5 4 0.980004
5 5 0.999220
5 6 0.858778
5 7 0.776604
5 8 0.760298
5 9 0.896127
5 10 0.655404
5 11 0.500000
5 12 0.500000
5 13 0.769271
5 14 0.500000
6 2 0.681524
6 3 0.500000
6 4 0.772938
6 5 0.858778
6 6 0.796204
6 7 0.696677
6 8 0.639251
6 9 0.769141
6 10 0.536082
6 11 0.500000
6 12 0.500000
6 13 0.686911
6 14 0.500000
7 2 0.628090
7 3 0.500000
7 4 0.704793
7 5 0.776604
7 6 0.696677
7 7 0.664632
7 8 0.589151
7 9 0.704365
7 10 0.521087
7 11 0.500000
7 12 0.500000
7 13 0.637366
8 2 0.544555
8 3 0.500000
8 4 0.726021
8 5 0.760298
8 6 0.639251
8 7 0.589151
8 8 0.918760
8 9 0.621748
8 10 0.533091
8 11 0.500000
8 12 0.500000
8 13 0.539398
9 2 0.683377
9 3 0.500000
9 4 0.831473
9 5 0.896127
9 6 0.769141
9 7 0.704365
9 8 0.621748
9 9 0.807290
9 10 0.540103
9 11 0.500000
9 12 0.500000
9 13 0.650562
9 14 0.500000
10 1 0.547670
10 2 0.520481
10 3 0.500000
10 4 0.584564
10 5 0.655404
10 6 0.536082
10 7 0.521087
10 8 0.533091
10 9 0.540103
10 10 0.521255
10 11 0.500000
10 12 0.500000
10 13 0.528915
10 14 0.500000
11 2 0.500000
11 3 0.500000
11 4 0.500000
11 5 0.500000
11 6 0.500000
11 7 0.500000
11 8 0.500000
11 9 0.500000
11 10 0.500000
11 11 0.500000
11 12 0.500000
11 13 0.500000
12 1 0.500000
12 2 0.500000
12 3 0.500000
12 4 0.500000
12 5 0.500000
12 6 0.500000
12 7 0.500000
12 8 0.500000
12 9 0.500000
12 10 0.500000
12 11 0.500000
12 12 0.500000
12 13 0.500000
12 14 0.500000
13 2 0.607122
13 3 0.500000
13 4 0.515362
13 5 0.769271
13 6 0.686911
13 7 0.637366
13 8 0.539398
13 9 0.650562
13 10 0.528915
13 11 0.500000
13 12 0.500000
13 13 0.743427
14 2 0.500000
14 3 0.500000
14 5 0.500000
14 6 0.500000
14 9 0.500000
14 10 0.500000
14 12 0.500000
14 14 0.500000
