0.952453
2.273760
1.612063
2.118216
1.130025
5.553851
2.489715
1.346842
1.329811
1.684615
1.697888
1.299472
1.297576
2.194296
1.358488
1.547680
1.950865
1.351774
1.248887
1.880586
1.263223
1.190813
1.976748
1.383341
1.211130
3.411598
2.584579
1.626301
0.796996
1.402445
0.869597
1.824349
0.985057
1.980511
1.552119
1.817469
1.191960
1.290872
2.470141
1.180908
1.772955
0.993167
1.078920
2.518383
1.659241
0.729395
1.787462
2.195059
1.797673
1.350612
1.431208
1.919430
1.882791
1.685381
1.188994
1.581675
1.436212
1.235522
1.796139
1.518469
1.256924
2.073518
1.745647
1.066003
1.308708
2.101746
1.093789
1.317297
1.557179
1.043571
1.440824
1.674983
0.938759
1.163768
1.614949
1.293553
1.530774
1.672083
1.462618
2.024778
1.939422
2.736760
1.337873
1.946871
1.057609
1.320903
2.328236
1.022975
1.487759
1.477537
1.396050
1.267812
2.560836
1.691650
1.172998
1.165047
1.507408
1.012203
1.327954
1.063656
1.301516
1.723174
1.390091
1.618494
1.050760
1.621683
1.251647
1.644693
1.534187
1.165120
1.630188
1.660462
1.496809
2.344783
1.540461
1.730011
1.900182
1.204970
1.391114
3.075676
2.352204
1.208479
2.385375
2.496207
2.329059
2.427670
1.841937
1.099127
3.073234
2.428053
0.927563
1.210562
2.097224
1.154949
1.635308
1.098332
1.845093
2.926957
1.534514
1.526509
1.954766
1.303695
1.022658
1.220045
1.394413
