2.572259
3.757496
2.956802
2.877269
2.906020
3.522244
2.264833
4.062451
2.758629
2.132062
2.202744
1.903301
3.082239
3.348265
2.207607
3.209423
2.412808
2.250252
2.531572
2.159032
3.053442
2.547520
1.972688
2.857894
2.049536
1.959436
2.588955
3.630121
2.450015
2.885978
1.915279
3.043967
2.549281
2.326057
2.850924
1.964868
3.072427
4.006245
2.997039
2.101489
1.894437
1.846962
1.970063
3.492198
2.530912
3.509024
2.641383
2.440588
2.611159
3.081209
3.940623
2.811877
2.676010
2.133436
3.753814
2.274899
3.084902
2.515818
3.403763
1.719564
1.677957
1.927178
1.422933
2.758101
2.576102
2.472168
2.507056
1.579618
2.296829
3.728209
3.615840
2.961890
2.489635
2.136684
2.108045
1.791143
3.675386
1.925685
1.965662
2.618887
2.185340
2.324581
2.556534
1.805547
3.143833
2.708169
3.251732
2.416812
3.746056
1.694574
2.582452
1.680194
3.593670
1.500374
1.634145
1.882926
2.771015
2.615632
2.640238
2.781466
1.781159
3.597449
2.829424
3.495467
4.788749
2.483880
2.497664
3.083309
2.886947
2.081117
1.865937
4.652225
2.856609
1.886489
2.260528
2.118826
1.919490
2.131344
6.048091
1.585368
1.848104
2.368390
1.803028
2.713133
3.014129
2.343863
2.205041
3.011295
2.718713
1.993417
1.893136
2.487944
2.597115
2.834133
2.682281
3.520523
2.158452
2.456291
2.839403
2.409711
2.056208
2.695837
2.565567
2.810054
1.847867
2.762338
3.799663
2.587929
1.836207
1.530518
1.856693
2.781946
1.865929
1.508456
1.834731
1.650051
2.431038
1.980987
3.071686
1.571764
3.708931
1.872100
1.870818
2.781706
1.968501
3.937536
1.785716
3.999918
1.607921
1.221873
1.388420
3.226491
1.859756
1.913895
1.724001
2.353314
2.031328
3.390884
1.725914
2.658341
1.458516
1.853798
2.312343
1.954026
1.637129
1.325625
1.640426
1.421689
1.240327
1.715146
2.789787
1.466143
2.219454
1.829271
2.315691
1.699317
1.831032
3.369654
2.461052
1.648905
2.184742
2.628565
