1.450513
1.243211
2.103274
2.031195
2.324631
1.638211
1.812797
2.181581
1.742827
1.652913
1.596767
2.800421
2.574682
2.468735
1.406860
0.927741
2.098510
1.502640
2.532230
2.680475
1.555189
2.637505
2.196543
3.163536
2.227094
3.046399
1.377581
3.514121
2.141063
1.913637
1.416042
1.587443
2.440313
1.998963
2.516260
1.876087
1.880379
2.059419
1.770224
2.670062
2.184283
2.426870
1.683533
2.685778
1.135398
1.544020
2.996893
1.159463
1.241655
1.429936
1.806148
2.218797
1.837678
2.562588
2.248025
3.825629
1.949426
1.639902
2.638689
2.751173
1.865064
1.904027
2.971178
1.780396
2.131017
1.591340
2.008506
2.104867
2.942766
1.876883
1.239273
1.560070
1.502146
2.440949
2.407865
1.271937
2.915053
1.960104
2.537841
2.612488
2.718864
1.435566
1.960549
1.857380
1.458486
1.943733
2.795243
2.670203
1.340798
1.636301
4.178598
2.621046
2.691501
2.064187
2.306332
2.158155
2.352339
1.699501
0.959610
4.323881
2.998528
1.447384
2.954523
2.097276
0.983536
2.396373
2.680716
2.138942
1.272900
1.647181
2.072590
