3.792681
3.391074
3.061085
3.850965
2.974611
3.186197
2.789889
3.230358
4.603623
3.274978
3.430849
2.568178
3.385621
4.376167
3.457531
3.060513
3.757597
3.282506
2.433401
3.565717
2.793571
3.460476
2.558667
4.726520
3.202327
2.771040
3.221042
2.752896
3.004366
2.584154
3.913513
3.514408
2.315820
3.186184
3.702244
3.276842
3.708375
2.863455
3.801506
2.681287
3.333646
3.762070
4.016644
2.745330
2.323156
3.367315
2.578874
2.507541
2.415240
3.306664
2.527044
3.785457
2.725634
2.843664
3.662275
4.468378
2.300640
3.481027
4.077059
3.716048
2.814825
3.799944
2.979443
2.403785
1.969956
2.988014
2.908175
2.838587
3.212598
3.429012
2.953485
2.789591
2.757472
2.443886
3.840935
3.276872
2.107613
3.437154
3.092622
2.544470
3.091634
2.458569
3.632554
2.422705
2.655642
2.487058
3.313366
2.372802
2.698418
3.263717
3.330136
2.920401
3.391213
2.587637
3.169863
3.081783
2.911246
2.163285
3.002675
2.787399
2.787432
4.741622
3.590003
3.214755
3.498401
2.900552
2.447427
1.912084
3.874685
2.368701
2.853524
2.273837
2.624537
2.702672
3.285083
2.906341
3.993090
3.737944
2.518588
3.191230
2.236724
3.539988
2.846549
3.394726
2.723169
2.992482
2.305021
3.423271
2.841839
1.963147
4.927915
2.115471
2.412318
3.647236
3.310851
3.051603
3.331189
3.245257
3.233997
2.580166
3.269717
3.441981
3.530344
2.521678
2.797904
2.294349
3.073505
3.260638
3.437495
3.463983
2.254658
3.192897
2.684373
3.656945
2.586106
2.872828
3.059609
2.533972
2.582680
2.746413
2.255987
2.000135
2.923571
2.300463
2.120743
2.764503
2.927237
2.861910
2.907549
4.404558
3.295844
4.013919
2.585551
2.660514
2.256412
4.276608
2.996929
3.055870
2.448063
4.281298
3.071996
2.504947
2.235957
3.273318
1.985381
2.548493
2.155711
2.092271
3.245378
4.088152
2.140417
1.888553
2.397714
2.222428
2.760121
2.868324
3.099382
3.085904
1.882539
3.161008
2.237952
2.247815
2.482351
2.524372
2.728772
3.743913
2.723059
3.059687
2.265885
3.978940
2.467183
2.821411
2.982184
2.266756
2.458152
3.862867
2.983592
3.367536
2.156837
2.981293
2.747116
3.530959
3.225997
3.294781
2.035567
2.522027
2.977210
1.948646
1.795669
2.607616
2.561541
2.369673
2.252029
3.319488
2.699697
3.684823
3.547634
3.290132
2.965850
2.582629
2.695314
2.511595
2.366351
3.038084
3.528004
2.098922
2.434103
3.007554
2.645071
3.348061
2.254681
3.317333
2.190504
2.649008
1.948048
2.494761
2.312718
2.640948
2.830875
2.530182
