4.556012
3.144723
3.452110
5.219798
3.400394
4.178233
4.186020
4.118569
3.623801
3.752350
3.346102
3.440293
3.881537
3.316458
5.329680
2.689341
3.506171
4.419453
5.027102
2.960037
3.457540
3.720901
3.549170
4.095385
4.374956
5.897411
4.278634
3.054819
3.175411
3.318873
2.535655
3.507843
4.366415
4.151094
2.744974
4.018675
2.926733
3.084156
4.153481
3.290569
4.173243
3.212839
3.005975
3.485244
3.180130
3.985502
3.281836
2.709944
2.986878
4.675048
3.129435
3.078450
5.126538
3.328700
3.568243
2.736026
3.025820
4.023325
3.657978
3.989627
3.312188
3.972551
3.480073
3.373236
3.480551
3.986681
4.643455
4.357652
3.846756
4.469364
3.623707
3.070342
3.052344
3.937907
3.293850
4.032164
2.968848
4.655883
4.746837
3.977511
2.616728
4.291683
4.374362
3.999645
3.694430
2.760571
3.797492
3.773118
4.531504
3.019938
3.137943
3.094604
2.601998
2.544088
4.495080
3.952367
3.216261
3.508462
3.663362
3.485726
2.848106
2.608624
3.217907
4.025304
3.657625
3.343589
3.028017
3.391100
3.922214
4.522256
3.779606
3.849030
2.612027
3.734583
4.705709
3.348758
3.267207
3.378112
3.561038
3.041756
2.811849
2.925548
6.383756
3.748096
3.859846
3.866286
3.301208
3.451871
3.481484
2.632079
3.457718
3.766062
4.136833
3.473621
4.815864
3.026091
3.831042
3.809333
3.746072
2.960310
3.134722
2.324423
3.982551
4.552789
2.599824
2.473488
2.713993
3.197245
4.264407
2.471225
3.695199
5.164906
3.503989
3.093209
4.004475
3.886703
2.663446
3.301604
3.044803
3.051784
3.988141
3.634410
3.565668
3.652307
3.337134
3.470697
2.148293
3.142897
3.327679
2.816379
3.015131
2.966843
2.844587
3.930871
2.965834
4.274727
2.203453
3.904506
3.346225
4.198085
3.359359
3.991652
3.253962
3.613093
3.654175
2.675353
2.977045
2.445701
3.318375
3.435477
2.789259
3.751800
3.272171
2.427751
3.136549
4.186160
2.779160
2.860205
2.299630
2.967601
3.551516
3.158009
2.970291
2.139523
2.924225
4.013142
2.811233
3.058216
2.667884
3.586432
2.747767
3.804049
3.411546
2.811800
2.932647
3.388391
4.154501
3.201114
2.459344
3.055247
3.001298
3.702106
3.410458
2.739221
2.888237
2.835125
2.649861
3.594126
3.663601
2.646467
4.298824
3.383256
2.536087
3.841198
3.633308
3.223809
4.890847
3.633331
3.489009
2.546106
2.927815
2.868757
2.420205
3.548944
3.719342
2.913983
2.758462
2.995765
4.044374
3.921904
2.677177
3.276708
2.782442
2.463833
3.219539
3.719748
2.680434
3.614177
2.776793
2.706101
2.665796
2.380491
3.007827
2.290431
3.026426
3.681464
3.076369
3.195405
3.564985
2.824174
3.493825
2.490901
3.117173
2.806093
3.999007
2.467737
2.712676
3.333782
2.793414
3.089179
4.805168
2.392418
3.575283
3.509212
2.127462
4.326707
5.018830
3.679326
3.106189
2.833676
2.940019
4.369564
2.923331
3.610524
2.362816
2.503474
