3.223064
3.115588
4.318528
2.640466
3.664845
3.260158
2.985643
3.319181
3.852758
3.809987
2.794545
2.945947
4.608704
2.597426
3.355964
4.095679
3.283317
3.429363
3.495954
2.254709
2.442875
3.220435
3.393676
2.858334
4.187139
4.159672
3.742182
3.105027
3.595831
4.216509
3.417232
3.478166
2.795526
2.586224
2.468211
4.042821
2.838287
4.076323
3.534926
3.351687
3.692845
2.804365
3.598753
3.227714
2.415105
3.021758
3.916295
4.634274
4.052711
3.749936
3.673894
2.833082
4.537884
2.371735
2.912586
2.788365
4.213961
3.916628
3.385291
2.916098
1.979821
3.893056
3.200790
2.518199
3.165369
2.273443
3.938351
3.194019
3.563865
2.509046
3.470337
2.667302
2.420625
3.189110
3.039460
3.439398
2.648322
3.652034
1.955284
2.853289
3.036673
3.268855
2.974936
2.604586
3.228896
1.882796
2.010884
3.217732
3.096220
2.372982
3.340408
3.593301
3.155178
3.037493
2.924195
2.451921
2.613724
2.347620
3.199317
4.672865
3.694561
3.363122
3.060872
3.095097
3.234922
3.433249
3.230056
2.994551
2.623691
2.806080
2.456573
3.214451
2.700452
3.557520
2.756399
2.332997
3.807987
4.107636
3.742259
2.800320
3.581275
2.377744
2.289597
3.586982
2.815288
3.143528
3.370998
3.286585
3.065642
4.405042
3.026419
3.767944
3.660055
3.498984
2.602916
3.610339
2.635411
2.735312
2.771552
3.234927
2.734921
2.624302
2.681382
2.492239
3.062794
2.548412
3.372859
2.286800
2.994448
4.047185
2.634179
3.455423
3.988498
3.373674
2.813078
2.508909
3.407144
1.999373
2.865284
3.366225
2.532093
3.698464
3.154739
3.003061
