3.469105
3.237994
3.320623
5.421620
3.947876
4.418127
4.125674
2.487134
3.805897
3.334464
3.493076
2.688257
3.195925
3.752023
4.785560
3.781604
3.614363
3.852894
3.875443
2.607473
3.632243
3.118347
2.821973
4.060115
3.312367
3.317393
2.989445
2.846260
2.610764
4.168382
2.972564
4.054837
3.147929
3.380225
3.416521
2.726473
3.399052
3.375488
4.358143
3.386752
2.869365
4.245489
3.146757
3.219172
2.259447
3.468792
2.943813
3.524930
3.367987
3.808954
3.303273
3.907012
3.922162
3.978702
2.811920
3.952225
5.349743
3.824432
2.875318
3.170365
3.420389
2.935465
4.308258
3.630233
3.308305
3.567490
2.939270
3.708828
2.828341
3.168561
4.037126
3.129612
4.221249
4.064844
3.185544
3.615822
2.988956
4.333284
3.962127
3.666854
3.015644
3.204641
4.372873
4.210213
4.155079
3.407383
3.513390
3.327951
3.448170
3.088481
2.651905
2.829737
3.585265
3.386862
3.243121
2.169446
3.437160
4.255502
4.365300
4.202224
3.207341
4.057652
4.312080
3.494714
2.934937
3.218314
2.396795
3.107221
2.732967
2.414117
3.719643
2.948953
3.545246
3.113560
4.480590
3.484789
2.973436
4.447054
3.608141
3.175424
2.949146
3.794307
3.409139
3.434607
3.430829
2.933730
3.468507
3.187259
2.990777
2.572666
3.618977
3.056621
3.840438
2.953895
3.683831
3.316745
3.557310
3.240636
2.458450
2.645072
3.194882
2.816796
3.057259
3.051882
3.494854
3.701192
2.773912
2.511806
3.145509
3.425430
2.934059
3.531232
3.421503
3.451780
2.539448
3.223910
4.484647
2.838592
3.077006
2.542969
2.623693
2.708330
3.120240
3.922330
2.531166
4.477080
2.867620
3.647257
3.044261
2.460732
2.315877
3.635150
2.790602
3.428172
2.594802
2.736590
3.363940
3.494029
3.147733
3.596941
3.221272
3.400457
3.613492
3.231389
2.893919
3.000747
2.787933
4.091174
3.471107
3.119370
2.537826
2.722893
3.656539
2.745599
3.704155
2.401299
2.966662
3.826291
2.709123
2.531225
2.725617
2.935781
4.457223
2.393702
3.682682
2.658274
3.788980
2.700290
2.592330
2.259305
3.381675
2.564442
3.120937
3.008843
2.794150
2.996573
3.726782
4.124343
2.707096
3.137145
3.359583
2.827435
3.740154
3.107116
3.434224
3.192772
2.462364
3.210875
3.848960
3.245543
3.138635
3.263694
2.592853
2.914653
3.383719
2.962731
2.663280
2.668070
3.019438
2.858816
2.772203
4.091999
2.362993
2.875226
3.085613
2.759969
2.754416
2.904046
3.455957
2.440361
3.116787
3.283360
3.195085
2.512317
2.802254
