2.240779
2.339075
2.379708
2.557772
1.930575
2.005955
2.703621
2.260103
2.346393
2.968191
2.265068
1.998470
1.825317
2.830134
2.388225
2.981755
1.873285
2.536806
2.313717
3.082187
2.503050
1.818443
2.774093
2.930158
2.372042
2.279551
2.417263
2.404682
2.332532
1.866648
2.032326
2.707747
1.891925
2.512451
3.197214
2.009050
2.044658
3.069795
2.291571
2.173631
1.832536
2.285665
1.740144
3.740602
2.247007
2.867265
1.714836
1.959436
4.696206
3.041150
2.589967
2.526775
2.586476
2.568919
2.638014
2.192583
2.733559
1.824745
1.775664
2.763113
2.463665
2.039342
2.444329
3.036946
2.455350
2.701242
2.852981
2.358969
1.873678
2.028968
2.676736
2.193652
2.028782
2.070266
3.019276
2.438153
2.796993
1.778101
2.398680
1.874341
3.226257
1.923738
1.862388
3.352229
2.977757
3.147445
2.262957
3.356218
2.273306
2.671098
1.322663
2.851833
2.554745
3.190152
2.432053
2.441929
2.214747
2.442897
2.812215
2.887297
1.620778
2.227530
2.992819
1.907944
1.736902
2.120991
2.924119
1.941020
1.674142
1.806641
2.370226
2.197987
2.009191
3.072829
2.149880
3.108294
2.015805
2.483474
2.094412
2.570138
1.635993
1.889165
2.646744
1.820002
1.484431
2.276965
2.351193
2.738515
2.024509
2.617918
1.747307
2.385721
2.249394
2.394734
2.027429
2.298676
2.516621
2.062957
2.875215
1.880379
2.493003
2.775388
2.183987
1.705524
2.439445
2.118714
2.266686
1.801015
1.976351
2.486424
2.603810
1.844409
2.058445
2.346997
3.610181
2.159589
3.065605
2.478487
2.250345
2.158144
2.244022
2.123096
1.859135
2.290006
2.911486
3.130597
3.342553
2.590890
2.686933
2.930096
2.012168
2.280054
2.522684
2.434790
1.920212
3.656414
3.111504
2.162342
3.143092
2.015863
2.942441
2.350600
2.274641
2.467705
1.841233
2.390943
2.452803
2.166339
1.760320
2.866673
2.154529
1.489758
1.628817
2.819127
2.253363
3.517081
1.839208
1.885165
2.999657
2.448265
1.811610
2.432083
2.206665
1.940720
2.270833
2.212433
1.794477
3.009210
1.956859
2.683625
2.821743
2.284184
2.309291
1.589652
1.354053
2.396621
2.335757
2.640770
2.027786
2.626964
1.936628
1.940935
2.010959
2.799172
2.242406
1.811830
2.940824
1.699323
2.055618
1.682630
2.397413
1.897757
2.405189
1.771416
2.663251
2.111830
1.461296
2.178521
2.333839
2.025657
2.056612
2.138889
2.262942
1.923721
1.538485
2.244576
3.533772
2.619612
2.513599
2.771391
2.252973
1.956517
3.242050
2.802985
1.909072
1.931128
