12.485006
7.413707
10.143688
9.901124
14.205588
12.974220
11.212956
9.175499
9.503494
14.691206
10.136332
8.197100
10.316756
8.069114
14.634394
8.683405
16.317455
10.703937
7.341684
10.966193
9.226263
15.930803
9.045607
11.015405
8.589018
14.173983
8.698104
7.756713
7.715488
12.390850
17.563292
8.963109
7.700655
12.338407
8.790415
11.541776
7.909791
9.186619
8.073918
7.814067
13.712659
9.573868
11.238691
9.795137
13.261304
8.499201
16.295849
6.746155
11.153429
12.452512
10.488151
7.604017
7.318281
7.064414
8.145761
8.286795
9.829157
8.725161
6.554455
9.885035
8.515562
8.745708
8.510661
6.938484
9.099667
10.261441
14.051785
10.910788
9.274005
6.424540
13.401777
8.097744
6.590036
7.141730
12.503263
9.539674
7.691148
7.957309
8.216022
7.852913
7.080853
8.364215
6.903996
8.279419
9.075459
6.853889
8.943067
8.176299
10.266947
13.385941
8.869509
5.847623
6.463318
8.734631
20.690067
6.536007
7.820945
6.827909
6.196423
7.350410
6.509377
8.610346
7.432028
7.147536
6.487884
7.641218
10.802084
8.043667
8.743545
11.602627
9.149216
7.866280
7.891829
7.351942
5.715448
9.107582
14.428566
6.155352
14.746918
6.165554
10.057732
8.306781
5.807770
7.954504
6.060826
11.731280
5.063282
7.694493
7.046446
6.231116
6.898585
6.020325
5.960456
6.411162
6.014716
4.773077
6.725098
11.206846
6.175349
8.255059
9.477963
6.817491
7.504335
5.398770
6.103532
6.796628
5.309303
8.265900
6.115087
8.518412
7.468617
7.008850
9.439726
4.477471
5.820303
5.134161
4.874052
6.374587
8.436260
6.553900
7.853117
6.983757
9.140554
6.108670
5.178997
8.285391
9.066692
6.801924
6.626324
6.039234
11.629026
6.458624
8.968088
4.878669
7.182203
7.088426
6.069470
6.247426
7.065738
5.665919
6.931144
7.341794
7.447571
7.995666
9.579967
5.294704
6.537041
6.476983
8.577699
8.511782
5.298853
9.107670
7.791399
7.891773
8.822338
6.421407
5.851589
4.655871
7.857967
6.910764
10.547162
8.381714
13.963276
5.643418
8.757451
8.603530
6.510666
6.026899
7.292832
5.823835
5.492604
9.679255
5.787637
5.660680
5.757835
5.463974
6.408447
7.104546
6.976310
9.767712
7.096358
7.559956
4.698855
5.697457
6.033775
5.966329
5.850255
8.854431
5.859765
5.418392
8.223639
9.046968
6.702782
10.058598
6.584710
5.305039
6.700127
5.889642
4.334729
5.592790
4.647699
7.600026
6.432703
6.087184
8.860691
4.800957
4.480211
5.675833
11.224918
5.743529
5.091970
8.536959
6.580822
4.729050
6.216364
5.785502
6.889831
5.618865
9.204825
5.871599
4.837740
7.173011
4.825521
9.355171
4.829077
5.008747
5.234426
5.082994
6.250935
7.654717
4.794914
13.563509
4.437838
4.608998
5.684091
5.874642
7.575720
6.941003
5.570891
5.631186
7.649779
8.969588
8.375692
5.736740
5.449479
7.317194
7.123297
4.701513
5.513184
5.582888
4.216010
6.179788
4.645769
7.509930
4.786739
3.739739
7.058407
5.476687
4.555788
6.737689
5.703899
4.194916
6.059890
7.464103
12.824141
5.550572
6.063739
4.642005
9.599527
5.090472
5.657837
4.304132
4.384546
5.953590
6.742038
5.285263
5.704611
4.246981
4.554241
5.858381
5.654187
5.193157
7.922288
7.797242
6.488320
4.883239
4.156911
6.739590
6.051280
4.643990
7.391519
4.879921
4.996310
