1 2 0.606469
1 4 0.922841
1 5 0.862695
1 6 0.705368
1 7 0.625027
1 8 0.641576
1 9 0.672144
1 11 0.599582
1 13 0.580346
1 14 0.500000
2 1 0.606469
4 1 0.922841
4 14 0.500000
5 1 0.862695
6 1 0.705368
7 1 0.625027
7 14 0.500000
8 1 0.641576
8 14 0.500000
9 1 0.672144
11 1 0.599582
11 14 0.500000
13 1 0.580346
13 14 0.500000
14 1 0.500000
14 4 0.500000
14 7 0.500000
14 8 0.500000
14 11 0.500000
14 13 0.500000
1 1 0.724318
1 3 0.500000
1 10 0.557518
1 12 0.500000
2 2 0.552050
2 3 0.500000
2 4 0.770288
2 5 0.713041
2 6 0.597568
2 7 0.554491
2 8 0.585854
2 9 0.630324
2 10 0.526731
2 11 0.546267
2 12 0.500000
2 13 0.539120
2 14 0.500000
3 1 0.500000
3 2 0.500000
3 3 0.500000
3 4 0.500000
3 5 0.500000
3 6 0.500000
3 7 0.500000
3 8 0.500000
3 9 0.500000
3 10 0.500000
3 11 0.500000
3 12 0.500000
3 13 0.500000
3 14 0.500000
4 2 0.770288
4 3 0.500000
4 4 0.999970
4 5 0.998735
4 6 0.912659
4 7 0.781223
4 8 0.937936
4 9 0.991765
4 10 0.680541
4 11 0.738158
4 12 0.500000
4 13 0.679073
5 2 0.713041
5 3 0.500000
5 4 0.998735
5 5 0.999193
5 6 0.900976
5 7 0.677872
5 8 0.893863
5 9 0.997712
5 10 0.666298
5 11 0.679313
5 12 0.500000
5 13 0.619109
5 14 0.500000
6 2 0.597568
6 3 0.500000
6 4 0.912659
6 5 0.900976
6 6 0.723784
6 7 0.600926
6 8 0.623840
6 9 0.830625
6 10 0.566001
6 11 0.588745
6 12 0.500000
6 13 0.564295
6 14 0.500000
7 2 0.554491
7 3 0.500000
7 4 0.781223
7 5 0.677872
7 6 0.600926
7 7 0.586591
7 8 0.547217
7 9 0.455138
7 10 0.524332
7 11 0.550741
7 12 0.500000
7 13 0.542902
8 2 0.585854
8 3 0.500000
8 4 0.937936
8 5 0.893863
8 6 0.623840
8 7 0.547217
8 8 0.904359
8 9 0.961496
8 10 0.572659
8 11 0.564464
8 12 0.500000
8 13 0.552081
9 2 0.630324
9 3 0.500000
9 4 0.991765
9 5 0.997712
9 6 0.830625
9 7 0.455138
9 8 0.961496
9 9 0.999997
9 10 0.692083
9 11 0.575730
9 12 0.500000
9 13 0.532076
9 14 0.500000
10 1 0.557518
10 2 0.526731
10 3 0.500000
10 4 0.680541
10 5 0.666298
10 6 0.566001
10 7 0.524332
10 8 0.572659
10 9 0.692083
10 10 0.526322
10 11 0.523322
10 12 0.500000
10 13 0.515924
10 14 0.500000
11 2 0.546267
11 3 0.500000
11 4 0.738158
11 5 0.679313
11 6 0.588745
11 7 0.550741
11 8 0.564464
11 9 0.575730
11 10 0.523322
11 11 0.543510
11 12 0.500000
11 13 0.536268
12 1 0.500000
12 2 0.500000
12 3 0.500000
12 4 0.500000
12 5 0.500000
12 6 0.500000
12 7 0.500000
12 8 0.500000
12 9 0.500000
12 10 0.500000
12 11 0.500000
12 12 0.500000
12 13 0.500000
12 14 0.500000
13 2 0.539120
13 3 0.500000
13 4 0.679073
13 5 0.619109
13 6 0.564295
13 7 0.542902
13 8 0.552081
13 9 0.532076
13 10 0.515924
13 11 0.536268
13 12 0.500000
13 13 0.534829
14 2 0.500000
14 3 0.500000
14 5 0.500000
14 6 0.500000
14 9 0.500000
14 10 0.500000
14 12 0.500000
14 14 0.500000
