1 2 0.936187
1 4 1.000000
1 5 0.931623
1 6 1.000000
1 7 0.879918
1 8 0.969309
1 9 0.995148
1 11 0.994756
1 13 0.971947
1 14 0.500000
2 1 0.936187
4 1 1.000000
4 14 0.500000
5 1 0.931623
6 1 1.000000
7 1 0.879918
7 14 0.500000
8 1 0.969309
8 14 0.500000
9 1 0.995148
11 1 0.994756
11 14 0.500000
13 1 0.971947
13 14 0.500000
14 1 0.500000
14 4 0.500000
14 7 0.500000
14 8 0.500000
14 11 0.500000
14 13 0.500000
1 1 0.997218
1 3 0.583124
1 10 1.000000
1 12 0.535135
2 2 0.796119
2 3 0.536043
2 4 1.000000
2 5 0.775661
2 6 1.000000
2 7 0.668127
2 8 0.841812
2 9 0.849763
2 10 1.000000
2 11 0.909285
2 12 0.500599
2 13 0.849311
2 14 0.500000
3 1 0.583124
3 2 0.536043
3 3 0.510074
3 4 0.904252
3 5 0.537973
3 6 0.999975
3 7 0.527367
3 8 0.551966
3 9 0.553658
3 10 0.998977
3 11 0.571408
3 12 0.503687
3 13 0.548361
3 14 0.500000
4 2 1.000000
4 3 0.904252
4 4 1.000000
4 5 0.999999
4 6 1.000000
4 7 1.000000
4 8 1.000000
4 9 1.000000
4 10 1.000000
4 11 1.000000
4 12 0.479693
4 13 1.000000
5 2 0.775661
5 3 0.537973
5 4 0.999999
5 5 0.766816
5 6 1.000000
5 7 0.681561
5 8 0.830998
5 9 0.875384
5 10 1.000000
5 11 0.909789
5 12 0.510315
5 13 0.834344
5 14 0.500000
6 2 1.000000
6 3 0.999975
6 4 1.000000
6 5 1.000000
6 6 1.000000
6 7 1.000000
6 8 1.000000
6 9 1.000000
6 10 1.000000
6 11 1.000000
6 12 0.876776
6 13 1.000000
6 14 0.500000
7 2 0.668127
7 3 0.527367
7 4 1.000000
7 5 0.681561
7 6 1.000000
7 7 0.908447
7 8 0.696019
7 9 0.961933
7 10 1.000000
7 11 0.910866
7 12 0.534641
7 13 0.739364
8 2 0.841812
8 3 0.551966
8 4 1.000000
8 5 0.830998
8 6 1.000000
8 7 0.696019
8 8 0.908756
8 9 0.810005
8 10 1.000000
8 11 0.953001
8 12 0.500702
8 13 0.899051
9 2 0.849763
9 3 0.553658
9 4 1.000000
9 5 0.875384
9 6 1.000000
9 7 0.961933
9 8 0.810005
9 9 1.000000
9 10 1.000000
9 11 0.989286
9 12 0.663130
9 13 0.895604
9 14 0.500000
10 1 1.000000
10 2 1.000000
10 3 0.998977
10 4 1.000000
10 5 1.000000
10 6 1.000000
10 7 1.000000
10 8 1.000000
10 9 1.000000
10 10 1.000000
10 11 1.000000
10 12 0.433416
10 13 1.000000
10 14 0.500000
11 2 0.909285
11 3 0.571408
11 4 1.000000
11 5 0.909789
11 6 1.000000
11 7 0.910866
11 8 0.953001
11 9 0.989286
11 10 1.000000
11 11 0.995127
11 12 0.542204
11 13 0.964696
12 1 0.535135
12 2 0.500599
12 3 0.503687
12 4 0.479693
12 5 0.510315
12 6 0.876776
12 7 0.534641
12 8 0.500702
12 9 0.663130
12 10 0.433416
12 11 0.542204
12 12 0.518156
12 13 0.519768
12 14 0.500000
13 2 0.849311
13 3 0.548361
13 4 1.000000
13 5 0.834344
13 6 1.000000
13 7 0.739364
13 8 0.899051
13 9 0.895604
13 10 1.000000
13 11 0.964696
13 12 0.519768
13 13 0.922670
14 2 0.500000
14 3 0.500000
14 5 0.500000
14 6 0.500000
14 9 0.500000
14 10 0.500000
14 12 0.500000
14 14 0.500000
