1 2 0.722629
1 4 0.974323
1 5 0.782116
1 6 0.580441
1 7 0.854334
1 8 0.839795
1 9 0.881889
1 11 0.698118
1 13 0.684735
1 14 0.500000
2 1 0.722629
4 1 0.974323
4 14 0.500000
5 1 0.782116
6 1 0.580441
7 1 0.854334
7 14 0.500000
8 1 0.839795
8 14 0.500000
9 1 0.881889
11 1 0.698118
11 14 0.500000
13 1 0.684735
13 14 0.500000
14 1 0.500000
14 4 0.500000
14 7 0.500000
14 8 0.500000
14 11 0.500000
14 13 0.500000
1 1 0.876796
1 3 0.500000
1 10 0.529717
1 12 0.500000
2 2 0.616507
2 3 0.500000
2 4 0.848930
2 5 0.653011
2 6 0.530341
2 7 0.704497
2 8 0.692565
2 9 0.711640
2 10 0.513046
2 11 0.601741
2 12 0.500000
2 13 0.592401
2 14 0.500000
3 1 0.500000
3 2 0.500000
3 3 0.500000
3 4 0.500000
3 5 0.500000
3 6 0.500000
3 7 0.500000
3 8 0.500000
3 9 0.500000
3 10 0.500000
3 11 0.500000
3 12 0.500000
3 13 0.500000
3 14 0.500000
4 2 0.848930
4 3 0.500000
4 4 0.999997
4 5 0.899323
4 6 0.739490
4 7 0.974225
4 8 0.951592
4 9 0.998683
4 10 0.572875
4 11 0.815446
4 12 0.500000
4 13 0.837148
5 2 0.653011
5 3 0.500000
5 4 0.899323
5 5 0.713148
5 6 0.517490
5 7 0.763688
5 8 0.749233
5 9 0.740186
5 10 0.517774
5 11 0.636184
5 12 0.500000
5 13 0.618135
5 14 0.500000
6 2 0.530341
6 3 0.500000
6 4 0.739490
6 5 0.517490
6 6 0.925005
6 7 0.492736
6 8 0.533073
6 9 0.530346
6 10 0.534888
6 11 0.519384
6 12 0.500000
6 13 0.558425
6 14 0.500000
7 2 0.704497
7 3 0.500000
7 4 0.974225
7 5 0.763688
7 6 0.492736
7 7 0.965426
7 8 0.807141
7 9 0.898014
7 10 0.523056
7 11 0.679598
7 12 0.500000
7 13 0.654660
8 2 0.692565
8 3 0.500000
8 4 0.951592
8 5 0.749233
8 6 0.533073
8 7 0.807141
8 8 0.812465
8 9 0.854502
8 10 0.523445
8 11 0.671622
8 12 0.500000
8 13 0.656621
9 2 0.711640
9 3 0.500000
9 4 0.998683
9 5 0.740186
9 6 0.530346
9 7 0.898014
9 8 0.854502
9 9 0.997929
9 10 0.527285
9 11 0.692090
9 12 0.500000
9 13 0.721776
9 14 0.500000
10 1 0.529717
10 2 0.513046
10 3 0.500000
10 4 0.572875
10 5 0.517774
10 6 0.534888
10 7 0.523056
10 8 0.523445
10 9 0.527285
10 10 0.506945
10 11 0.510828
10 12 0.500000
10 13 0.512767
10 14 0.500000
11 2 0.601741
11 3 0.500000
11 4 0.815446
11 5 0.636184
11 6 0.519384
11 7 0.679598
11 8 0.671622
11 9 0.692090
11 10 0.510828
11 11 0.589888
11 12 0.500000
11 13 0.581095
12 1 0.500000
12 2 0.500000
12 3 0.500000
12 4 0.500000
12 5 0.500000
12 6 0.500000
12 7 0.500000
12 8 0.500000
12 9 0.500000
12 10 0.500000
12 11 0.500000
12 12 0.500000
12 13 0.500000
12 14 0.500000
13 2 0.592401
13 3 0.500000
13 4 0.837148
13 5 0.618135
13 6 0.558425
13 7 0.654660
13 8 0.656621
13 9 0.721776
13 10 0.512767
13 11 0.581095
13 12 0.500000
13 13 0.581276
14 2 0.500000
14 3 0.500000
14 5 0.500000
14 6 0.500000
14 9 0.500000
14 10 0.500000
14 12 0.500000
14 14 0.500000
