2.023336
4.585497
1.835621
2.903163
2.447921
2.366841
1.945154
4.122157
1.788157
3.810615
1.762462
1.426259
2.278546
2.145795
3.748888
2.798035
1.450821
1.663247
1.272271
1.602063
3.356275
1.756516
2.158520
2.200027
1.987091
2.405568
2.523244
6.178959
2.765556
2.476090
2.657088
2.774272
2.827604
2.409509
1.801128
2.129210
3.899592
2.245743
1.731563
1.590112
1.632062
2.345776
2.021258
2.155176
1.834943
2.448799
2.544142
2.414765
1.622787
2.075619
1.965645
2.551902
1.645481
2.126547
2.257209
1.969668
3.473419
2.269755
3.447952
2.567751
1.708394
2.408932
1.608913
4.566509
2.183432
1.656568
2.114036
3.635488
3.004004
2.495537
1.639833
2.410880
2.450080
2.342266
4.047578
2.814396
2.393782
2.251516
1.924881
1.704231
2.881706
2.206936
2.656941
3.082161
2.339210
2.174881
3.334996
2.590666
1.912210
1.816401
2.375752
1.820510
3.379259
2.103500
2.103548
2.401883
1.340079
2.060973
3.413322
2.194773
2.398921
3.497072
4.352518
3.957332
2.731948
2.251451
2.026414
3.227049
2.163436
1.964198
3.267319
1.660961
4.377333
2.418919
3.534327
2.973829
2.202250
2.235559
2.433376
2.277579
1.461135
2.561580
1.689683
2.248048
2.513275
1.514899
3.148227
1.648386
2.514474
2.530976
1.606978
3.609816
3.540762
1.695721
2.771750
2.509994
1.713383
2.011129
1.705823
1.928479
2.358238
2.241353
3.019406
1.556046
2.248133
4.143363
1.467988
2.677576
1.833939
2.961081
3.353721
3.480457
1.702124
2.150516
2.181668
3.202862
2.002628
2.482861
2.732881
3.749643
1.917628
1.972216
1.460781
1.785122
1.645103
2.555777
3.575897
1.383787
2.483780
3.084940
1.905209
2.561174
2.886744
3.050551
2.473638
2.354288
3.181233
1.513316
1.978276
2.083238
2.670230
1.559222
2.855722
2.861785
4.275362
2.916500
3.960920
2.197432
2.322018
1.725477
2.622526
2.416085
1.744940
1.810414
1.613842
2.803410
1.483517
2.015756
3.169428
2.755384
2.551605
2.946749
2.417410
2.160477
3.548193
2.736558
1.274861
3.734740
2.198114
1.693228
1.835408
2.009171
2.449764
4.611509
1.980793
1.392760
1.614368
1.928816
2.967309
1.903155
2.429994
2.693424
1.670497
2.163296
3.060985
2.455669
1.821171
1.484897
1.817884
2.218886
2.002439
2.540963
1.702862
5.154272
2.689911
1.411838
1.913871
1.568509
3.527247
2.677345
2.207107
1.768603
2.065307
3.443129
2.583190
1.622315
1.665220
2.304635
1.905837
1.508539
2.115305
3.156762
