2.070012
2.121737
2.142350
1.788577
1.896040
2.638424
2.068908
1.636899
1.924479
1.568072
1.540096
2.715150
1.779252
1.925027
3.065990
1.840776
2.595527
1.932452
1.533215
2.141022
3.369180
2.134247
3.548665
1.608837
2.374206
2.172913
1.910264
2.117591
2.039963
2.258359
1.824906
1.534119
3.064270
2.522998
1.572317
2.787339
2.758821
2.108960
2.229480
1.779675
2.169272
2.759238
2.563235
1.890317
2.227168
2.038451
1.819652
2.123209
1.706699
2.106086
1.536999
1.482600
2.384441
2.302482
1.742904
2.338234
2.475038
1.984027
1.336059
1.785433
1.623887
2.194026
1.222873
2.193399
2.966150
1.673920
2.129059
1.910191
2.604125
1.699722
2.248122
1.913209
2.003912
2.431983
2.052419
1.884639
2.810088
1.861930
1.779400
2.841671
1.763897
1.995225
1.768131
2.740372
1.965771
2.288738
1.819129
2.551072
2.178854
2.276655
1.631125
2.093483
2.727291
2.168036
1.981346
2.077381
2.099618
1.514544
1.523956
2.403128
1.569422
2.897176
1.966747
1.856177
2.922332
2.378590
1.664841
1.822354
2.365045
1.663462
2.431279
2.144737
2.632714
1.627437
1.768960
2.004159
1.797954
1.126652
2.377073
2.505151
1.375819
1.766633
1.511371
1.208564
1.566685
3.087238
1.661918
1.698649
2.693906
1.957678
1.621619
1.914780
1.754814
3.046691
2.293097
2.913869
2.954140
1.779325
1.876331
1.839633
2.016506
2.489265
3.280090
2.183951
3.139187
1.960728
1.328932
1.815614
2.291364
1.412405
1.473078
2.522079
2.379980
2.298198
2.258492
2.225478
2.569461
1.642085
3.084473
1.707736
2.610095
3.785574
2.002637
1.401863
1.492521
2.688910
2.243700
1.772175
2.179742
1.785291
3.142176
1.906806
1.488158
3.000202
2.482821
2.737197
1.279390
3.942113
1.529891
