1 2 0.676374
1 4 0.835952
1 5 0.989062
1 6 0.813618
1 7 0.763527
1 8 0.807773
1 9 0.867796
1 11 0.725812
1 13 0.784921
1 14 0.500000
2 1 0.676374
4 1 0.835952
4 14 0.500000
5 1 0.989062
6 1 0.813618
7 1 0.763527
7 14 0.500000
8 1 0.807773
8 14 0.500000
9 1 0.867796
11 1 0.725812
11 14 0.500000
13 1 0.784921
13 14 0.500000
14 1 0.500000
14 4 0.500000
14 7 0.500000
14 8 0.500000
14 11 0.500000
14 13 0.500000
1 1 0.934468
1 3 0.500000
1 10 0.601379
1 12 0.500000
2 2 0.571844
2 3 0.500000
2 4 0.620696
2 5 0.826178
2 6 0.581260
2 7 0.584720
2 8 0.604790
2 9 0.613472
2 10 0.520322
2 11 0.565595
2 12 0.500000
2 13 0.589401
2 14 0.500000
3 1 0.500000
3 2 0.500000
3 3 0.500000
3 4 0.500000
3 5 0.500000
3 6 0.500000
3 7 0.500000
3 8 0.500000
3 9 0.500000
3 10 0.500000
3 11 0.500000
3 12 0.500000
3 13 0.500000
3 14 0.500000
4 2 0.620696
4 3 0.500000
4 4 0.750100
4 5 0.953609
4 6 0.705275
4 7 0.657749
4 8 0.708384
4 9 0.751570
4 10 0.554128
4 11 0.640566
4 12 0.500000
4 13 0.686033
5 2 0.826178
5 3 0.500000
5 4 0.953609
5 5 0.999998
5 6 0.901191
5 7 0.927255
5 8 0.940508
5 9 0.960405
5 10 0.669041
5 11 0.832250
5 12 0.500000
5 13 0.911072
5 14 0.500000
6 2 0.581260
6 3 0.500000
6 4 0.705275
6 5 0.901191
6 6 0.742091
6 7 0.619352
6 8 0.682826
6 9 0.756204
6 10 0.576354
6 11 0.635537
6 12 0.500000
6 13 0.673983
6 14 0.500000
7 2 0.584720
7 3 0.500000
7 4 0.657749
7 5 0.927255
7 6 0.619352
7 7 0.767101
7 8 0.673554
7 9 0.682997
7 10 0.523375
7 11 0.596338
7 12 0.500000
7 13 0.636159
8 2 0.604790
8 3 0.500000
8 4 0.708384
8 5 0.940508
8 6 0.682826
8 7 0.673554
8 8 0.704367
8 9 0.737105
8 10 0.557082
8 11 0.629813
8 12 0.500000
8 13 0.674424
9 2 0.613472
9 3 0.500000
9 4 0.751570
9 5 0.960405
9 6 0.756204
9 7 0.682997
9 8 0.737105
9 9 0.811731
9 10 0.587179
9 11 0.671603
9 12 0.500000
9 13 0.723151
9 14 0.500000
10 1 0.601379
10 2 0.520322
10 3 0.500000
10 4 0.554128
10 5 0.669041
10 6 0.576354
10 7 0.523375
10 8 0.557082
10 9 0.587179
10 10 0.532123
10 11 0.542546
10 12 0.500000
10 13 0.555007
10 14 0.500000
11 2 0.565595
11 3 0.500000
11 4 0.640566
11 5 0.832250
11 6 0.635537
11 7 0.596338
11 8 0.629813
11 9 0.671603
11 10 0.542546
11 11 0.591528
11 12 0.500000
11 13 0.620000
12 1 0.500000
12 2 0.500000
12 3 0.500000
12 4 0.500000
12 5 0.500000
12 6 0.500000
12 7 0.500000
12 8 0.500000
12 9 0.500000
12 10 0.500000
12 11 0.500000
12 12 0.500000
12 13 0.500000
12 14 0.500000
13 2 0.589401
13 3 0.500000
13 4 0.686033
13 5 0.911072
13 6 0.673983
13 7 0.636159
13 8 0.674424
13 9 0.723151
13 10 0.555007
13 11 0.620000
13 12 0.500000
13 13 0.662153
14 2 0.500000
14 3 0.500000
14 5 0.500000
14 6 0.500000
14 9 0.500000
14 10 0.500000
14 12 0.500000
14 14 0.500000
