1 2 0.674923
1 4 0.782093
1 5 0.711155
1 6 0.778443
1 7 0.715090
1 8 0.700046
1 9 0.688370
1 11 0.500000
1 13 0.688629
1 14 0.500000
2 1 0.674923
4 1 0.782093
4 14 0.500000
5 1 0.711155
6 1 0.778443
7 1 0.715090
7 14 0.500000
8 1 0.700046
8 14 0.500000
9 1 0.688370
11 1 0.500000
11 14 0.500000
13 1 0.688629
13 14 0.500000
14 1 0.500000
14 4 0.500000
14 7 0.500000
14 8 0.500000
14 11 0.500000
14 13 0.500000
1 1 0.850298
1 3 0.500000
1 10 0.522057
1 12 0.500000
2 2 0.581005
2 3 0.500000
2 4 0.636050
2 5 0.592340
2 6 0.623428
2 7 0.597699
2 8 0.590779
2 9 0.582836
2 10 0.508347
2 11 0.500000
2 12 0.500000
2 13 0.582376
2 14 0.500000
3 1 0.500000
3 2 0.500000
3 3 0.500000
3 4 0.500000
3 5 0.500000
3 6 0.500000
3 7 0.500000
3 8 0.500000
3 9 0.500000
3 10 0.500000
3 11 0.500000
3 12 0.500000
3 13 0.500000
3 14 0.500000
4 2 0.636050
4 3 0.500000
4 4 0.753663
4 5 0.652634
4 6 0.633879
4 7 0.672521
4 8 0.672890
4 9 0.627762
4 10 0.515858
4 11 0.500000
4 12 0.500000
4 13 0.655861
5 2 0.592340
5 3 0.500000
5 4 0.652634
5 5 0.648730
5 6 0.764451
5 7 0.614927
5 8 0.594194
5 9 0.609660
5 10 0.516656
5 11 0.500000
5 12 0.500000
5 13 0.595714
5 14 0.500000
6 2 0.623428
6 3 0.500000
6 4 0.633879
6 5 0.764451
6 6 0.998956
6 7 0.623879
6 8 0.570760
6 9 0.711228
6 10 0.536325
6 11 0.500000
6 12 0.500000
6 13 0.575684
6 14 0.500000
7 2 0.597699
7 3 0.500000
7 4 0.672521
7 5 0.614927
7 6 0.623879
7 7 0.635143
7 8 0.625336
7 9 0.607630
7 10 0.507801
7 11 0.500000
7 12 0.500000
7 13 0.613799
8 2 0.590779
8 3 0.500000
8 4 0.672890
8 5 0.594194
8 6 0.570760
8 7 0.625336
8 8 0.651649
8 9 0.587222
8 10 0.514291
8 11 0.500000
8 12 0.500000
8 13 0.612369
9 2 0.582836
9 3 0.500000
9 4 0.627762
9 5 0.609660
9 6 0.711228
9 7 0.607630
9 8 0.587222
9 9 0.618862
9 10 0.506401
9 11 0.500000
9 12 0.500000
9 13 0.586345
9 14 0.500000
10 1 0.522057
10 2 0.508347
10 3 0.500000
10 4 0.515858
10 5 0.516656
10 6 0.536325
10 7 0.507801
10 8 0.514291
10 9 0.506401
10 10 0.505656
10 11 0.500000
10 12 0.500000
10 13 0.509328
10 14 0.500000
11 2 0.500000
11 3 0.500000
11 4 0.500000
11 5 0.500000
11 6 0.500000
11 7 0.500000
11 8 0.500000
11 9 0.500000
11 10 0.500000
11 11 0.500000
11 12 0.500000
11 13 0.500000
12 1 0.500000
12 2 0.500000
12 3 0.500000
12 4 0.500000
12 5 0.500000
12 6 0.500000
12 7 0.500000
12 8 0.500000
12 9 0.500000
12 10 0.500000
12 11 0.500000
12 12 0.500000
12 13 0.500000
12 14 0.500000
13 2 0.582376
13 3 0.500000
13 4 0.655861
13 5 0.595714
13 6 0.575684
13 7 0.613799
13 8 0.612369
13 9 0.586345
13 10 0.509328
13 11 0.500000
13 12 0.500000
13 13 0.603621
14 2 0.500000
14 3 0.500000
14 5 0.500000
14 6 0.500000
14 9 0.500000
14 10 0.500000
14 12 0.500000
14 14 0.500000
