1 2 0.674107
1 4 0.810742
1 5 0.669432
1 6 0.762018
1 7 0.739702
1 8 0.699045
1 9 0.833436
1 11 0.500000
1 13 0.671413
1 14 0.500000
2 1 0.674107
4 1 0.810742
4 14 0.500000
5 1 0.669432
6 1 0.762018
7 1 0.739702
7 14 0.500000
8 1 0.699045
8 14 0.500000
9 1 0.833436
11 1 0.500000
11 14 0.500000
13 1 0.671413
13 14 0.500000
14 1 0.500000
14 4 0.500000
14 7 0.500000
14 8 0.500000
14 11 0.500000
14 13 0.500000
1 1 0.910606
1 3 0.500000
1 10 0.593326
1 12 0.500000
2 2 0.564562
2 3 0.500000
2 4 0.608782
2 5 0.552421
2 6 0.569920
2 7 0.582196
2 8 0.558975
2 9 0.628776
2 10 0.528631
2 11 0.500000
2 12 0.500000
2 13 0.568524
2 14 0.500000
3 1 0.500000
3 2 0.500000
3 3 0.500000
3 4 0.500000
3 5 0.500000
3 6 0.500000
3 7 0.500000
3 8 0.500000
3 9 0.500000
3 10 0.500000
3 11 0.500000
3 12 0.500000
3 13 0.500000
3 14 0.500000
4 2 0.608782
4 3 0.500000
4 4 0.740098
4 5 0.611428
4 6 0.751160
4 7 0.650952
4 8 0.630695
4 9 0.713499
4 10 0.556603
4 11 0.500000
4 12 0.500000
4 13 0.599428
5 2 0.552421
5 3 0.500000
5 4 0.611428
5 5 0.568794
5 6 0.644267
5 7 0.573076
5 8 0.574999
5 9 0.613165
5 10 0.529209
5 11 0.500000
5 12 0.500000
5 13 0.563272
5 14 0.500000
6 2 0.569920
6 3 0.500000
6 4 0.751160
6 5 0.644267
6 6 0.997176
6 7 0.608380
6 8 0.661591
6 9 0.593821
6 10 0.583304
6 11 0.500000
6 12 0.500000
6 13 0.649999
6 14 0.500000
7 2 0.582196
7 3 0.500000
7 4 0.650952
7 5 0.573076
7 6 0.608380
7 7 0.630396
7 8 0.587211
7 9 0.675598
7 10 0.540922
7 11 0.500000
7 12 0.500000
7 13 0.560325
8 2 0.558975
8 3 0.500000
8 4 0.630695
8 5 0.574999
8 6 0.661591
8 7 0.587211
8 8 0.610268
8 9 0.629868
8 10 0.531941
8 11 0.500000
8 12 0.500000
8 13 0.582688
9 2 0.628776
9 3 0.500000
9 4 0.713499
9 5 0.613165
9 6 0.593821
9 7 0.675598
9 8 0.629868
9 9 0.774177
9 10 0.567345
9 11 0.500000
9 12 0.500000
9 13 0.626190
9 14 0.500000
10 1 0.593326
10 2 0.528631
10 3 0.500000
10 4 0.556603
10 5 0.529209
10 6 0.583304
10 7 0.540922
10 8 0.531941
10 9 0.567345
10 10 0.521766
10 11 0.500000
10 12 0.500000
10 13 0.529635
10 14 0.500000
11 2 0.500000
11 3 0.500000
11 4 0.500000
11 5 0.500000
11 6 0.500000
11 7 0.500000
11 8 0.500000
11 9 0.500000
11 10 0.500000
11 11 0.500000
11 12 0.500000
11 13 0.500000
12 1 0.500000
12 2 0.500000
12 3 0.500000
12 4 0.500000
12 5 0.500000
12 6 0.500000
12 7 0.500000
12 8 0.500000
12 9 0.500000
12 10 0.500000
12 11 0.500000
12 12 0.500000
12 13 0.500000
12 14 0.500000
13 2 0.568524
13 3 0.500000
13 4 0.599428
13 5 0.563272
13 6 0.649999
13 7 0.560325
13 8 0.582688
13 9 0.626190
13 10 0.529635
13 11 0.500000
13 12 0.500000
13 13 0.668668
14 2 0.500000
14 3 0.500000
14 5 0.500000
14 6 0.500000
14 9 0.500000
14 10 0.500000
14 12 0.500000
14 14 0.500000
