1 2 0.768975
1 4 0.829715
1 5 0.812338
1 6 0.880904
1 7 0.855665
1 8 0.809860
1 9 0.937891
1 11 0.500000
1 13 0.785587
1 14 0.500000
2 1 0.768975
4 1 0.829715
4 14 0.500000
5 1 0.812338
6 1 0.880904
7 1 0.855665
7 14 0.500000
8 1 0.809860
8 14 0.500000
9 1 0.937891
11 1 0.500000
11 14 0.500000
13 1 0.785587
13 14 0.500000
14 1 0.500000
14 4 0.500000
14 7 0.500000
14 8 0.500000
14 11 0.500000
14 13 0.500000
1 1 0.948911
1 3 0.500000
1 10 0.545545
1 12 0.500000
2 2 0.628354
2 3 0.500000
2 4 0.653871
2 5 0.651872
2 6 0.694722
2 7 0.677562
2 8 0.644494
2 9 0.751098
2 10 0.518997
2 11 0.500000
2 12 0.500000
2 13 0.629340
2 14 0.500000
3 1 0.500000
3 2 0.500000
3 3 0.500000
3 4 0.500000
3 5 0.500000
3 6 0.500000
3 7 0.500000
3 8 0.500000
3 9 0.500000
3 10 0.500000
3 11 0.500000
3 12 0.500000
3 13 0.500000
3 14 0.500000
4 2 0.653871
4 3 0.500000
4 4 0.734497
4 5 0.687671
4 6 0.748847
4 7 0.726248
4 8 0.661182
4 9 0.838123
4 10 0.525716
4 11 0.500000
4 12 0.500000
4 13 0.667818
5 2 0.651872
5 3 0.500000
5 4 0.687671
5 5 0.706511
5 6 0.734360
5 7 0.671701
5 8 0.654941
5 9 0.785075
5 10 0.515914
5 11 0.500000
5 12 0.500000
5 13 0.658885
5 14 0.500000
6 2 0.694722
6 3 0.500000
6 4 0.748847
6 5 0.734360
6 6 0.813958
6 7 0.741063
6 8 0.731761
6 9 0.849285
6 10 0.524989
6 11 0.500000
6 12 0.500000
6 13 0.708923
6 14 0.500000
7 2 0.677562
7 3 0.500000
7 4 0.726248
7 5 0.671701
7 6 0.741063
7 7 0.914217
7 8 0.728562
7 9 0.871571
7 10 0.545009
7 11 0.500000
7 12 0.500000
7 13 0.675762
8 2 0.644494
8 3 0.500000
8 4 0.661182
8 5 0.654941
8 6 0.731761
8 7 0.728562
8 8 0.712747
8 9 0.753957
8 10 0.524951
8 11 0.500000
8 12 0.500000
8 13 0.652424
9 2 0.751098
9 3 0.500000
9 4 0.838123
9 5 0.785075
9 6 0.849285
9 7 0.871571
9 8 0.753957
9 9 0.975924
9 10 0.540212
9 11 0.500000
9 12 0.500000
9 13 0.776128
9 14 0.500000
10 1 0.545545
10 2 0.518997
10 3 0.500000
10 4 0.525716
10 5 0.515914
10 6 0.524989
10 7 0.545009
10 8 0.524951
10 9 0.540212
10 10 0.508545
10 11 0.500000
10 12 0.500000
10 13 0.517967
10 14 0.500000
11 2 0.500000
11 3 0.500000
11 4 0.500000
11 5 0.500000
11 6 0.500000
11 7 0.500000
11 8 0.500000
11 9 0.500000
11 10 0.500000
11 11 0.500000
11 12 0.500000
11 13 0.500000
12 1 0.500000
12 2 0.500000
12 3 0.500000
12 4 0.500000
12 5 0.500000
12 6 0.500000
12 7 0.500000
12 8 0.500000
12 9 0.500000
12 10 0.500000
12 11 0.500000
12 12 0.500000
12 13 0.500000
12 14 0.500000
13 2 0.629340
13 3 0.500000
13 4 0.667818
13 5 0.658885
13 6 0.708923
13 7 0.675762
13 8 0.652424
13 9 0.776128
13 10 0.517967
13 11 0.500000
13 12 0.500000
13 13 0.646037
14 2 0.500000
14 3 0.500000
14 5 0.500000
14 6 0.500000
14 9 0.500000
14 10 0.500000
14 12 0.500000
14 14 0.500000
