1 2 0.575911
1 4 0.602164
1 5 0.598535
1 6 0.657045
1 7 0.500329
1 8 0.591214
1 9 0.601548
1 11 0.571057
1 13 0.545527
1 14 0.500000
2 1 0.575911
4 1 0.602164
4 14 0.500000
5 1 0.598535
6 1 0.657045
7 1 0.500329
7 14 0.500000
8 1 0.591214
8 14 0.500000
9 1 0.601548
11 1 0.571057
11 14 0.500000
13 1 0.545527
13 14 0.500000
14 1 0.500000
14 4 0.500000
14 7 0.500000
14 8 0.500000
14 11 0.500000
14 13 0.500000
1 1 0.684828
1 3 0.500000
1 10 0.507767
1 12 0.500000
2 2 0.534208
2 3 0.500000
2 4 0.541988
2 5 0.542765
2 6 0.554879
2 7 0.491084
2 8 0.541690
2 9 0.544684
2 10 0.505064
2 11 0.529094
2 12 0.500000
2 13 0.513253
2 14 0.500000
3 1 0.500000
3 2 0.500000
3 3 0.500000
3 4 0.500000
3 5 0.500000
3 6 0.500000
3 7 0.500000
3 8 0.500000
3 9 0.500000
3 10 0.500000
3 11 0.500000
3 12 0.500000
3 13 0.500000
3 14 0.500000
4 2 0.541988
4 3 0.500000
4 4 0.607496
4 5 0.554868
4 6 0.579214
4 7 0.511973
4 8 0.547951
4 9 0.632842
4 10 0.513654
4 11 0.538372
4 12 0.500000
4 13 0.579415
5 2 0.542765
5 3 0.500000
5 4 0.554868
5 5 0.576993
5 6 0.548086
5 7 0.472735
5 8 0.564382
5 9 0.557390
5 10 0.504759
5 11 0.537812
5 12 0.500000
5 13 0.513295
5 14 0.500000
6 2 0.554879
6 3 0.500000
6 4 0.579214
6 5 0.548086
6 6 0.730096
6 7 0.537673
6 8 0.549236
6 9 0.485976
6 10 0.498568
6 11 0.565280
6 12 0.500000
6 13 0.532277
6 14 0.500000
7 2 0.491084
7 3 0.500000
7 4 0.511973
7 5 0.472735
7 6 0.537673
7 7 0.571167
7 8 0.477436
7 9 0.518296
7 10 0.496791
7 11 0.497712
7 12 0.500000
7 13 0.512762
8 2 0.541690
8 3 0.500000
8 4 0.547951
8 5 0.564382
8 6 0.549236
8 7 0.477436
8 8 0.561775
8 9 0.548869
8 10 0.505243
8 11 0.533847
8 12 0.500000
8 13 0.518288
9 2 0.544684
9 3 0.500000
9 4 0.632842
9 5 0.557390
9 6 0.485976
9 7 0.518296
9 8 0.548869
9 9 0.883890
9 10 0.539978
9 11 0.524307
9 12 0.500000
9 13 0.638958
9 14 0.500000
10 1 0.507767
10 2 0.505064
10 3 0.500000
10 4 0.513654
10 5 0.504759
10 6 0.498568
10 7 0.496791
10 8 0.505243
10 9 0.539978
10 10 0.505606
10 11 0.502087
10 12 0.500000
10 13 0.515271
10 14 0.500000
11 2 0.529094
11 3 0.500000
11 4 0.538372
11 5 0.537812
11 6 0.565280
11 7 0.497712
11 8 0.533847
11 9 0.524307
11 10 0.502087
11 11 0.528630
11 12 0.500000
11 13 0.507120
12 1 0.500000
12 2 0.500000
12 3 0.500000
12 4 0.500000
12 5 0.500000
12 6 0.500000
12 7 0.500000
12 8 0.500000
12 9 0.500000
12 10 0.500000
12 11 0.500000
12 12 0.500000
12 13 0.500000
12 14 0.500000
13 2 0.513253
13 3 0.500000
13 4 0.579415
13 5 0.513295
13 6 0.532277
13 7 0.512762
13 8 0.518288
13 9 0.638958
13 10 0.515271
13 11 0.507120
13 12 0.500000
13 13 0.662133
14 2 0.500000
14 3 0.500000
14 5 0.500000
14 6 0.500000
14 9 0.500000
14 10 0.500000
14 12 0.500000
14 14 0.500000
