1 2 0.576485
1 4 0.645034
1 5 0.602863
1 6 0.696824
1 7 0.646643
1 8 0.631070
1 9 0.692626
1 11 0.500000
1 13 0.625430
1 14 0.500000
2 1 0.576485
4 1 0.645034
4 14 0.500000
5 1 0.602863
6 1 0.696824
7 1 0.646643
7 14 0.500000
8 1 0.631070
8 14 0.500000
9 1 0.692626
11 1 0.500000
11 14 0.500000
13 1 0.625430
13 14 0.500000
14 1 0.500000
14 4 0.500000
14 7 0.500000
14 8 0.500000
14 11 0.500000
14 13 0.500000
1 1 0.763416
1 3 0.500000
1 10 0.546100
1 12 0.500000
2 2 0.561244
2 3 0.500000
2 4 0.516305
2 5 0.528072
2 6 0.565872
2 7 0.550151
2 8 0.522421
2 9 0.626545
2 10 0.512395
2 11 0.500000
2 12 0.500000
2 13 0.547471
2 14 0.500000
3 1 0.500000
3 2 0.500000
3 3 0.500000
3 4 0.500000
3 5 0.500000
3 6 0.500000
3 7 0.500000
3 8 0.500000
3 9 0.500000
3 10 0.500000
3 11 0.500000
3 12 0.500000
3 13 0.500000
3 14 0.500000
4 2 0.516305
4 3 0.500000
4 4 0.624251
4 5 0.558815
4 6 0.557684
4 7 0.570159
4 8 0.586976
4 9 0.576531
4 10 0.525306
4 11 0.500000
4 12 0.500000
4 13 0.558613
5 2 0.528072
5 3 0.500000
5 4 0.558815
5 5 0.546537
5 6 0.566099
5 7 0.553029
5 8 0.559997
5 9 0.568236
5 10 0.514285
5 11 0.500000
5 12 0.500000
5 13 0.548372
5 14 0.500000
6 2 0.565872
6 3 0.500000
6 4 0.557684
6 5 0.566099
6 6 0.704237
6 7 0.607574
6 8 0.584234
6 9 0.635785
6 10 0.532921
6 11 0.500000
6 12 0.500000
6 13 0.594939
6 14 0.500000
7 2 0.550151
7 3 0.500000
7 4 0.570159
7 5 0.553029
7 6 0.607574
7 7 0.582509
7 8 0.563872
7 9 0.625186
7 10 0.521456
7 11 0.500000
7 12 0.500000
7 13 0.570809
8 2 0.522421
8 3 0.500000
8 4 0.586976
8 5 0.559997
8 6 0.584234
8 7 0.563872
8 8 0.601741
8 9 0.559983
8 10 0.516648
8 11 0.500000
8 12 0.500000
8 13 0.565349
9 2 0.626545
9 3 0.500000
9 4 0.576531
9 5 0.568236
9 6 0.635785
9 7 0.625186
9 8 0.559983
9 9 0.848048
9 10 0.530948
9 11 0.500000
9 12 0.500000
9 13 0.613388
9 14 0.500000
10 1 0.546100
10 2 0.512395
10 3 0.500000
10 4 0.525306
10 5 0.514285
10 6 0.532921
10 7 0.521456
10 8 0.516648
10 9 0.530948
10 10 0.523583
10 11 0.500000
10 12 0.500000
10 13 0.509015
10 14 0.500000
11 2 0.500000
11 3 0.500000
11 4 0.500000
11 5 0.500000
11 6 0.500000
11 7 0.500000
11 8 0.500000
11 9 0.500000
11 10 0.500000
11 11 0.500000
11 12 0.500000
11 13 0.500000
12 1 0.500000
12 2 0.500000
12 3 0.500000
12 4 0.500000
12 5 0.500000
12 6 0.500000
12 7 0.500000
12 8 0.500000
12 9 0.500000
12 10 0.500000
12 11 0.500000
12 12 0.500000
12 13 0.500000
12 14 0.500000
13 2 0.547471
13 3 0.500000
13 4 0.558613
13 5 0.548372
13 6 0.594939
13 7 0.570809
13 8 0.565349
13 9 0.613388
13 10 0.509015
13 11 0.500000
13 12 0.500000
13 13 0.574432
14 2 0.500000
14 3 0.500000
14 5 0.500000
14 6 0.500000
14 9 0.500000
14 10 0.500000
14 12 0.500000
14 14 0.500000
