1 2 0.762859
1 4 0.921196
1 5 0.807726
1 6 0.795537
1 7 0.894804
1 8 0.833807
1 9 0.768185
1 11 0.500000
1 13 0.768498
1 14 0.500000
2 1 0.762859
4 1 0.921196
4 14 0.500000
5 1 0.807726
6 1 0.795537
7 1 0.894804
7 14 0.500000
8 1 0.833807
8 14 0.500000
9 1 0.768185
11 1 0.500000
11 14 0.500000
13 1 0.768498
13 14 0.500000
14 1 0.500000
14 4 0.500000
14 7 0.500000
14 8 0.500000
14 11 0.500000
14 13 0.500000
1 1 0.963507
1 3 0.500000
1 10 0.593560
1 12 0.500000
2 2 0.623513
2 3 0.500000
2 4 0.704977
2 5 0.635781
2 6 0.620834
2 7 0.630120
2 8 0.662946
2 9 0.611213
2 10 0.525758
2 11 0.500000
2 12 0.500000
2 13 0.561040
2 14 0.500000
3 1 0.500000
3 2 0.500000
3 3 0.500000
3 4 0.500000
3 5 0.500000
3 6 0.500000
3 7 0.500000
3 8 0.500000
3 9 0.500000
3 10 0.500000
3 11 0.500000
3 12 0.500000
3 13 0.500000
3 14 0.500000
4 2 0.704977
4 3 0.500000
4 4 0.879997
4 5 0.730733
4 6 0.721833
4 7 0.826492
4 8 0.771939
4 9 0.698546
4 10 0.561411
4 11 0.500000
4 12 0.500000
4 13 0.694552
5 2 0.635781
5 3 0.500000
5 4 0.730733
5 5 0.700008
5 6 0.650588
5 7 0.660103
5 8 0.681870
5 9 0.656616
5 10 0.543398
5 11 0.500000
5 12 0.500000
5 13 0.646681
5 14 0.500000
6 2 0.620834
6 3 0.500000
6 4 0.721833
6 5 0.650588
6 6 0.707546
6 7 0.782494
6 8 0.659206
6 9 0.648000
6 10 0.520843
6 11 0.500000
6 12 0.500000
6 13 0.605446
6 14 0.500000
7 2 0.630120
7 3 0.500000
7 4 0.826492
7 5 0.660103
7 6 0.782494
7 7 0.992535
7 8 0.671410
7 9 0.674116
7 10 0.579773
7 11 0.500000
7 12 0.500000
7 13 0.786332
8 2 0.662946
8 3 0.500000
8 4 0.771939
8 5 0.681870
8 6 0.659206
8 7 0.671410
8 8 0.724274
8 9 0.654803
8 10 0.539872
8 11 0.500000
8 12 0.500000
8 13 0.587174
9 2 0.611213
9 3 0.500000
9 4 0.698546
9 5 0.656616
9 6 0.648000
9 7 0.674116
9 8 0.654803
9 9 0.642431
9 10 0.532750
9 11 0.500000
9 12 0.500000
9 13 0.599961
9 14 0.500000
10 1 0.593560
10 2 0.525758
10 3 0.500000
10 4 0.561411
10 5 0.543398
10 6 0.520843
10 7 0.579773
10 8 0.539872
10 9 0.532750
10 10 0.530400
10 11 0.500000
10 12 0.500000
10 13 0.571286
10 14 0.500000
11 2 0.500000
11 3 0.500000
11 4 0.500000
11 5 0.500000
11 6 0.500000
11 7 0.500000
11 8 0.500000
11 9 0.500000
11 10 0.500000
11 11 0.500000
11 12 0.500000
11 13 0.500000
12 1 0.500000
12 2 0.500000
12 3 0.500000
12 4 0.500000
12 5 0.500000
12 6 0.500000
12 7 0.500000
12 8 0.500000
12 9 0.500000
12 10 0.500000
12 11 0.500000
12 12 0.500000
12 13 0.500000
12 14 0.500000
13 2 0.561040
13 3 0.500000
13 4 0.694552
13 5 0.646681
13 6 0.605446
13 7 0.786332
13 8 0.587174
13 9 0.599961
13 10 0.571286
13 11 0.500000
13 12 0.500000
13 13 0.783179
14 2 0.500000
14 3 0.500000
14 5 0.500000
14 6 0.500000
14 9 0.500000
14 10 0.500000
14 12 0.500000
14 14 0.500000
