2.461108
1.773667
1.438162
3.501549
2.079839
2.230982
2.198892
1.704949
2.937219
2.600789
1.735378
2.426787
1.830764
1.598605
1.859010
1.962743
1.152503
2.301716
1.121527
1.482428
1.377113
1.892303
1.923697
2.954534
1.326468
2.503201
1.270727
1.936517
3.276412
2.250623
1.257652
1.286179
1.210312
1.229363
1.766902
1.448361
1.617188
1.628627
1.228690
3.033979
1.102672
1.694724
2.486311
1.466064
1.160902
2.058655
1.703204
1.359186
2.375827
0.970287
2.543631
1.211480
1.163802
1.794948
2.231826
1.087098
1.334603
1.633640
2.082892
3.142408
1.247505
1.775764
2.577977
0.990245
1.218554
1.550428
1.258894
1.710479
2.152759
1.071499
1.685478
5.370723
2.230588
2.397738
2.437905
1.423330
1.677504
3.092281
1.910460
1.314405
1.658258
2.070756
2.226892
2.019980
1.568290
1.149770
2.376510
2.046377
1.266873
1.631327
1.705531
1.533844
1.521618
1.614720
0.838089
1.009945
1.583484
1.341900
1.309851
1.196356
1.860509
1.304213
1.573161
1.834705
1.684637
2.467401
2.265865
2.368833
1.621937
1.427776
1.489998
1.808632
1.592808
1.811718
1.772511
2.056922
1.020975
4.240368
2.096577
1.046047
0.775126
1.891744
1.794592
1.638906
2.130381
2.234889
2.034891
1.943048
2.304468
1.030736
1.992252
0.949089
1.298228
2.454252
2.414702
2.332137
1.159868
3.189157
1.690905
1.966191
1.449665
1.066297
2.571691
2.027625
1.669313
2.118849
1.753124
1.076497
1.364136
2.129543
1.540230
1.015695
1.706874
1.549838
1.747636
1.497590
1.091488
1.082937
2.680780
1.839062
1.306556
1.385627
1.800999
1.898340
1.480087
0.987876
1.344766
1.374198
1.151148
2.552079
1.420351
1.135837
1.128567
0.777836
1.766959
1.081275
1.695277
1.394672
1.742597
0.992063
1.380147
1.386446
1.772514
1.258510
1.260959
1.792192
2.459178
1.394643
1.024063
2.633291
1.097737
1.314216
1.691909
1.123402
1.694777
1.152915
2.010786
2.834406
1.749828
1.973676
1.472035
2.585447
2.360912
1.010581
1.298987
1.331249
1.526789
1.899555
1.998085
2.638020
1.995708
1.555984
1.159265
2.917259
3.369332
1.391266
1.483565
2.067458
1.090888
2.633239
1.218093
1.586531
1.988252
1.773030
2.338675
1.411601
1.774389
0.707388
1.185373
1.352217
1.802093
1.432261
1.709824
1.789700
1.951062
1.050109
0.940969
1.977317
2.147521
0.925123
1.224273
1.903076
1.282983
1.839039
1.833092
0.777442
1.176323
1.564919
2.408882
1.563193
1.579718
1.449581
1.485085
1.892167
1.818483
2.114541
1.958638
1.313766
1.521685
3.540400
1.200143
1.508440
1.799315
1.654169
1.454762
2.395904
1.332155
1.563057
1.072290
