1.825750
2.211815
1.858673
1.566967
1.796700
1.823697
1.440887
1.939846
1.186594
2.534972
2.472469
1.345674
2.302728
2.435309
0.852877
1.051246
1.211182
1.456508
1.333675
1.638613
1.129801
1.935327
1.549123
1.513350
1.246215
1.073587
1.229864
1.470159
1.287652
1.451969
1.342452
1.371763
3.282756
1.841535
1.128263
2.355095
1.529976
0.959419
2.889323
1.301522
1.255811
2.296937
1.350545
2.102035
1.245695
1.609747
1.453209
1.168269
1.469643
1.620952
1.111586
1.888391
1.646260
1.550395
1.457557
2.171791
1.878823
1.154875
1.784154
1.695639
1.407406
2.111569
1.465466
1.907493
2.459670
1.854826
1.375976
2.878858
1.570374
1.870442
1.952168
1.421248
1.723287
1.210653
1.337837
2.100626
1.392972
2.370013
1.107213
1.724287
1.167832
2.179389
0.842489
1.474916
1.125790
2.372457
1.989533
1.741704
2.806703
0.995549
2.437865
2.398044
1.838973
1.215949
2.459545
1.360967
2.063329
1.218679
1.514870
1.842194
3.425316
2.108795
2.204837
1.747627
1.926270
1.655947
1.930891
1.407444
1.605584
1.102133
2.202060
2.243090
2.222718
1.263024
0.922169
3.751835
2.114326
1.246436
2.140816
1.677933
2.500907
1.596861
2.187454
2.563076
1.249252
1.655281
1.807386
2.158327
3.144527
1.231326
1.699814
1.184867
2.026793
1.306194
3.111619
1.170759
2.066862
1.882560
1.440454
3.235676
1.041607
1.233909
1.675467
3.121234
1.510239
1.497288
1.535910
1.488185
1.094620
1.358529
1.636911
1.481313
1.720090
1.843986
1.472522
2.311266
1.283601
2.694588
1.481416
1.588733
1.232513
1.278134
1.885177
1.149885
1.997211
1.131009
1.539213
2.179608
1.355958
0.817303
1.093013
2.064723
0.900190
2.451526
1.023885
1.683838
1.287983
1.411333
1.134638
1.205148
2.066637
1.853319
1.382343
1.454591
