1.460396
1.534345
1.903376
4.029140
1.838773
3.350444
1.309916
2.077023
1.468983
3.370539
1.456991
1.299974
2.108616
1.440207
1.943817
2.077417
1.625009
1.860448
1.847777
1.241634
2.371184
1.061539
2.065443
2.429064
1.419612
1.855591
1.457564
1.464977
2.354153
1.539210
1.527732
1.770304
1.300738
1.191791
1.452743
1.418055
1.400602
1.687069
3.329882
2.368037
1.373261
2.326984
1.296217
1.245156
3.194718
1.883429
2.122023
1.590749
1.583529
1.000495
1.729790
1.964122
1.810462
4.757788
1.277099
1.019142
2.047638
2.233001
2.306644
1.778167
1.598127
1.898636
1.418409
1.505654
2.756890
2.384299
2.604841
1.299143
1.436482
1.611314
2.978222
1.599304
1.421177
1.991394
1.236825
1.649927
2.708674
1.825289
1.416635
1.290356
1.411228
4.785122
3.442348
1.371836
2.150155
2.654797
1.566681
1.028172
1.165923
1.394584
2.157956
1.037095
1.748722
1.412829
3.590307
0.981936
1.766603
1.116076
2.221591
1.260880
1.603376
1.916193
1.190177
1.986362
2.460312
1.624093
1.343835
2.097682
2.047950
2.246745
1.367306
3.875960
3.742867
2.485295
2.783668
1.958642
1.417046
2.005296
1.135620
1.896868
1.999692
2.032099
1.828427
1.614261
2.038847
1.418940
2.043689
1.992231
1.473992
1.117103
1.821869
1.571738
1.192276
1.256566
2.312340
1.796374
1.256497
2.642960
1.859626
1.509846
1.481108
2.250215
1.778145
1.135565
2.055829
1.928159
1.974240
1.744873
2.142668
4.295413
1.879387
2.142512
1.875618
1.306501
1.798109
2.608602
1.781976
1.905458
1.560777
1.609948
