1 2 0.561593
1 4 0.561653
1 5 0.762948
1 6 0.620729
1 7 0.532593
1 8 0.669700
1 9 0.582224
1 11 0.545754
1 13 0.530410
1 14 0.500000
2 1 0.561593
4 1 0.561653
4 14 0.500000
5 1 0.762948
6 1 0.620729
7 1 0.532593
7 14 0.500000
8 1 0.669700
8 14 0.500000
9 1 0.582224
11 1 0.545754
11 14 0.500000
13 1 0.530410
13 14 0.500000
14 1 0.500000
14 4 0.500000
14 7 0.500000
14 8 0.500000
14 11 0.500000
14 13 0.500000
1 1 0.634124
1 3 0.500000
1 10 0.510054
1 12 0.500000
2 2 0.531295
2 3 0.500000
2 4 0.522107
2 5 0.615331
2 6 0.556765
2 7 0.514892
2 8 0.582687
2 9 0.532330
2 10 0.503389
2 11 0.521721
2 12 0.500000
2 13 0.506387
2 14 0.500000
3 1 0.500000
3 2 0.500000
3 3 0.500000
3 4 0.500000
3 5 0.500000
3 6 0.500000
3 7 0.500000
3 8 0.500000
3 9 0.500000
3 10 0.500000
3 11 0.500000
3 12 0.500000
3 13 0.500000
3 14 0.500000
4 2 0.522107
4 3 0.500000
4 4 0.594500
4 5 0.739049
4 6 0.532728
4 7 0.509109
4 8 0.574518
4 9 0.553848
4 10 0.497742
4 11 0.518587
4 12 0.500000
4 13 0.480694
5 2 0.615331
5 3 0.500000
5 4 0.739049
5 5 0.994492
5 6 0.736290
5 7 0.533359
5 8 0.616749
5 9 0.732736
5 10 0.554046
5 11 0.588323
5 12 0.500000
5 13 0.462562
5 14 0.500000
6 2 0.556765
6 3 0.500000
6 4 0.532728
6 5 0.736290
6 6 0.668927
6 7 0.515077
6 8 0.619118
6 9 0.593962
6 10 0.508465
6 11 0.542921
6 12 0.500000
6 13 0.535365
6 14 0.500000
7 2 0.514892
7 3 0.500000
7 4 0.509109
7 5 0.533359
7 6 0.515077
7 7 0.526332
7 8 0.553756
7 9 0.514585
7 10 0.497469
7 11 0.513299
7 12 0.500000
7 13 0.511701
8 2 0.582687
8 3 0.500000
8 4 0.574518
8 5 0.616749
8 6 0.619118
8 7 0.553756
8 8 0.936026
8 9 0.570884
8 10 0.482237
8 11 0.556689
8 12 0.500000
8 13 0.672195
9 2 0.532330
9 3 0.500000
9 4 0.553848
9 5 0.732736
9 6 0.593962
9 7 0.514585
9 8 0.570884
9 9 0.581896
9 10 0.505834
9 11 0.527873
9 12 0.500000
9 13 0.515907
9 14 0.500000
10 1 0.510054
10 2 0.503389
10 3 0.500000
10 4 0.497742
10 5 0.554046
10 6 0.508465
10 7 0.497469
10 8 0.482237
10 9 0.505834
10 10 0.513258
10 11 0.501976
10 12 0.500000
10 13 0.494386
10 14 0.500000
11 2 0.521721
11 3 0.500000
11 4 0.518587
11 5 0.588323
11 6 0.542921
11 7 0.513299
11 8 0.556689
11 9 0.527873
11 10 0.501976
11 11 0.517286
11 12 0.500000
11 13 0.504886
12 1 0.500000
12 2 0.500000
12 3 0.500000
12 4 0.500000
12 5 0.500000
12 6 0.500000
12 7 0.500000
12 8 0.500000
12 9 0.500000
12 10 0.500000
12 11 0.500000
12 12 0.500000
12 13 0.500000
12 14 0.500000
13 2 0.506387
13 3 0.500000
13 4 0.480694
13 5 0.462562
13 6 0.535365
13 7 0.511701
13 8 0.672195
13 9 0.515907
13 10 0.494386
13 11 0.504886
13 12 0.500000
13 13 0.650531
14 2 0.500000
14 3 0.500000
14 5 0.500000
14 6 0.500000
14 9 0.500000
14 10 0.500000
14 12 0.500000
14 14 0.500000
