1 2 0.568336
1 4 0.601802
1 5 0.723868
1 6 0.790842
1 7 0.595343
1 8 0.581113
1 9 0.645775
1 11 0.500000
1 13 0.562512
1 14 0.500000
2 1 0.568336
4 1 0.601802
4 14 0.500000
5 1 0.723868
6 1 0.790842
7 1 0.595343
7 14 0.500000
8 1 0.581113
8 14 0.500000
9 1 0.645775
11 1 0.500000
11 14 0.500000
13 1 0.562512
13 14 0.500000
14 1 0.500000
14 4 0.500000
14 7 0.500000
14 8 0.500000
14 11 0.500000
14 13 0.500000
1 1 0.664294
1 3 0.500000
1 10 0.538572
1 12 0.500000
2 2 0.532446
2 3 0.500000
2 4 0.543547
2 5 0.558349
2 6 0.622462
2 7 0.543494
2 8 0.539794
2 9 0.561712
2 10 0.513069
2 11 0.500000
2 12 0.500000
2 13 0.529010
2 14 0.500000
3 1 0.500000
3 2 0.500000
3 3 0.500000
3 4 0.500000
3 5 0.500000
3 6 0.500000
3 7 0.500000
3 8 0.500000
3 9 0.500000
3 10 0.500000
3 11 0.500000
3 12 0.500000
3 13 0.500000
3 14 0.500000
4 2 0.543547
4 3 0.500000
4 4 0.622966
4 5 0.565359
4 6 0.800933
4 7 0.542645
4 8 0.572749
4 9 0.559665
4 10 0.512650
4 11 0.500000
4 12 0.500000
4 13 0.541354
5 2 0.558349
5 3 0.500000
5 4 0.565359
5 5 0.996872
5 6 0.818401
5 7 0.584953
5 8 0.539059
5 9 0.707387
5 10 0.586072
5 11 0.500000
5 12 0.500000
5 13 0.549739
5 14 0.500000
6 2 0.622462
6 3 0.500000
6 4 0.800933
6 5 0.818401
6 6 0.999659
6 7 0.591673
6 8 0.692832
6 9 0.704671
6 10 0.542469
6 11 0.500000
6 12 0.500000
6 13 0.635872
6 14 0.500000
7 2 0.543494
7 3 0.500000
7 4 0.542645
7 5 0.584953
7 6 0.591673
7 7 0.574135
7 8 0.545405
7 9 0.592156
7 10 0.519949
7 11 0.500000
7 12 0.500000
7 13 0.541695
8 2 0.539794
8 3 0.500000
8 4 0.572749
8 5 0.539059
8 6 0.692832
8 7 0.545405
8 8 0.569012
8 9 0.569848
8 10 0.516527
8 11 0.500000
8 12 0.500000
8 13 0.537544
9 2 0.561712
9 3 0.500000
9 4 0.559665
9 5 0.707387
9 6 0.704671
9 7 0.592156
9 8 0.569848
9 9 0.653632
9 10 0.542051
9 11 0.500000
9 12 0.500000
9 13 0.554150
9 14 0.500000
10 1 0.538572
10 2 0.513069
10 3 0.500000
10 4 0.512650
10 5 0.586072
10 6 0.542469
10 7 0.519949
10 8 0.516527
10 9 0.542051
10 10 0.520776
10 11 0.500000
10 12 0.500000
10 13 0.508479
10 14 0.500000
11 2 0.500000
11 3 0.500000
11 4 0.500000
11 5 0.500000
11 6 0.500000
11 7 0.500000
11 8 0.500000
11 9 0.500000
11 10 0.500000
11 11 0.500000
11 12 0.500000
11 13 0.500000
12 1 0.500000
12 2 0.500000
12 3 0.500000
12 4 0.500000
12 5 0.500000
12 6 0.500000
12 7 0.500000
12 8 0.500000
12 9 0.500000
12 10 0.500000
12 11 0.500000
12 12 0.500000
12 13 0.500000
12 14 0.500000
13 2 0.529010
13 3 0.500000
13 4 0.541354
13 5 0.549739
13 6 0.635872
13 7 0.541695
13 8 0.537544
13 9 0.554150
13 10 0.508479
13 11 0.500000
13 12 0.500000
13 13 0.531531
14 2 0.500000
14 3 0.500000
14 5 0.500000
14 6 0.500000
14 9 0.500000
14 10 0.500000
14 12 0.500000
14 14 0.500000
