1 2 0.710799
1 4 0.766510
1 5 0.843427
1 6 0.940015
1 7 0.742224
1 8 0.747342
1 9 0.796786
1 11 0.500000
1 13 0.742535
1 14 0.500000
2 1 0.710799
4 1 0.766510
4 14 0.500000
5 1 0.843427
6 1 0.940015
7 1 0.742224
7 14 0.500000
8 1 0.747342
8 14 0.500000
9 1 0.796786
11 1 0.500000
11 14 0.500000
13 1 0.742535
13 14 0.500000
14 1 0.500000
14 4 0.500000
14 7 0.500000
14 8 0.500000
14 11 0.500000
14 13 0.500000
1 1 0.924312
1 3 0.500000
1 10 0.553130
1 12 0.500000
2 2 0.585961
2 3 0.500000
2 4 0.607764
2 5 0.644669
2 6 0.718167
2 7 0.597439
2 8 0.594944
2 9 0.620192
2 10 0.516329
2 11 0.500000
2 12 0.500000
2 13 0.597033
2 14 0.500000
3 1 0.500000
3 2 0.500000
3 3 0.500000
3 4 0.500000
3 5 0.500000
3 6 0.500000
3 7 0.500000
3 8 0.500000
3 9 0.500000
3 10 0.500000
3 11 0.500000
3 12 0.500000
3 13 0.500000
3 14 0.500000
4 2 0.607764
4 3 0.500000
4 4 0.677884
4 5 0.675080
4 6 0.858558
4 7 0.616182
4 8 0.627743
4 9 0.648191
4 10 0.546491
4 11 0.500000
4 12 0.500000
4 13 0.632707
5 2 0.644669
5 3 0.500000
5 4 0.675080
5 5 0.778182
5 6 0.846855
5 7 0.666117
5 8 0.670470
5 9 0.709251
5 10 0.528444
5 11 0.500000
5 12 0.500000
5 13 0.667690
5 14 0.500000
6 2 0.718167
6 3 0.500000
6 4 0.858558
6 5 0.846855
6 6 0.998066
6 7 0.763896
6 8 0.775427
6 9 0.804317
6 10 0.630242
6 11 0.500000
6 12 0.500000
6 13 0.758873
6 14 0.500000
7 2 0.597439
7 3 0.500000
7 4 0.616182
7 5 0.666117
7 6 0.763896
7 7 0.635394
7 8 0.614253
7 9 0.645489
7 10 0.515031
7 11 0.500000
7 12 0.500000
7 13 0.604393
8 2 0.594944
8 3 0.500000
8 4 0.627743
8 5 0.670470
8 6 0.775427
8 7 0.614253
8 8 0.626275
8 9 0.639354
8 10 0.527902
8 11 0.500000
8 12 0.500000
8 13 0.607385
9 2 0.620192
9 3 0.500000
9 4 0.648191
9 5 0.709251
9 6 0.804317
9 7 0.645489
9 8 0.639354
9 9 0.690294
9 10 0.522022
9 11 0.500000
9 12 0.500000
9 13 0.639591
9 14 0.500000
10 1 0.553130
10 2 0.516329
10 3 0.500000
10 4 0.546491
10 5 0.528444
10 6 0.630242
10 7 0.515031
10 8 0.527902
10 9 0.522022
10 10 0.522763
10 11 0.500000
10 12 0.500000
10 13 0.528265
10 14 0.500000
11 2 0.500000
11 3 0.500000
11 4 0.500000
11 5 0.500000
11 6 0.500000
11 7 0.500000
11 8 0.500000
11 9 0.500000
11 10 0.500000
11 11 0.500000
11 12 0.500000
11 13 0.500000
12 1 0.500000
12 2 0.500000
12 3 0.500000
12 4 0.500000
12 5 0.500000
12 6 0.500000
12 7 0.500000
12 8 0.500000
12 9 0.500000
12 10 0.500000
12 11 0.500000
12 12 0.500000
12 13 0.500000
12 14 0.500000
13 2 0.597033
13 3 0.500000
13 4 0.632707
13 5 0.667690
13 6 0.758873
13 7 0.604393
13 8 0.607385
13 9 0.639591
13 10 0.528265
13 11 0.500000
13 12 0.500000
13 13 0.623476
14 2 0.500000
14 3 0.500000
14 5 0.500000
14 6 0.500000
14 9 0.500000
14 10 0.500000
14 12 0.500000
14 14 0.500000
