1 2 0.650069
1 4 0.953130
1 5 0.707801
1 6 0.618888
1 7 0.612123
1 8 0.694462
1 9 0.645345
1 11 0.622314
1 13 0.672454
1 14 0.500000
2 1 0.650069
4 1 0.953130
4 14 0.500000
5 1 0.707801
6 1 0.618888
7 1 0.612123
7 14 0.500000
8 1 0.694462
8 14 0.500000
9 1 0.645345
11 1 0.622314
11 14 0.500000
13 1 0.672454
13 14 0.500000
14 1 0.500000
14 4 0.500000
14 7 0.500000
14 8 0.500000
14 11 0.500000
14 13 0.500000
1 1 0.795884
1 3 0.500000
1 10 0.527501
1 12 0.500000
2 2 0.571309
2 3 0.500000
2 4 0.802027
2 5 0.599484
2 6 0.551191
2 7 0.552825
2 8 0.594904
2 9 0.568965
2 10 0.511702
2 11 0.556905
2 12 0.500000
2 13 0.581135
2 14 0.500000
3 1 0.500000
3 2 0.500000
3 3 0.500000
3 4 0.500000
3 5 0.500000
3 6 0.500000
3 7 0.500000
3 8 0.500000
3 9 0.500000
3 10 0.500000
3 11 0.500000
3 12 0.500000
3 13 0.500000
3 14 0.500000
4 2 0.802027
4 3 0.500000
4 4 1.000000
4 5 0.756660
4 6 0.707054
4 7 0.725048
4 8 0.843467
4 9 0.651716
4 10 0.596385
4 11 0.764327
4 12 0.500000
4 13 0.817587
5 2 0.599484
5 3 0.500000
5 4 0.756660
5 5 0.684974
5 6 0.548501
5 7 0.573959
5 8 0.632548
5 9 0.607747
5 10 0.517092
5 11 0.576893
5 12 0.500000
5 13 0.617381
5 14 0.500000
6 2 0.551191
6 3 0.500000
6 4 0.707054
6 5 0.548501
6 6 0.630605
6 7 0.538377
6 8 0.565256
6 9 0.559599
6 10 0.515108
6 11 0.551356
6 12 0.500000
6 13 0.552147
6 14 0.500000
7 2 0.552825
7 3 0.500000
7 4 0.725048
7 5 0.573959
7 6 0.538377
7 7 0.547690
7 8 0.572698
7 9 0.555317
7 10 0.512123
7 11 0.542934
7 12 0.500000
7 13 0.570756
8 2 0.594904
8 3 0.500000
8 4 0.843467
8 5 0.632548
8 6 0.565256
8 7 0.572698
8 8 0.634637
8 9 0.590742
8 10 0.511041
8 11 0.576025
8 12 0.500000
8 13 0.606838
9 2 0.568965
9 3 0.500000
9 4 0.651716
9 5 0.607747
9 6 0.559599
9 7 0.555317
9 8 0.590742
9 9 0.609095
9 10 0.513815
9 11 0.552917
9 12 0.500000
9 13 0.596146
9 14 0.500000
10 1 0.527501
10 2 0.511702
10 3 0.500000
10 4 0.596385
10 5 0.517092
10 6 0.515108
10 7 0.512123
10 8 0.511041
10 9 0.513815
10 10 0.510376
10 11 0.511227
10 12 0.500000
10 13 0.520490
10 14 0.500000
11 2 0.556905
11 3 0.500000
11 4 0.764327
11 5 0.576893
11 6 0.551356
11 7 0.542934
11 8 0.576025
11 9 0.552917
11 10 0.511227
11 11 0.547524
11 12 0.500000
11 13 0.567358
12 1 0.500000
12 2 0.500000
12 3 0.500000
12 4 0.500000
12 5 0.500000
12 6 0.500000
12 7 0.500000
12 8 0.500000
12 9 0.500000
12 10 0.500000
12 11 0.500000
12 12 0.500000
12 13 0.500000
12 14 0.500000
13 2 0.581135
13 3 0.500000
13 4 0.817587
13 5 0.617381
13 6 0.552147
13 7 0.570756
13 8 0.606838
13 9 0.596146
13 10 0.520490
13 11 0.567358
13 12 0.500000
13 13 0.648300
14 2 0.500000
14 3 0.500000
14 5 0.500000
14 6 0.500000
14 9 0.500000
14 10 0.500000
14 12 0.500000
14 14 0.500000
