1 2 0.821779
1 4 0.915382
1 5 0.691884
1 6 0.904753
1 7 0.794052
1 8 0.805077
1 9 0.797525
1 11 0.768847
1 13 0.724837
1 14 0.500000
2 1 0.821779
4 1 0.915382
4 14 0.500000
5 1 0.691884
6 1 0.904753
7 1 0.794052
7 14 0.500000
8 1 0.805077
8 14 0.500000
9 1 0.797525
11 1 0.768847
11 14 0.500000
13 1 0.724837
13 14 0.500000
14 1 0.500000
14 4 0.500000
14 7 0.500000
14 8 0.500000
14 11 0.500000
14 13 0.500000
1 1 0.940508
1 3 0.500000
1 10 0.577061
1 12 0.500000
2 2 0.705100
2 3 0.500000
2 4 0.793232
2 5 0.598817
2 6 0.767960
2 7 0.672605
2 8 0.688499
2 9 0.678402
2 10 0.542157
2 11 0.663052
2 12 0.500000
2 13 0.630496
2 14 0.500000
3 1 0.500000
3 2 0.500000
3 3 0.500000
3 4 0.500000
3 5 0.500000
3 6 0.500000
3 7 0.500000
3 8 0.500000
3 9 0.500000
3 10 0.500000
3 11 0.500000
3 12 0.500000
3 13 0.500000
3 14 0.500000
4 2 0.793232
4 3 0.500000
4 4 0.899755
4 5 0.718083
4 6 0.857766
4 7 0.756939
4 8 0.772987
4 9 0.771893
4 10 0.563905
4 11 0.742706
4 12 0.500000
4 13 0.685998
5 2 0.598817
5 3 0.500000
5 4 0.718083
5 5 0.945179
5 6 0.826282
5 7 0.544897
5 8 0.631030
5 9 0.673518
5 10 0.495916
5 11 0.594044
5 12 0.500000
5 13 0.602762
5 14 0.500000
6 2 0.767960
6 3 0.500000
6 4 0.857766
6 5 0.826282
6 6 0.987912
6 7 0.716345
6 8 0.773418
6 9 0.725084
6 10 0.559464
6 11 0.720491
6 12 0.500000
6 13 0.841866
6 14 0.500000
7 2 0.672605
7 3 0.500000
7 4 0.756939
7 5 0.544897
7 6 0.716345
7 7 0.695818
7 8 0.655672
7 9 0.647319
7 10 0.536946
7 11 0.638991
7 12 0.500000
7 13 0.593576
8 2 0.688499
8 3 0.500000
8 4 0.772987
8 5 0.631030
8 6 0.773418
8 7 0.655672
8 8 0.682922
8 9 0.661521
8 10 0.537134
8 11 0.649969
8 12 0.500000
8 13 0.616077
9 2 0.678402
9 3 0.500000
9 4 0.771893
9 5 0.673518
9 6 0.725084
9 7 0.647319
9 8 0.661521
9 9 0.962280
9 10 0.568904
9 11 0.645401
9 12 0.500000
9 13 0.766527
9 14 0.500000
10 1 0.577061
10 2 0.542157
10 3 0.500000
10 4 0.563905
10 5 0.495916
10 6 0.559464
10 7 0.536946
10 8 0.537134
10 9 0.568904
10 10 0.519834
10 11 0.533747
10 12 0.500000
10 13 0.556973
10 14 0.500000
11 2 0.663052
11 3 0.500000
11 4 0.742706
11 5 0.594044
11 6 0.720491
11 7 0.638991
11 8 0.649969
11 9 0.645401
11 10 0.533747
11 11 0.629979
11 12 0.500000
11 13 0.604990
12 1 0.500000
12 2 0.500000
12 3 0.500000
12 4 0.500000
12 5 0.500000
12 6 0.500000
12 7 0.500000
12 8 0.500000
12 9 0.500000
12 10 0.500000
12 11 0.500000
12 12 0.500000
12 13 0.500000
12 14 0.500000
13 2 0.630496
13 3 0.500000
13 4 0.685998
13 5 0.602762
13 6 0.841866
13 7 0.593576
13 8 0.616077
13 9 0.766527
13 10 0.556973
13 11 0.604990
13 12 0.500000
13 13 0.778230
14 2 0.500000
14 3 0.500000
14 5 0.500000
14 6 0.500000
14 9 0.500000
14 10 0.500000
14 12 0.500000
14 14 0.500000
