1 2 0.674923
1 4 0.893198
1 5 0.734042
1 6 0.733253
1 7 0.638998
1 8 0.691259
1 9 0.731342
1 11 0.500000
1 13 0.697556
1 14 0.500000
2 1 0.674923
4 1 0.893198
4 14 0.500000
5 1 0.734042
6 1 0.733253
7 1 0.638998
7 14 0.500000
8 1 0.691259
8 14 0.500000
9 1 0.731342
11 1 0.500000
11 14 0.500000
13 1 0.697556
13 14 0.500000
14 1 0.500000
14 4 0.500000
14 7 0.500000
14 8 0.500000
14 11 0.500000
14 13 0.500000
1 1 0.834704
1 3 0.500000
1 10 0.575395
1 12 0.500000
2 2 0.584584
2 3 0.500000
2 4 0.714623
2 5 0.612884
2 6 0.616170
2 7 0.567041
2 8 0.590297
2 9 0.610345
2 10 0.533013
2 11 0.500000
2 12 0.500000
2 13 0.588447
2 14 0.500000
3 1 0.500000
3 2 0.500000
3 3 0.500000
3 4 0.500000
3 5 0.500000
3 6 0.500000
3 7 0.500000
3 8 0.500000
3 9 0.500000
3 10 0.500000
3 11 0.500000
3 12 0.500000
3 13 0.500000
3 14 0.500000
4 2 0.714623
4 3 0.500000
4 4 0.999718
4 5 0.813451
4 6 0.784573
4 7 0.858645
4 8 0.749189
4 9 0.655513
4 10 0.607887
4 11 0.500000
4 12 0.500000
4 13 0.799870
5 2 0.612884
5 3 0.500000
5 4 0.813451
5 5 0.677011
5 6 0.662767
5 7 0.582751
5 8 0.628009
5 9 0.648904
5 10 0.551864
5 11 0.500000
5 12 0.500000
5 13 0.629448
5 14 0.500000
6 2 0.616170
6 3 0.500000
6 4 0.784573
6 5 0.662767
6 6 0.682942
6 7 0.619986
6 8 0.630335
6 9 0.647555
6 10 0.550419
6 11 0.500000
6 12 0.500000
6 13 0.601951
6 14 0.500000
7 2 0.567041
7 3 0.500000
7 4 0.858645
7 5 0.582751
7 6 0.619986
7 7 0.756668
7 8 0.576985
7 9 0.537180
7 10 0.522944
7 11 0.500000
7 12 0.500000
7 13 0.546886
8 2 0.590297
8 3 0.500000
8 4 0.749189
8 5 0.628009
8 6 0.630335
8 7 0.576985
8 8 0.610714
8 9 0.616505
8 10 0.544469
8 11 0.500000
8 12 0.500000
8 13 0.611534
9 2 0.610345
9 3 0.500000
9 4 0.655513
9 5 0.648904
9 6 0.647555
9 7 0.537180
9 8 0.616505
9 9 0.683345
9 10 0.541417
9 11 0.500000
9 12 0.500000
9 13 0.620618
9 14 0.500000
10 1 0.575395
10 2 0.533013
10 3 0.500000
10 4 0.607887
10 5 0.551864
10 6 0.550419
10 7 0.522944
10 8 0.544469
10 9 0.541417
10 10 0.523234
10 11 0.500000
10 12 0.500000
10 13 0.536119
10 14 0.500000
11 2 0.500000
11 3 0.500000
11 4 0.500000
11 5 0.500000
11 6 0.500000
11 7 0.500000
11 8 0.500000
11 9 0.500000
11 10 0.500000
11 11 0.500000
11 12 0.500000
11 13 0.500000
12 1 0.500000
12 2 0.500000
12 3 0.500000
12 4 0.500000
12 5 0.500000
12 6 0.500000
12 7 0.500000
12 8 0.500000
12 9 0.500000
12 10 0.500000
12 11 0.500000
12 12 0.500000
12 13 0.500000
12 14 0.500000
13 2 0.588447
13 3 0.500000
13 4 0.799870
13 5 0.629448
13 6 0.601951
13 7 0.546886
13 8 0.611534
13 9 0.620618
13 10 0.536119
13 11 0.500000
13 12 0.500000
13 13 0.733682
14 2 0.500000
14 3 0.500000
14 5 0.500000
14 6 0.500000
14 9 0.500000
14 10 0.500000
14 12 0.500000
14 14 0.500000
