1.802835
1.957411
2.230476
1.389059
1.259340
1.357943
2.812971
3.193593
2.344737
1.990129
2.386900
1.359702
1.217420
2.554985
2.273052
1.629687
1.916386
2.048657
3.812219
1.368587
2.115136
3.080421
1.899125
1.927884
2.635441
2.095458
2.797720
1.577150
1.410059
1.783468
1.845658
2.428874
1.093520
3.139386
1.710120
3.074199
1.695581
1.506463
2.292251
2.342963
0.989297
1.436392
2.775396
1.200550
2.253694
1.529641
3.515502
1.533818
1.479027
1.008410
2.542757
1.553530
1.997842
2.232297
1.482182
2.506659
1.659236
1.576418
2.924950
2.791989
1.507815
1.128564
1.592435
1.195597
1.303747
2.181906
3.057876
2.699516
2.431823
1.461146
2.822833
1.935739
2.114596
1.767523
1.726190
2.299272
2.623108
0.994085
1.683502
1.997344
1.141419
1.424109
1.452167
1.633192
2.194347
1.123098
2.411302
1.662273
1.945377
1.463205
1.717463
1.552429
2.566954
1.114922
1.533760
2.105579
2.192847
2.043433
3.130881
1.709193
3.273060
3.128537
2.268003
2.342283
2.123923
2.285483
2.942880
1.117053
2.934979
1.638227
1.416644
2.259004
