1.757831
1.995612
4.653414
6.578825
2.657377
2.069276
1.946393
2.816007
1.591765
2.832456
1.779584
2.448792
1.786431
1.616462
1.879416
1.687316
1.796710
1.474175
3.088268
2.260220
1.353264
2.345251
2.302526
0.913247
1.968387
1.332306
0.991755
2.451097
2.585176
1.730840
2.175970
2.186921
1.053859
2.255001
3.837452
4.491013
2.474364
1.855429
3.669294
5.158963
2.374093
2.884110
1.557471
2.793112
3.099893
4.474741
1.493851
2.206202
1.089383
2.464351
1.595138
1.199305
2.569528
2.432422
2.623249
3.566548
2.996011
2.853733
2.132494
3.003811
2.105027
1.214767
2.980291
3.382820
1.730770
2.454893
1.726674
3.347533
2.832071
1.967925
1.038320
1.236331
2.241277
1.612227
1.403987
2.890810
1.815085
2.301810
2.014983
1.800294
1.838245
1.606766
2.314145
2.605290
2.244292
2.500501
2.209856
1.364294
1.596431
1.516360
1.924940
4.181609
2.111364
2.509594
1.964332
1.789530
2.344403
1.707026
2.954311
2.142118
1.197240
2.458287
1.815159
1.436232
1.418740
2.060472
1.868429
2.304199
1.786976
1.606163
2.762717
1.089610
2.042522
3.023744
3.693769
2.564135
3.148009
2.287903
2.294031
1.341752
4.052953
2.092666
2.371088
1.464859
1.277522
3.045237
1.982303
