1.899570
1.663676
1.518912
1.605703
1.093123
1.169348
1.683926
1.580079
1.625787
1.230321
2.345815
1.879640
1.339844
1.592721
1.561797
1.703101
2.970951
2.286704
2.209585
0.906931
2.179419
2.267059
3.704689
3.243910
3.129537
3.570118
2.917254
1.551898
2.099524
1.392094
2.473851
1.094280
1.513126
1.324507
0.997035
2.123421
1.591191
1.313900
1.769973
2.337252
1.215721
1.859900
2.240446
1.675871
2.478699
1.139040
2.035141
1.223827
1.322824
2.786338
1.885012
2.090107
1.867305
2.621694
2.483587
1.663139
2.656938
1.625425
2.409496
1.096892
1.743772
2.283287
2.670702
1.462379
1.576163
1.641682
1.577022
2.449492
1.677184
2.023309
2.121769
1.331842
1.980002
1.543707
2.504054
1.603393
2.741713
1.522079
2.107981
1.355687
1.922545
1.254049
2.448403
1.447077
1.440294
2.112072
2.620655
2.865251
2.465831
2.643714
0.927799
2.074538
2.940821
1.375280
2.074099
1.357673
1.786723
1.384322
1.404551
1.630560
1.936390
1.098010
1.128088
3.217565
1.993982
1.103404
1.919955
2.464745
1.204449
1.771630
1.237606
1.363198
0.978566
2.128345
2.080306
1.936855
1.556908
1.159675
2.210975
1.992067
1.645549
3.160800
1.279639
1.532405
1.001269
1.742947
1.858093
2.048003
1.485411
2.030380
1.863346
2.288001
1.522647
2.267721
1.477886
2.323109
2.617982
0.981705
2.385443
1.759734
2.591661
3.080741
1.645431
0.902276
1.446580
1.492076
1.259740
2.476921
4.007913
2.111825
1.621793
1.503012
1.437319
1.703095
2.347503
1.111686
1.645504
1.865146
3.011835
2.331151
1.925841
2.113754
1.386123
1.874524
2.044683
1.337502
1.583002
1.341035
2.928363
1.132544
1.973498
1.636835
2.022884
2.491865
