3.670447
2.108249
1.519495
1.642013
2.313974
3.906408
1.076768
2.791203
3.449697
2.328318
2.578263
1.893250
3.107485
1.327064
2.213592
3.334831
2.183641
2.108620
1.336786
1.763167
1.059790
1.445971
2.197164
1.861872
1.537050
1.636306
1.662631
2.633643
1.501004
1.683240
1.479588
1.171483
1.318815
2.060778
1.540327
2.234877
1.040204
2.027017
1.489261
2.013834
1.190784
1.828187
1.949855
1.984443
1.440960
2.552058
1.994310
1.072671
2.025093
1.343680
1.009646
1.687556
2.365156
1.478076
1.703821
1.487074
1.762036
1.484663
2.214656
1.282919
2.606789
2.553908
1.490839
2.317099
1.507501
0.852993
4.951401
1.689070
1.113203
2.133938
1.432417
1.930263
1.430650
2.260652
1.288037
1.985757
1.379538
1.458296
1.297663
1.148151
2.029410
1.714770
1.985837
1.563617
3.975572
2.451584
1.508793
1.356987
4.294430
1.306144
1.607809
1.579519
1.631903
1.300718
1.791591
1.411274
1.941579
1.280314
1.634776
0.962108
1.235695
1.339757
2.454960
2.782388
2.614048
1.369351
2.170074
1.610047
1.421826
0.901265
1.367814
1.569089
1.948339
1.860047
1.967441
1.995772
1.541954
1.264906
3.000772
1.002160
1.807419
1.997403
1.873641
1.608514
2.120337
1.259137
1.321246
1.560595
1.528182
2.433459
1.829652
2.225125
2.378685
1.719704
1.443929
2.619983
1.230897
1.101222
1.868486
1.465151
1.480928
1.779639
1.079578
2.464970
2.072317
2.315534
2.474082
1.731628
1.705919
2.312874
1.990457
2.420177
0.872069
1.714922
1.905024
2.035624
1.445230
1.561330
1.735965
1.475891
1.236195
1.365835
1.167197
1.670217
1.394850
1.786648
1.530345
1.573313
1.530183
1.774335
1.702288
1.893201
1.890920
2.349174
3.132898
1.285910
1.447890
2.260715
1.129209
2.308130
3.509869
1.255871
1.633236
2.094449
2.266851
1.996472
1.520152
1.870535
1.913220
1.278428
1.594578
2.522510
2.542073
2.195849
1.307242
1.580884
1.578350
1.432854
2.118737
1.805071
