2.337993
3.474328
1.302124
3.939979
3.336947
2.858423
1.592876
2.860909
2.728537
1.494284
3.552795
2.027256
5.796786
1.896869
1.849511
2.047736
2.094669
1.822980
2.747829
2.942666
3.688646
3.020644
3.906960
3.035824
2.797674
4.113275
3.389857
4.544372
3.425792
2.154016
2.154933
2.346976
4.868885
3.380505
1.599902
2.831228
1.708773
1.556608
2.534179
4.520838
2.000843
4.066502
2.288905
1.897515
6.020137
2.758386
1.943898
2.682933
1.918880
3.675283
5.064752
2.037141
1.537225
3.366169
2.707059
2.252727
3.028416
2.359746
2.250704
2.127426
3.489656
2.948081
6.405641
2.739398
2.065854
1.885340
2.301657
1.450141
1.994441
1.628945
1.789932
2.177007
3.619432
1.590366
2.184951
1.735966
4.210664
4.537214
1.859973
1.993427
3.448767
2.631630
2.638594
3.619503
2.880111
1.633108
1.557162
3.962991
2.877443
1.979117
1.574314
3.099063
2.783430
1.512210
2.386862
1.527773
1.698007
2.427956
2.204843
1.543043
1.863669
3.344676
3.606756
2.145066
2.350434
4.575949
1.895805
1.680840
2.225413
2.623847
4.926548
2.531849
1.606346
3.062223
1.899338
1.474342
2.082091
1.985508
1.624583
2.027989
3.040795
2.740679
2.848752
5.121863
1.958107
2.510560
2.547763
1.155329
1.621426
1.986822
6.316031
1.331330
3.143042
1.712954
2.695771
1.426161
5.086206
3.010158
1.970351
2.252305
1.457257
2.119784
1.963000
1.871850
3.207569
4.976072
1.616223
4.349808
2.117504
