3.177987
2.913466
2.629674
3.002590
3.500730
2.568285
3.104434
2.441845
2.201660
2.890232
2.090062
1.766153
1.826155
1.880532
1.640623
1.689121
1.921570
1.525369
1.080026
2.368746
1.342227
2.120893
1.653505
1.786288
2.600248
2.370054
1.702510
2.046545
1.693746
2.691474
1.922794
1.766486
2.185998
1.845689
1.860097
2.283517
2.040065
2.450287
2.304643
1.875505
1.250558
2.696013
1.929363
1.964955
3.252476
1.828802
1.232218
2.290041
2.754196
1.905763
2.434407
2.942325
2.992483
1.981061
2.907582
2.611720
1.215982
1.846680
2.088658
2.024063
2.223416
1.716995
1.997018
2.975242
2.448384
1.963398
2.989836
1.590537
2.784049
1.275275
2.359575
3.389957
1.690886
1.768584
2.235715
2.953428
2.094703
1.018922
2.005688
3.912152
1.978764
1.387588
3.511131
1.895347
3.169740
2.619260
2.237917
2.062391
2.351575
2.663420
2.223475
1.654213
3.163771
1.929155
1.904500
2.233836
2.463073
2.231267
1.599611
1.132290
1.928095
1.609873
2.268619
2.794395
2.042838
