2.644255
3.565950
1.671311
2.409759
2.101852
2.347689
2.902343
1.819526
2.400372
1.703988
2.582937
1.972430
2.802500
2.042053
2.538576
3.478616
3.408849
1.496519
2.537519
4.203614
2.010786
2.995953
1.833350
2.506016
1.795830
1.899865
1.986431
2.052008
7.360448
2.222977
1.922681
1.636309
2.321475
2.262821
2.048128
2.181765
1.882807
2.417823
2.193690
2.265465
1.323917
2.382889
1.971287
1.552088
2.005700
1.763327
3.127056
2.779881
2.128661
2.263131
1.628824
1.482069
3.318016
3.244360
2.478388
1.497587
1.898730
2.099181
2.201873
2.183919
1.453153
2.154222
3.588885
2.079750
1.848338
2.032453
1.911337
2.593612
1.349150
1.382323
1.438102
1.775810
3.447662
1.450336
2.519391
2.318051
3.038942
2.099957
2.761894
1.098663
2.540110
2.216769
2.389257
2.066821
2.484807
1.576529
1.892908
2.185591
1.925744
1.831217
2.185383
1.873856
1.899368
2.577740
1.883034
1.260339
1.392496
2.378320
1.421014
2.421336
1.926970
1.298707
2.258898
2.252415
1.566471
1.439544
2.807519
3.212026
3.296735
1.695349
1.640060
1.893708
1.534321
2.245162
1.148552
2.413520
3.438007
2.100685
1.190340
1.481735
3.315171
2.340268
1.124463
1.732434
1.750785
2.378391
1.612893
2.019457
1.605898
2.074070
1.211967
2.633820
2.352071
1.746903
1.650468
2.687168
2.155502
1.927142
1.574579
2.552884
3.310162
1.424926
1.637816
2.162666
2.805295
2.116156
