1.666876
1.675409
3.198127
2.151536
2.510666
1.988998
3.170070
2.685872
3.617469
3.718914
2.354410
2.321954
3.053380
3.384845
2.733366
2.247037
3.192556
2.155823
2.313166
2.392783
1.898368
2.580205
4.795321
2.717615
1.859037
2.535439
3.465527
1.931835
1.505099
4.201924
2.864760
3.142610
2.489866
2.844491
1.625333
2.122261
1.742957
1.836885
2.182111
2.534344
3.425119
2.395618
2.341128
1.945264
4.058666
1.979059
1.852955
1.542819
1.839447
1.753194
2.761486
1.603878
2.443065
2.436670
3.495206
2.401309
2.139111
3.391256
1.859781
2.948771
2.004811
2.778374
1.441173
1.569652
2.082562
2.854115
1.903943
2.545922
1.869546
1.884230
1.904458
2.604484
2.594974
2.829591
1.678950
1.774416
3.269584
3.528767
1.963234
2.070207
1.884907
3.833087
2.026255
2.482215
2.494508
1.648272
1.996383
2.487564
1.435206
2.233187
2.106090
2.576686
1.750053
1.946965
1.673500
4.432627
2.612005
2.088407
2.030197
1.452207
1.502773
2.908844
2.687916
4.748254
2.655480
1.170863
3.138056
3.116918
3.723890
2.072478
1.639580
2.009826
1.254243
1.719490
2.129294
1.772915
2.203039
2.191729
1.618791
1.989050
