1 2 0.930515
1 3 0.874882
1 5 0.919255
1 8 0.965868
1 12 0.809011
1 16 0.871915
1 17 0.870801
1 19 0.929371
2 1 0.930515
2 8 0.927744
2 19 0.886698
3 1 0.874882
3 8 0.872381
4 17 0.500000
5 1 0.919255
5 8 0.918887
8 1 0.965868
8 2 0.927744
8 3 0.872381
8 5 0.918887
8 12 0.795417
8 13 0.859148
8 14 0.872512
8 15 0.500000
8 16 0.874432
8 17 0.871782
8 19 0.919468
10 19 0.824426
12 1 0.809011
12 8 0.795417
13 8 0.859148
14 8 0.872512
15 8 0.500000
16 1 0.871915
16 8 0.874432
17 1 0.870801
17 4 0.500000
17 8 0.871782
17 19 0.798328
18 19 0.637500
19 1 0.929371
19 2 0.886698
19 8 0.919468
19 10 0.824426
19 17 0.798328
19 18 0.637500
1 1 0.969193
1 4 0.500000
1 6 0.995148
1 7 0.503505
1 9 0.579852
1 10 0.834675
1 11 0.659502
1 13 0.829230
1 14 0.823750
1 15 0.500000
1 18 0.616141
2 2 0.887773
2 3 0.807671
2 4 0.500000
2 5 0.865151
2 6 0.973869
2 7 0.502353
2 9 0.552259
2 10 0.788534
2 11 0.602447
2 12 0.739110
2 13 0.793450
2 14 0.779894
2 15 0.500000
2 16 0.814112
2 17 0.812715
2 18 0.612605
3 2 0.807671
3 3 0.762259
3 4 0.500000
3 5 0.804383
3 6 0.957513
3 7 0.502074
3 9 0.552168
3 10 0.689562
3 11 0.590129
3 12 0.690792
3 13 0.700478
3 14 0.717572
3 15 0.500000
3 16 0.754095
3 17 0.753827
3 18 0.554024
3 19 0.793020
4 1 0.500000
4 2 0.500000
4 3 0.500000
4 4 0.500000
4 5 0.500000
4 6 0.500000
4 7 0.500000
4 8 0.500000
4 9 0.500000
4 10 0.500000
4 11 0.500000
4 12 0.500000
4 13 0.500000
4 14 0.500000
4 15 0.500000
4 16 0.500000
4 18 0.500000
4 19 0.500000
5 2 0.865151
5 3 0.804383
5 4 0.500000
5 5 0.857437
5 6 0.975358
5 7 0.502421
5 9 0.559705
5 10 0.745347
5 11 0.610598
5 12 0.728200
5 13 0.751289
5 14 0.773518
5 15 0.500000
5 16 0.803382
5 17 0.804114
5 18 0.612643
5 19 0.853793
6 1 0.995148
6 2 0.973869
6 3 0.957513
6 4 0.500000
6 5 0.975358
6 6 0.999999
6 7 0.505949
6 8 0.994068
6 9 0.614873
6 10 0.874280
6 11 0.722601
6 12 0.918144
6 13 0.899031
6 14 0.886418
6 15 0.500000
6 16 0.952630
6 17 0.946698
6 18 0.687514
6 19 0.970348
7 1 0.503505
7 2 0.502353
7 3 0.502074
7 4 0.500000
7 5 0.502421
7 6 0.505949
7 7 0.500023
7 8 0.503248
7 9 0.500483
7 10 0.501273
7 11 0.500764
7 12 0.501616
7 13 0.501166
7 14 0.501244
7 15 0.500000
7 16 0.501866
7 17 0.501909
7 18 0.498884
7 19 0.502222
8 4 0.500000
8 6 0.994068
8 7 0.503248
8 8 0.968817
8 9 0.579982
8 10 0.817401
8 11 0.655588
8 18 0.677579
9 1 0.579852
9 2 0.552259
9 3 0.552168
9 4 0.500000
9 5 0.559705
9 6 0.614873
9 7 0.500483
9 8 0.579982
9 9 0.514572
9 10 0.528703
9 11 0.524195
9 12 0.536354
9 13 0.517359
9 14 0.541891
9 15 0.500000
9 16 0.545857
9 17 0.547101
9 18 0.505346
9 19 0.547638
10 1 0.834675
10 2 0.788534
10 3 0.689562
10 4 0.500000
10 5 0.745347
10 6 0.874280
10 7 0.501273
10 8 0.817401
10 9 0.528703
10 10 0.758665
10 11 0.580147
10 12 0.664870
10 13 0.657194
10 14 0.651442
10 15 0.500000
10 16 0.701693
10 17 0.695938
10 18 0.621610
11 1 0.659502
11 2 0.602447
11 3 0.590129
11 4 0.500000
11 5 0.610598
11 6 0.722601
11 7 0.500764
11 8 0.655588
11 9 0.524195
11 10 0.580147
11 11 0.588677
11 12 0.584974
11 13 0.563636
11 14 0.579650
11 15 0.500000
11 16 0.583983
11 17 0.585291
11 18 0.603436
11 19 0.614199
12 2 0.739110
12 3 0.690792
12 4 0.500000
12 5 0.728200
12 6 0.918144
12 7 0.501616
12 9 0.536354
12 10 0.664870
12 11 0.584974
12 12 0.657729
12 13 0.651184
12 14 0.638247
12 15 0.500000
12 16 0.684770
12 17 0.683956
12 18 0.540615
12 19 0.745004
13 1 0.829230
13 2 0.793450
13 3 0.700478
13 4 0.500000
13 5 0.751289
13 6 0.899031
13 7 0.501166
13 9 0.517359
13 10 0.657194
13 11 0.563636
13 12 0.651184
13 13 0.894967
13 14 0.799666
13 15 0.500000
13 16 0.725605
13 17 0.716390
13 18 0.625322
13 19 0.763071
14 1 0.823750
14 2 0.779894
14 3 0.717572
14 4 0.500000
14 5 0.773518
14 6 0.886418
14 7 0.501244
14 9 0.541891
14 10 0.651442
14 11 0.579650
14 12 0.638247
14 13 0.799666
14 14 0.840350
14 15 0.500000
14 16 0.736395
14 17 0.730103
14 18 0.699425
14 19 0.743134
15 1 0.500000
15 2 0.500000
15 3 0.500000
15 4 0.500000
15 5 0.500000
15 6 0.500000
15 7 0.500000
15 9 0.500000
15 10 0.500000
15 11 0.500000
15 12 0.500000
15 13 0.500000
15 14 0.500000
15 15 0.500000
15 16 0.500000
15 17 0.500000
15 18 0.500000
15 19 0.500000
16 2 0.814112
16 3 0.754095
16 4 0.500000
16 5 0.803382
16 6 0.952630
16 7 0.501866
16 9 0.545857
16 10 0.701693
16 11 0.583983
16 12 0.684770
16 13 0.725605
16 14 0.736395
16 15 0.500000
16 16 0.756365
16 17 0.753686
16 18 0.587003
16 19 0.802546
17 2 0.812715
17 3 0.753827
17 5 0.804114
17 6 0.946698
17 7 0.501909
17 9 0.547101
17 10 0.695938
17 11 0.585291
17 12 0.683956
17 13 0.716390
17 14 0.730103
17 15 0.500000
17 16 0.753686
17 17 0.754336
17 18 0.583739
18 1 0.616141
18 2 0.612605
18 3 0.554024
18 4 0.500000
18 5 0.612643
18 6 0.687514
18 7 0.498884
18 8 0.677579
18 9 0.505346
18 10 0.621610
18 11 0.603436
18 12 0.540615
18 13 0.625322
18 14 0.699425
18 15 0.500000
18 16 0.587003
18 17 0.583739
18 18 0.947944
19 3 0.793020
19 4 0.500000
19 5 0.853793
19 6 0.970348
19 7 0.502222
19 9 0.547638
19 11 0.614199
19 12 0.745004
19 13 0.763071
19 14 0.743134
19 15 0.500000
19 16 0.802546
19 19 0.903695
