3.276011
2.306416
3.295780
2.282551
3.388547
2.446350
2.353142
3.158250
4.215038
2.528060
3.614466
3.393393
2.854533
2.584974
2.656601
4.285253
2.147472
3.855767
2.613586
2.852325
2.663594
4.140001
2.334673
3.012693
2.512583
2.013230
2.233582
2.162493
3.064395
2.040036
3.128844
2.103943
2.009076
2.203331
2.744561
2.050781
2.498925
2.693095
2.601139
2.254517
2.465680
3.713906
1.990115
2.544266
3.597574
2.684261
1.842919
4.925177
1.815448
2.083173
2.084766
2.402407
2.882272
1.976998
3.248960
3.891977
3.692151
3.298953
1.965684
3.204450
2.259180
3.660148
2.305571
1.641994
3.194093
1.860551
2.414836
2.952873
3.041431
2.597457
2.914832
3.221297
3.481014
3.516790
1.979713
3.346148
3.148165
2.966502
3.245580
2.662014
2.509023
3.544516
2.449002
2.094119
1.890757
1.657102
1.550573
3.412399
2.268204
3.079269
3.433794
2.811697
2.671319
3.078313
2.060863
3.113766
1.704629
2.095933
2.629490
2.562375
2.273272
3.488900
3.262079
2.114920
1.713483
2.521575
3.063512
2.012358
1.737287
2.267851
2.163343
2.930202
3.409647
2.487484
4.369365
2.515092
3.281358
2.169592
2.524944
1.768463
3.097666
3.032393
1.760735
2.161461
2.653079
2.259742
2.026140
3.404519
2.040253
1.894765
3.851545
2.533314
2.210276
2.749558
3.631675
3.374810
2.264004
1.395153
2.967125
1.643550
2.057537
2.780931
1.958642
3.149953
1.961680
1.737242
1.678512
1.923282
2.197861
1.238453
1.761796
2.231674
2.923988
3.086266
2.300556
1.536708
1.983454
2.903422
2.455229
2.227177
2.615638
1.827459
2.637633
2.511169
2.616537
3.024628
2.635575
2.264419
1.878905
2.179814
3.013182
2.026721
3.530747
2.984080
1.751391
2.100540
1.845265
4.555650
4.337915
3.041146
1.762562
2.195708
1.974864
2.024493
3.478666
1.777580
1.708783
2.583802
1.913378
2.169665
1.339386
1.894242
3.133843
2.002956
1.492321
3.014928
2.939715
2.411669
2.209524
2.309997
2.370531
1.702011
2.269113
1.653632
1.928353
2.253945
2.057659
2.594114
2.277694
2.784477
3.087536
1.866278
2.378060
2.227718
2.039865
2.259185
2.996699
3.191320
2.441165
4.451807
2.627656
1.900449
3.212835
2.203037
3.105674
2.783373
2.269039
3.346324
3.224175
2.394377
1.330610
2.124534
2.307105
2.724203
2.220156
1.757703
2.106639
2.053762
1.872825
1.699607
1.523744
1.882414
1.858533
1.998835
2.798418
1.808942
1.749285
2.431712
2.000066
1.444523
3.047928
1.739751
2.499494
1.800483
2.346501
2.714018
3.034534
