2.834452
1.816273
2.125089
1.995097
2.825476
2.589915
2.078238
2.483702
1.815023
2.693533
1.479372
1.966114
2.143699
2.305672
1.778931
1.712540
2.201509
1.970020
1.951807
1.469644
2.081370
2.078285
2.354797
3.626291
1.985109
2.304979
1.381621
2.073405
1.760166
1.276377
2.194551
3.362605
2.236255
1.991220
1.939925
1.730015
2.905074
2.902564
1.714192
2.273111
2.015083
1.652461
2.455330
2.261483
1.536142
2.187926
1.449035
2.181232
2.727104
1.826421
1.890233
2.099005
1.592370
2.627335
1.706816
2.338123
2.531874
2.541754
1.826251
1.599672
2.457025
3.339909
2.072382
1.846288
3.305549
2.020217
1.938122
2.717286
1.958759
2.084489
2.896236
2.360656
2.300287
1.469273
1.548299
2.067968
1.916906
3.167861
1.842798
2.308380
2.030495
2.408867
1.950422
1.940301
2.421441
1.750166
1.631223
2.301893
1.793607
2.271646
3.050624
2.031857
2.339448
1.100060
1.619896
1.959570
2.458947
2.800238
1.608751
1.789006
1.773849
2.001414
1.754601
2.086926
1.488716
2.672041
1.612325
2.527352
2.012514
2.779146
2.119023
2.741563
2.124376
1.716730
2.122092
1.922898
2.869457
1.769919
2.142071
1.853366
1.652952
1.673551
1.827538
2.828555
2.090727
1.726004
2.153705
2.027720
2.248763
2.670233
2.120091
1.996128
1.752517
1.818285
3.129663
2.586392
2.373081
1.892571
2.132389
1.949247
2.051977
1.476566
1.985061
1.517409
2.354045
1.586045
2.695247
2.086625
