2.924864
2.604420
2.538911
2.756203
3.033562
4.191472
1.845931
2.400295
2.634825
4.362973
2.494412
2.954334
2.603148
2.905279
2.855775
1.606266
2.221360
2.145603
2.555799
3.308773
3.817392
2.080702
3.023412
2.108119
2.485015
2.320054
2.774359
2.386367
2.329004
3.144348
2.886580
2.596290
3.824781
3.035328
6.215769
4.366236
2.175373
2.140286
2.874917
2.770121
2.236119
2.703577
2.078996
2.063294
1.835235
3.304908
2.094478
2.869210
2.108073
1.920689
2.149315
2.299772
2.978026
2.081578
2.106383
2.451585
1.778145
2.577743
2.555497
3.642308
2.058011
2.249188
3.358992
3.457845
2.019213
3.008414
3.010309
2.548637
2.694446
2.808909
1.897868
1.595446
1.799534
2.307360
1.795725
2.656585
2.125224
1.743099
2.992103
2.306336
2.040171
1.801194
1.674680
4.132039
2.355983
3.158486
2.476369
2.204403
1.649347
1.560174
3.101540
2.089314
1.681892
2.440498
2.217740
1.704682
2.667852
2.551330
2.750445
1.907447
3.465477
1.660314
3.433542
2.101497
1.449648
2.588240
2.189409
2.439114
2.240627
2.658500
3.851478
2.079092
2.338096
2.546914
2.008898
1.841586
1.688650
1.728387
2.950778
3.018525
2.794366
1.998456
1.962515
2.140974
2.289966
2.707242
1.923651
2.938521
1.955707
2.326813
1.828686
2.378143
2.643561
1.296342
2.550257
1.780037
1.704760
1.773882
1.338818
1.898035
1.986818
2.089913
1.805998
2.524462
1.416059
1.754336
2.166350
1.670973
2.666517
1.604323
1.648881
2.268879
2.059452
1.948974
