3.825087
2.943570
2.572667
2.584181
4.299634
5.659597
4.055920
2.364865
2.110060
3.154139
3.277945
2.914988
3.770295
4.063483
2.203256
2.665437
2.565021
2.837744
3.974239
2.727405
3.237496
3.731524
3.189299
2.350530
3.554669
2.731932
2.017221
3.568033
2.719807
3.162503
3.290430
2.124588
4.790063
2.172999
2.032666
2.824758
2.186804
2.211759
2.558466
2.973504
2.653803
1.701092
4.720945
2.124466
1.815989
3.802956
2.745379
2.756122
2.574017
2.488249
4.183968
3.049273
2.849052
2.539919
2.940693
3.285149
2.443095
3.554888
3.198687
2.330999
2.265863
2.762457
4.108099
2.709145
2.689465
2.220552
3.724489
3.582870
2.594385
2.947600
2.774908
2.030130
2.931178
3.291590
3.302969
2.367348
2.423290
2.394331
2.699248
2.483998
2.300573
2.443289
3.472178
2.613420
3.180825
2.885210
2.360700
1.980379
2.573900
3.206870
2.464144
2.963037
2.074329
3.035288
3.005067
2.352750
2.537993
3.707650
2.083843
2.584588
2.395239
2.380044
2.462237
2.533111
2.103583
4.527013
2.759772
1.895598
3.370190
2.975412
4.616282
3.971962
2.473025
2.118657
2.591178
2.177674
2.612611
2.740205
2.441660
2.546813
1.992085
2.182590
2.189841
3.550858
2.391425
2.273808
2.369691
2.045236
3.179826
3.732820
2.318542
2.659741
2.228897
2.491180
2.709959
1.666277
2.140535
2.643702
2.305715
2.548525
2.190190
2.537797
3.012493
