1.839884
2.545806
2.319620
1.920877
1.928512
1.499770
1.922959
2.419643
2.752074
2.520711
1.960455
1.514251
2.018931
2.077314
1.860138
1.714908
3.167898
2.428764
2.109918
1.883770
2.036206
4.035648
2.310211
1.961086
2.466064
2.315036
2.324080
1.855188
2.229020
1.798369
2.245730
1.779410
2.435342
2.789667
2.393676
3.358737
1.625950
2.091042
2.429883
2.166091
3.119760
1.992348
2.028473
1.959092
2.276201
1.844256
2.791369
3.026015
2.159714
2.256437
2.021019
1.849647
2.444392
2.142602
2.722330
1.590852
1.749148
1.881706
3.701915
1.735307
2.062293
2.391138
1.502861
1.936385
1.749303
1.741950
1.917209
2.978382
1.420839
2.038782
1.811631
1.811559
1.923209
1.942136
1.565080
1.850867
1.698880
2.004981
2.449057
1.727065
1.805585
1.996985
2.342067
2.089974
2.578441
2.158643
2.588162
2.720833
2.093028
1.498539
1.838851
2.018658
2.127809
1.338259
1.952656
1.674262
2.037747
2.282243
2.584244
1.784156
1.990175
2.594777
3.101390
2.106860
2.003805
1.721344
1.747756
2.314134
1.696926
1.869802
1.684242
2.536369
2.343282
1.357687
1.862857
2.011701
1.930127
2.432912
2.120749
1.995760
1.631317
2.167912
2.318756
2.738525
2.151289
1.817908
2.256066
1.972094
1.740991
2.445555
1.924780
2.196884
2.132748
2.505070
2.083959
2.123215
1.812815
2.435462
3.228040
1.913583
3.053045
1.905144
1.901120
1.804525
2.294281
2.122180
2.296511
2.744914
1.895401
1.979858
1.832419
1.571971
3.032567
1.848156
1.621955
1.647089
2.923345
2.009952
2.472342
1.920703
2.919476
2.193581
1.807383
1.646327
2.178362
1.766963
1.659916
2.260903
1.916745
2.057619
1.746846
2.097563
1.684912
2.252444
1.856861
1.902629
1.775440
2.022868
1.945815
2.085463
2.182478
1.699740
2.106583
2.547394
1.882875
2.633207
2.155383
2.329582
1.800215
1.949797
1.594927
2.691712
1.227351
2.088739
1.891680
1.899063
1.300683
2.022354
1.941011
1.544873
1.656506
1.939946
2.014615
2.008664
1.746429
2.240801
2.659228
2.753883
2.029635
1.716729
2.795642
1.578473
1.801655
2.106030
2.427278
1.718578
1.687646
1.358255
2.380705
1.628207
2.184219
1.936809
1.920679
