4.080351
3.716485
2.060878
2.913426
3.687803
5.439826
5.261988
2.683559
3.642232
2.005750
5.062141
3.036917
2.509918
4.578051
2.726240
3.869865
2.181705
2.520325
3.231404
5.196771
3.140310
2.202400
3.467294
4.368357
3.124353
2.300804
2.957587
3.609319
2.962402
5.023144
2.506159
3.629105
3.434445
4.369947
3.391654
1.724301
2.289339
2.739777
2.315365
3.701159
2.249638
3.989122
3.698940
3.388509
2.455423
4.044652
2.533737
2.937227
3.511475
3.765754
2.320432
2.586509
5.492411
5.133508
2.367808
2.944796
2.405136
3.826147
3.982820
3.862685
3.204576
2.354501
1.735167
2.235075
3.310548
4.096341
3.872692
2.952524
2.498485
5.020056
2.054898
2.359193
3.938687
3.167475
3.885182
4.376030
3.835832
2.029163
4.378133
3.167665
1.953835
2.610570
2.258914
2.780174
2.234331
2.555110
1.932170
3.095742
3.168542
4.222129
4.415676
2.924020
2.568041
3.376066
2.004986
2.814969
2.472787
2.920628
2.821443
2.911817
2.312525
