1.888229
2.440755
2.839708
2.034841
2.205372
3.471054
2.104904
2.001599
2.393490
2.201239
2.029477
2.171396
1.899805
2.634766
2.105981
2.526352
1.858332
2.062144
1.987139
2.013471
2.016508
1.770157
2.906888
2.024962
1.940532
2.366123
2.086725
2.315651
3.351783
1.992423
2.142790
2.288796
2.205941
2.395587
2.117573
2.164314
2.159015
2.035254
3.052540
2.115423
1.617160
1.847919
2.334697
1.501197
1.955142
2.652088
2.668976
4.261667
2.082438
2.494078
2.069284
1.759985
2.289763
1.975500
1.902186
2.277680
1.778432
2.051702
1.879598
2.202271
1.948094
2.320584
2.355942
2.373507
1.780020
2.207133
1.264345
2.449331
2.465073
1.742361
2.344370
1.984989
1.789858
2.738159
1.986170
1.985956
1.833213
2.030633
1.819256
2.600525
2.325541
1.757192
1.743930
2.134169
1.902772
2.520704
2.442268
1.912069
1.949725
2.619665
2.356264
1.847543
2.386658
1.747717
2.080151
2.227657
2.273385
2.322378
1.749007
1.438226
2.674776
2.057993
1.426043
2.119668
1.471449
1.922026
2.042577
1.946223
2.525531
2.391990
1.538214
1.767321
1.798176
1.781212
1.974432
1.935789
1.739336
2.346433
1.726912
2.292690
2.012411
3.291172
2.177640
1.832344
1.863001
2.764472
1.560596
1.470643
1.885746
1.548662
3.028775
2.043008
1.678383
1.634295
2.106456
2.679034
1.802914
2.220129
1.981749
1.604408
1.849275
1.830832
2.138166
1.723991
1.513318
2.013108
2.383947
1.832242
2.661408
1.683210
2.512162
1.908058
2.167706
1.468994
2.091147
1.877471
2.201784
