7.701480
9.291392
4.772192
5.015735
3.295632
4.175454
5.468639
5.292729
3.876627
6.776567
3.013795
6.296469
14.880371
7.808514
7.131563
3.755459
4.682515
6.793414
4.880877
4.038848
4.206387
3.028701
3.737809
4.148260
5.224849
3.802598
3.742844
5.579939
3.916656
6.032545
3.604651
5.001005
5.931207
2.927287
7.201335
3.379755
3.506756
5.395620
2.533777
4.976119
7.085182
3.073682
3.248304
5.873976
2.988564
3.257870
4.650696
2.541632
6.201377
6.400636
3.072394
4.658990
4.352650
6.627468
4.209997
4.607241
4.637032
2.861796
4.640870
3.292691
2.438483
3.890068
3.859904
4.795274
3.997791
4.067778
6.589303
9.525847
4.543551
5.557874
2.792689
6.863118
6.030743
4.483318
4.109326
3.995235
2.412382
3.696207
3.891562
4.802221
3.687833
4.242511
4.120786
3.988871
4.822273
3.719478
4.052491
5.026683
7.445083
3.200589
3.086189
2.705662
2.855546
3.675839
3.680450
3.464028
6.856508
5.672649
3.979755
4.503933
3.240528
3.627085
4.776551
3.133213
2.865559
4.120354
3.009501
3.534243
5.267373
4.353043
4.526054
3.897824
4.949078
3.069043
2.872172
4.749662
3.136864
3.480436
4.191128
4.880973
2.975607
3.470808
2.414804
2.982583
3.365065
3.715637
5.198424
5.005209
6.228870
5.027088
2.852455
3.880181
3.877923
2.489967
3.869600
4.177763
1.949383
5.521936
5.123788
3.063107
3.432747
4.078340
2.629435
2.574667
3.547915
2.560815
3.860786
2.931159
3.249980
5.130370
4.515446
3.399693
4.038189
5.387357
3.869512
2.725132
3.196088
3.311757
2.566103
4.053279
3.682949
2.581845
4.156239
2.856784
2.968750
4.890582
4.510162
3.156208
3.906601
4.614661
3.581314
2.503938
4.135410
3.286151
3.235511
2.773498
3.061161
5.840086
4.345088
2.523762
4.605307
2.325247
3.147086
3.912623
5.181956
3.732718
2.316351
3.780581
2.749016
2.067660
3.059110
2.824566
3.010977
3.082352
3.202773
3.123759
3.462106
4.281528
3.110793
2.199207
3.507064
2.682859
3.788869
3.697747
4.094277
2.202779
2.715083
3.224287
3.176828
2.791599
2.760225
2.973523
1.824322
2.786427
2.940437
4.582473
4.082259
2.842399
2.560244
3.173735
2.378058
5.568770
3.135292
4.013785
3.877460
3.042283
3.094586
5.833300
2.564167
4.442914
3.790457
5.033827
2.612379
2.832514
1.587670
2.943116
4.076025
2.669645
2.914426
2.758020
2.955043
2.153643
3.099530
2.671693
2.553853
3.427771
2.682004
3.432857
3.199828
2.080429
2.532395
2.645504
3.233862
3.227866
2.876985
2.628253
2.414678
3.309281
2.975067
4.199151
3.304618
2.928766
2.104014
2.443155
3.124301
2.199625
2.617657
4.573695
1.793021
2.893818
3.544427
2.546475
2.585020
2.442200
1.935987
2.268364
2.451849
5.359442
2.666195
3.849398
3.474674
3.570399
2.621989
2.243467
2.176063
2.196001
4.131943
3.331573
2.326314
2.435100
3.368396
2.121186
2.558165
3.521239
2.643704
3.063306
3.371737
2.754884
3.094945
2.000158
2.392246
2.473458
2.793811
1.797902
2.608762
3.677602
2.479194
1.996381
3.582278
2.770055
2.075997
2.132707
1.928476
2.716392
3.538745
3.434979
4.272902
2.256115
2.997716
2.512192
4.053030
2.360599
3.132949
4.151012
1.808254
2.961334
3.411719
1.913739
2.458189
2.018746
3.047859
2.121933
2.545840
2.842679
2.867987
2.861020
2.081975
2.388980
2.708814
2.706631
2.680145
3.648634
2.938064
4.474382
2.329752
1.847153
2.706137
2.736003
3.255884
3.529183
3.196096
3.503141
2.019374
3.364020
3.752846
3.611696
1.930266
2.053992
2.065404
2.653395
3.151820
2.314288
3.762445
2.552722
3.019106
2.391215
1.841622
3.108721
2.324358
3.119229
2.531707
3.062530
2.007605
3.356880
2.334247
1.783145
2.127294
2.786997
4.086417
2.778003
2.125750
2.287454
3.158905
2.012554
3.892853
2.164357
2.299021
2.287842
1.540421
2.320724
2.467818
2.047070
2.116285
1.695417
3.019808
1.914292
2.871714
3.065548
5.651455
2.438930
2.708992
2.213061
2.937369
3.551426
2.768570
2.240542
2.163500
3.036544
3.978012
2.416193
2.231853
3.892903
2.502100
2.730087
1.918466
1.952844
3.098864
2.049174
5.692811
3.147550
3.073821
2.136335
1.845509
2.279253
1.933037
3.196647
2.184414
2.849804
2.829021
2.533149
2.505672
2.851099
2.639740
2.956956
1.646011
2.759125
2.328748
3.871566
3.298658
2.343731
2.449192
1.817395
1.833490
2.488558
1.848973
2.543985
2.825491
2.513577
3.381957
2.901144
1.528045
2.308197
2.189415
2.430052
2.905581
2.229527
3.209701
3.020639
2.189238
2.114524
2.205853
2.320216
1.785854
2.291728
2.585985
1.531988
1.968032
2.904678
2.466889
2.969255
1.992701
2.990274
1.686872
2.167822
1.646928
2.904386
3.075284
3.119389
1.944040
2.574120
2.316943
2.453976
2.233216
1.744376
2.239860
2.758583
2.281531
3.290521
1.714714
2.429076
3.073587
2.654113
2.295183
2.501105
2.064867
2.734419
1.830737
3.000301
2.736872
2.739563
2.105353
3.042839
2.468859
2.286384
1.701369
2.603773
1.927164
2.364058
2.911738
1.774395
3.290893
2.427310
2.625792
2.233629
2.195560
2.254625
2.890490
2.349205
3.086270
4.079663
2.900426
2.177687
1.755575
1.612428
1.949953
1.951153
2.060337
2.143915
2.207490
1.817938
3.269622
1.858897
3.314126
2.109303
1.806436
1.630729
1.823511
2.162239
2.240445
2.130584
1.692294
2.758086
2.729588
2.389611
1.550614
1.806983
1.847241
1.920241
2.698622
2.375641
1.820773
2.555105
2.135560
1.941665
2.454986
3.127733
2.158759
2.099449
2.405576
2.622420
2.904159
2.321700
1.988846
3.066837
2.770012
1.839494
1.755634
3.275806
2.649092
1.595546
1.872390
1.863029
2.908293
1.694042
2.218261
1.998121
1.984520
2.648249
3.040444
1.894346
2.163132
1.665515
2.527603
2.752889
2.173763
2.048284
2.097418
2.825370
2.671127
2.297074
2.869133
2.283553
2.005502
2.322731
2.381252
3.101084
2.694300
1.482790
1.733844
1.990077
3.415384
2.350279
2.729452
1.664023
2.548735
2.273562
2.590334
2.753004
2.192812
2.151209
1.872674
1.948666
2.062775
3.192375
2.551343
2.425741
1.834511
2.438248
2.544188
1.635240
2.484253
1.776440
2.757371
1.896784
2.286240
2.932580
2.766682
1.599341
1.930532
2.329788
2.915797
2.775026
2.030886
2.267846
2.965600
2.204814
2.346730
1.556142
2.097117
1.604292
2.327160
1.820354
1.475463
2.195843
2.058910
1.829431
2.673545
2.415067
1.541670
1.685952
1.783669
1.838308
1.759212
2.640006
2.157033
2.408639
1.710456
2.242976
2.227619
1.998188
1.518993
2.337294
1.461246
2.103082
2.051028
2.355077
1.769160
2.297543
1.955915
2.600109
2.448132
2.337005
2.246760
2.061220
2.083180
1.836292
1.691896
1.660958
1.413272
2.299522
1.759690
2.677988
2.014734
4.118899
2.587184
1.790774
2.263023
2.922119
1.874519
2.566504
2.259362
2.554903
2.573216
2.100799
1.425522
2.490096
1.652524
2.770809
2.163195
2.179429
2.034517
2.038179
3.396835
2.117938
2.358313
2.724735
3.104332
1.479619
1.641208
1.821033
1.381493
1.803850
2.489518
2.682055
2.531379
1.894993
1.682345
2.322218
1.633215
2.111563
1.908942
1.918015
1.831328
2.927195
1.614507
2.208455
2.208846
1.554017
2.627708
