4.070724
2.837269
6.713918
3.160243
3.983153
4.951677
2.535013
3.151934
3.544917
2.795989
3.687011
3.473202
3.083046
3.504714
2.059576
1.708027
2.024906
4.118484
3.649819
2.481060
2.321063
2.665897
2.999507
3.336933
4.481373
2.439280
3.048604
2.532107
3.304919
2.076359
2.285130
4.447891
2.510552
3.759684
3.783278
3.386095
4.223644
2.321174
2.582016
4.201595
2.197006
3.058250
3.177382
3.702016
3.748297
2.532915
3.239928
3.302475
3.580678
3.684883
2.344790
2.958815
3.343116
4.180010
2.195900
2.699488
3.869941
2.287186
5.520481
3.795010
2.567542
2.643507
2.120814
2.030885
3.877590
2.395226
2.823639
3.678807
3.009268
4.228067
4.644516
2.285224
2.816453
3.162941
3.475189
2.668143
2.761642
2.696493
2.213909
1.976097
2.540695
2.420712
3.898104
2.602433
3.268643
3.077295
4.862409
3.645195
1.717131
2.685082
2.461517
2.852364
2.100105
2.570755
2.178568
2.089925
1.957300
2.926163
1.738694
2.504604
2.256190
3.600386
2.902079
2.573198
2.538059
2.247741
2.923923
2.442971
3.277930
1.910379
2.083650
1.932491
2.994292
