478779830054158336.000000
386070899385696256.000000
314837354953048064.000000
260298777896681472.000000
218521424850059264.000000
186362633882959872.000000
161372023073800192.000000
141678429790535680.000000
125889339736457216.000000
112988520699658240.000000
102233510273613824.000000
93117476547592192.000000
85231822102855680.000000
78336355188342784.000000
72235062086598656.000000
66786788697440256.000000
61891853124894720.000000
57472026834632704.000000
53469134494629888.000000
49833753916211200.000000
46528256890896384.000000
43522406848921600.000000
40779387330625536.000000
38282761496166400.000000
36004985720274944.000000
33928762022166528.000000
32031872536018944.000000
30300532564295680.000000
28718474918363136.000000
27271152543989760.000000
25948654804140032.000000
24733058800287744.000000
23618997970796544.000000
22595569541185536.000000
21654494961991680.000000
20787691104763904.000000
19988131403005952.000000
19250408492892160.000000
18566956789530624.000000
17931305924689920.000000
17343597632290816.000000
16794966026092544.000000
16286196011368448.000000
15807644312797184.000000
15362154198728704.000000
14944165833998336.000000
14552507766276096.000000
14183474512527360.000000
13836184530714624.000000
13508123117486080.000000
13198139221606400.000000
12904582501892096.000000
12626068905132032.000000
12361546164338688.000000
12109505672249344.000000
11869544775680000.000000
11640099032793088.000000
11421189918425088.000000
11211292719185920.000000
11009755673788416.000000
10816655017902080.000000
10630786013200384.000000
10452070276530176.000000
10279915102404608.000000
10113640812249088.000000
9953142179364864.000000
9798191570485248.000000
9648180173996032.000000
9502811637153792.000000
9361964627132416.000000
9225304136482816.000000
9092597163229184.000000
8963751902445568.000000
8838772112228352.000000
8716371986743296.000000
8597753579962368.000000
8482233455214592.000000
8369419159863296.000000
8260738770534400.000000
8152349365239808.000000
8048131983802368.000000
7945368448794624.000000
7845604411572224.000000
7747867062042624.000000
7652466174722048.000000
7559032382423040.000000
7467647826395136.000000
7378272778190848.000000
7290799863627776.000000
7204984806440960.000000
7121355887607808.000000
7038726085541888.000000
6957828229038080.000000
6879431654113280.000000
6800984613322752.000000
6724904636383232.000000
6650316086837248.000000
6576755108216832.000000
6504871314325504.000000
6434285137428480.000000
6364888666472448.000000
6296658279137280.000000
6230062663729152.000000
6163878828310528.000000
6099472035610624.000000
6036061675323392.000000
5973755658502144.000000
5912138447060992.000000
5851913341894656.000000
5792614339051520.000000
5734844881436672.000000
5677001335635968.000000
5620588013944832.000000
5565324132876288.000000
5510528403243008.000000
5456556770459648.000000
5403730283331584.000000
5351781580144640.000000
5300405181349888.000000
5249862543081472.000000
5200352307576832.000000
5151340288278528.000000
5103178135633920.000000
5055785855877120.000000
5009074865307648.000000
4963096166662144.000000
4917734869565440.000000
4873181563191296.000000
4829196266242048.000000
4785675899502592.000000
4743202431041536.000000
4700912572432384.000000
4659414598418432.000000
4618489465667584.000000
4578194082496512.000000
4538361482051584.000000
4499243993661440.000000
4460595730448384.000000
4422477895696384.000000
4384800026656768.000000
4347732848279552.000000
4311139726917632.000000
4275136895123456.000000
4239673618595840.000000
4204357176262656.000000
4169873957584896.000000
4135627498979328.000000
4102275735748608.000000
4068741973278720.000000
4035736760221696.000000
4003350022455296.000000
3971367280050176.000000
3939755247009792.000000
3908577005666304.000000
3877819939553280.000000
3847754094739456.000000
3817435383726080.000000
3787858896748544.000000
3758693652889600.000000
3729757116039168.000000
3701266182045696.000000
3673232393633792.000000
3645425970053120.000000
3617763696312320.000000
3590656547094528.000000
3563789647609856.000000
3537531559739392.000000
3511225690357760.000000
3485332137836544.000000
3459849559998464.000000
3434511668871168.000000
3409554150785024.000000
3385003849285632.000000
3360566290677760.000000
3336491925241856.000000
3312710422888448.000000
3289344190185472.000000
3265931786584064.000000
3242979212918784.000000
3220280310759424.000000
3197761260355584.000000
3175558158483456.000000
3153587253280768.000000
3132143823749120.000000
3110456654823424.000000
3089337763758080.000000
3068455632764928.000000
3047533773324288.000000
3026919004045312.000000
3006589313220608.000000
2986814478483456.000000
2966583303471104.000000
2946980535861248.000000
2927540977008640.000000
2908256305414144.000000
2889207051714560.000000
2870399658360832.000000
2851809966161920.000000
2833335164338176.000000
2815140340695040.000000
2796979876790272.000000
2779109323177984.000000
2761423990030336.000000
2743959042392064.000000
2726627775610880.000000
2709489782358016.000000
2692495402074112.000000
2675850793189376.000000
2659124848361472.000000
2642586539917312.000000
2626373843681280.000000
2610226377261056.000000
2594300101656576.000000
2578334634475520.000000
2562740413530112.000000
2547256787992576.000000
2531935029035008.000000
2516637697703936.000000
2501573368348672.000000
2486694259458048.000000
2471904271138816.000000
2457299234848768.000000
2442807209885696.000000
2428458261020672.000000
2414322718343168.000000
2400228514725888.000000
2386241416855552.000000
2372425849241600.000000
2358786912157696.000000
2345191730053120.000000
2331794384879616.000000
2318595145072640.000000
2305307590000640.000000
2292230488326144.000000
2279298878668800.000000
2266485649047552.000000
2253733891145728.000000
2241251105570816.000000
2228704298139648.000000
2216343248044032.000000
2204060178448384.000000
2191945149448192.000000
2179960982732800.000000
2168027281883136.000000
2156185654394880.000000
2144562264932352.000000
2132814992506880.000000
2121352395882496.000000
2109874901090304.000000
2098522363002880.000000
2087344039526400.000000
2076230140559360.000000
2065213012574208.000000
2054281112846336.000000
2043424240828416.000000
2032698499530752.000000
2022015573688320.000000
2011479213604864.000000
2001035866406912.000000
1990644998340608.000000
1980346337853440.000000
1970148609097728.000000
1960069931466752.000000
1949998635810816.000000
1940014179024896.000000
1930175080038400.000000
1920393426239488.000000
1910628952309760.000000
1900999098761216.000000
1891520642809856.000000
1881963669487616.000000
1872668286517248.000000
1863238820036608.000000
1853980615376896.000000
1844780258557952.000000
1835680296599552.000000
1826648383029248.000000
1817871751577600.000000
1808910570749952.000000
1800098908471296.000000
1791287648845824.000000
1782651543355392.000000
1773994097246208.000000
1765424563748864.000000
1757010588598272.000000
1748522793697280.000000
1740170961354752.000000
1731887848488960.000000
1723680031768576.000000
1715538652823552.000000
1707410024562688.000000
1699380314767360.000000
1691421203496960.000000
1683618590097408.000000
1675905231486976.000000
1667896593874944.000000
1660160418250752.000000
1652472963661824.000000
1644927108775936.000000
1637314145026048.000000
1629779832864768.000000
1622558382227456.000000
1614929312350208.000000
1607635249922048.000000
1600297298296832.000000
1593058936225792.000000
1585925800853504.000000
1578758305742848.000000
1571709056450560.000000
1564652693618688.000000
1557683169656832.000000
1550760487682048.000000
1543892700758016.000000
1537048267718656.000000
1530264366874624.000000
1523543951015936.000000
1516880175038464.000000
1510229015527424.000000
1503650199371776.000000
1497075275530240.000000
1490630542884864.000000
1484127157092352.000000
1477759331205120.000000
1471368419868672.000000
1465201517920256.000000
1458755577315328.000000
1452589614891008.000000
1446325002436608.000000
1440183467638784.000000
1434079513804800.000000
1428044011012096.000000
1422031191015424.000000
1416052596539392.000000
1410186073866240.000000
1404225464565760.000000
1398388335575040.000000
1392583955709952.000000
1386783602376704.000000
1381044049674240.000000
1375449317900288.000000
1369606954418176.000000
1362539317297152.000000
1355168348110848.000000
1347686783516672.000000
1340279709761536.000000
1332960548618240.000000
1325999480373248.000000
1319118405894144.000000
1312627233914880.000000
1306341012406272.000000
1300349935681536.000000
1294557635411968.000000
1288923846279168.000000
1283506818777088.000000
1278222129954816.000000
1273087899205632.000000
1267880654012416.000000
1262769642930176.000000
1257673395798016.000000
1252605871259648.000000
1247539554680832.000000
1242383580659712.000000
1237265321820160.000000
1232150015770624.000000
1227080880619520.000000
1222034696699904.000000
1216835907223552.000000
1211768651120640.000000
1206740452376576.000000
1201802045292544.000000
1196846324121600.000000
1191904561594368.000000
1187101848633344.000000
1182242227355648.000000
1177546351706112.000000
1172826316865536.000000
1168123730329600.000000
1163459127410688.000000
1158834252939264.000000
1154266689437696.000000
1149736841117696.000000
1145217461780480.000000
1140681707880448.000000
1136249033195520.000000
1131748444340224.000000
1127357779804160.000000
1122942284988416.000000
1118587255259136.000000
1114207395250176.000000
1109882765836288.000000
1105593838338048.000000
1101302360702976.000000
1097062355566592.000000
1092830202167296.000000
1088643615686656.000000
1084477564518400.000000
1080294736134144.000000
1076164856643584.000000
1072063498420224.000000
1068015693070336.000000
1063921985257472.000000
1059909613387776.000000
1055971799465984.000000
1051937885650944.000000
1047999199313920.000000
1044054137634816.000000
1040181352202240.000000
1036273670160384.000000
1032427124293632.000000
1028705803567104.000000
1024795705606144.000000
1020958487871488.000000
1017193479274496.000000
1013436523741184.000000
1009712988422144.000000
1005988110925824.000000
1002294774595584.000000
998613182316544.000000
995008429686784.000000
991353076973568.000000
987738593558528.000000
984151289233408.000000
980591298215936.000000
977043789447168.000000
973497622855680.000000
970018095366144.000000
966512529637376.000000
963062798483456.000000
959582532796416.000000
956152934301696.000000
952732261285888.000000
949355141922816.000000
946029763493888.000000
942620834529280.000000
939313776820224.000000
935991753834496.000000
932692950515712.000000
929450652860416.000000
926213321261056.000000
922935590125568.000000
919674971750400.000000
916493608943616.000000
913256545779712.000000
910058271539200.000000
906905966870528.000000
903741112844288.000000
900615651721216.000000
897563406368768.000000
894412980748288.000000
891346239881216.000000
888286948098048.000000
885278726160384.000000
882230306013184.000000
879199267061760.000000
876200373256192.000000
873210002276352.000000
870254192361472.000000
867310864695296.000000
864416459390976.000000
861501317447680.000000
858537253142528.000000
855664524001280.000000
852785419517952.000000
849939735248896.000000
847093111455744.000000
844294134956032.000000
841461604024320.000000
838669741064192.000000
835880763785216.000000
833148359278592.000000
830351396044800.000000
827592215101440.000000
824908128976896.000000
822354770919424.000000
819425267679232.000000
816726149169152.000000
814073402884096.000000
811377841143808.000000
808735966494720.000000
806090535075840.000000
803460941348864.000000
800909529448448.000000
798233429278720.000000
795662086045696.000000
793091145465856.000000
790633954410496.000000
787974161694720.000000
785464894160896.000000
782931668762624.000000
780444614262784.000000
777944070881280.000000
775436413960192.000000
772981705932800.000000
770509616709632.000000
768082490425344.000000
765629862772736.000000
763242934697984.000000
760800172048384.000000
758401567031296.000000
756058729480192.000000
753649051500544.000000
751273263497216.000000
748931365470208.000000
746572153356288.000000
744248710266880.000000
741951909396480.000000
739617594671104.000000
737331464110080.000000
735033992151040.000000
732757256830976.000000
730485152022528.000000
728254117838848.000000
725995837456384.000000
723768829804544.000000
721535849463808.000000
719330450866176.000000
717129011691520.000000
714950322421760.000000
712747205525504.000000
710577441734656.000000
708398886682624.000000
706283212636160.000000
704093316186112.000000
701959455637504.000000
699837137813504.000000
697712269852672.000000
695624580202496.000000
693541789499392.000000
691427256303616.000000
689387281055744.000000
687345963630592.000000
685264447995904.000000
683227962408960.000000
681163827970048.000000
679139086434304.000000
677138369871872.000000
675115708710912.000000
673109086568448.000000
671120181166080.000000
669183956221952.000000
667212633341952.000000
665214064263168.000000
663266430812160.000000
661307590180864.000000
659370694148096.000000
657437556211712.000000
655524148281344.000000
653601009565696.000000
651706190790656.000000
649809627185152.000000
647961113526272.000000
646039048552448.000000
644178857951232.000000
642337927593984.000000
640472435392512.000000
638644322828288.000000
636785407295488.000000
634977628717056.000000
633139584040960.000000
631332476551168.000000
629533422125056.000000
627731616235520.000000
625948802154496.000000
624168001339392.000000
622386864979968.000000
620608748519424.000000
618877272719360.000000
617097948299264.000000
615332985176064.000000
613613790298112.000000
611856276258816.000000
610126142636032.000000
608405337145344.000000
606736943677440.000000
605000770256896.000000
603296809091072.000000
601631771066368.000000
599952707289088.000000
598272703987712.000000
596612833345536.000000
594951419199488.000000
593305641418752.000000
591659595202560.000000
590121258713088.000000
588401594073088.000000
586776552931328.000000
585166946828288.000000
583536402759680.000000
581959545782272.000000
580345309167616.000000
578755634397184.000000
577169784832000.000000
575607154933760.000000
574030901936128.000000
572466325880832.000000
570916044013568.000000
569359655239680.000000
567827895418880.000000
566275264741376.000000
564741827198976.000000
563225099763712.000000
561713975918592.000000
560192383090688.000000
558701190578176.000000
557196173639680.000000
555711792676864.000000
554216372305920.000000
552734675697664.000000
551259622866944.000000
549799937966080.000000
548332535545856.000000
546902781198336.000000
545442894970880.000000
544016764502016.000000
542558455332864.000000
541104541794304.000000
539690591584256.000000
538247751008256.000000
536844303335424.000000
535411394871296.000000
534016335806464.000000
532597318877184.000000
531203534880768.000000
529819112570880.000000
528426670751744.000000
527041241808896.000000
525682186649600.000000
524300280922112.000000
522977397440512.000000
521586331353088.000000
520226370224128.000000
518884830478336.000000
517556477624320.000000
516201851650048.000000
514867660324864.000000
513548669157376.000000
512214679158784.000000
510920753152000.000000
509608741306368.000000
508312399380480.000000
506993408212992.000000
505693375299584.000000
504397268254720.000000
503185819041792.000000
501841360060416.000000
500563271745536.000000
499286760488960.000000
498024543420416.000000
496769708326912.000000
495534737457152.000000
494271043993600.000000
493012954120192.000000
491781137367040.000000
490538918739968.000000
489307001323520.000000
488082834980864.000000
486863299149824.000000
485635710255104.000000
484427415158784.000000
483217173905408.000000
482013173776384.000000
480820783480832.000000
479617622212608.000000
478424426610688.000000
477236163510272.000000
476053537554432.000000
474892117999616.000000
473698486190080.000000
472537771278336.000000
471379975602176.000000
470212784685056.000000
469075021004800.000000
467901756735488.000000
466758892781568.000000
465620927774720.000000
464477929603072.000000
463343823355904.000000
462218575478784.000000
461079805165568.000000
459964355182592.000000
458839409295360.000000
457757278863360.000000
456603711045632.000000
455510977413120.000000
454396198518784.000000
453309236248576.000000
452210697699328.000000
451130848968704.000000
450037511356416.000000
448955112488960.000000
447878149439488.000000
446797596065792.000000
445707915886592.000000
444643334422528.000000
443585799389184.000000
442621310795776.000000
441457408212992.000000
440401953554432.000000
439361564835840.000000
438298996637696.000000
437259715215360.000000
436221876633600.000000
435176152760320.000000
434147508092928.000000
433126480281600.000000
432110988951552.000000
431109422710784.000000
430068195131392.000000
429059884449792.000000
428139217944576.000000
427045377015808.000000
426055823261696.000000
425047378362368.000000
424059502329856.000000
423075652829184.000000
422132001538048.000000
421127516061696.000000
420109139050496.000000
419130826031104.000000
418159962095616.000000
417186548023296.000000
416219307966464.000000
415258107707392.000000
414304725630976.000000
413343626035200.000000
412396887736320.000000
411431862272000.000000
410489754484736.000000
409549559300096.000000
408611176054784.000000
407666115477504.000000
406730819239936.000000
405809917853696.000000
404913309876224.000000
403939023388672.000000
403054092353536.000000
402095777775616.000000
401189069914112.000000
400261726076928.000000
399346294063104.000000
398454484369408.000000
397544723054592.000000
396656335912960.000000
395746608152576.000000
394849698185216.000000
393960237301760.000000
393076782661632.000000
392191381864448.000000
391314772328448.000000
390432794083328.000000
389558634020864.000000
388694506733568.000000
387814977961984.000000
386941589651456.000000
386089541959680.000000
385268733444096.000000
384368400924672.000000
383508702822400.000000
382670412447744.000000
381811385434112.000000
380962558967808.000000
380121114476544.000000
379285005139968.000000
378440876294144.000000
377607585529856.000000
376772214390784.000000
375938856517632.000000
375110028492800.000000
374282274209792.000000
373456197648384.000000
372633107431424.000000
371822600126464.000000
371000013225984.000000
370200411111424.000000
369370509344768.000000
368562686394368.000000
367760131489792.000000
366952912519168.000000
366158310014976.000000
365357432832000.000000
364569306333184.000000
363771381940224.000000
362990603862016.000000
362214758285312.000000
361411599400960.000000
360632532598784.000000
359854908637184.000000
359073090371584.000000
358323417251840.000000
357539183067136.000000
356764646113280.000000
356003967139840.000000
355242784849920.000000
354487910793216.000000
353719145201664.000000
352974203256832.000000
352212249214976.000000
351457475821568.000000
350712768757760.000000
349965444448256.000000
349220770938880.000000
348485895323648.000000
347748368908288.000000
347005272457216.000000
346280563834880.000000
345540084629504.000000
344828831334400.000000
344098619785216.000000
343347067617280.000000
342621587243008.000000
341901609795584.000000
341174720135168.000000
340458299457536.000000
339742314987520.000000
339027840466944.000000
338318701101056.000000
337620534034432.000000
336922836729856.000000
336199906492416.000000
335492948164608.000000
334796995690496.000000
334102922264576.000000
333403413020672.000000
332715110957056.000000
332012648923136.000000
331322501365760.000000
330643258998784.000000
329955728687104.000000
329261755924480.000000
328578554134528.000000
327898170916864.000000
327225203228672.000000
326547101712384.000000
325877388804096.000000
325202743394304.000000
324531721863168.000000
323869860691968.000000
323196121251840.000000
322537716187136.000000
321884847603712.000000
321230435516416.000000
320569681641472.000000
319907921133568.000000
319254985441280.000000
318601814867968.000000
317961160097792.000000
317309432365056.000000
316666764328960.000000
316034464612352.000000
315391192596480.000000
314756510515200.000000
314108607987712.000000
313478489309184.000000
312860953542656.000000
312218319060992.000000
311585683800064.000000
310977107066880.000000
310339606413312.000000
309709487734784.000000
309091482206208.000000
308485187174400.000000
307868087615488.000000
307235418800128.000000
306620735160320.000000
306009776062464.000000
305396333936640.000000
304782791147520.000000
304179717341184.000000
303576609980416.000000
302977025835008.000000
302371502555136.000000
301771918409728.000000
301220350656512.000000
300594124292096.000000
299979843305472.000000
299384554127360.000000
298807921213440.000000
298219410030592.000000
297617242193920.000000
297025811775488.000000
296440186273792.000000
295868687187968.000000
295274941513728.000000
294705120149504.000000
294112716652544.000000
293537157480448.000000
292961128546304.000000
292383790989312.000000
291808466698240.000000
291236430741504.000000
290668823969792.000000
290097995972608.000000
289537536294912.000000
288965869436928.000000
288397121814528.000000
287841191985152.000000
287281403396096.000000
286729164554240.000000
286172160983040.000000
285620190576640.000000
285073387552768.000000
284523531075584.000000
283969715175424.000000
283425831387136.000000
282878625710080.000000
282336956514304.000000
281800320483328.000000
281250162016256.000000
280710237650944.000000
280176386637824.000000
279642267189248.000000
279100396666880.000000
278583759077376.000000
278030396162048.000000
277514043785216.000000
276967425310720.000000
276455032356864.000000
275915124768768.000000
275395853156352.000000
274863344320512.000000
274344475361280.000000
273836176048128.000000
273301419065344.000000
272788539572224.000000
272275139985408.000000
271744644415488.000000
271234096955392.000000
270720596705280.000000
270206291148800.000000
269697270415360.000000
269186437742592.000000
268684044009472.000000
268197068537856.000000
267671589355520.000000
267175973617664.000000
266665006727168.000000
266172008235008.000000
265664799440896.000000
265176683118592.000000
264668987785216.000000
264172516409344.000000
263688325955584.000000
263204991139840.000000
262697547464704.000000
262208860717056.000000
261726532534272.000000
261231772434432.000000
260778401726464.000000
260260505845760.000000
259790894792704.000000
259297275543552.000000
258814175608832.000000
258336528269312.000000
257864316747776.000000
257385864101888.000000
256911538651136.000000
256428539379712.000000
255957401600000.000000
255489753481216.000000
255012659789824.000000
254553786155008.000000
254082614820864.000000
253609698656256.000000
253162954948608.000000
252685374717952.000000
252223430852608.000000
251779572826112.000000
251303519322112.000000
250847011274752.000000
250399898468352.000000
249947853160448.000000
249484063801344.000000
249038226063360.000000
248600995037184.000000
248128162758656.000000
247686083117056.000000
247238987087872.000000
246807510646784.000000
246344274935808.000000
245903134818304.000000
245468336488448.000000
245031155793920.000000
244580888870912.000000
244143389409280.000000
243702333177856.000000
243271762706432.000000
242830387707904.000000
242394666631168.000000
241967703261184.000000
241529717260288.000000
241099683659776.000000
240671579439104.000000
240240119775232.000000
239807569592320.000000
239383290576896.000000
238955723227136.000000
238525085646848.000000
238103809753088.000000
237689429295104.000000
237253255233536.000000
236832029671424.000000
236412263727104.000000
235991138828288.000000
235581204332544.000000
235153737646080.000000
234742209314816.000000
234319339585536.000000
233907475709952.000000
233487273558016.000000
233075258687488.000000
232673024933888.000000
232251195392000.000000
231846310838272.000000
231433306112000.000000
231026609618944.000000
230615718821888.000000
230208183468032.000000
229803835785216.000000
229400377294848.000000
229030641008640.000000
228599231676416.000000
228202567958528.000000
227812061478912.000000
227402798071808.000000
227004607627264.000000
226609386749952.000000
226217319989248.000000
225822300438528.000000
225434058883072.000000
225036170428416.000000
224645009637376.000000
224266851188736.000000
223871227658240.000000
223485402021888.000000
223098200653824.000000
222710227533824.000000
222311567327232.000000
221939633225728.000000
221546744381440.000000
221166924988416.000000
220795376762880.000000
220415473483776.000000
220028003680256.000000
219644627517440.000000
219267794468864.000000
218897521311744.000000
218547045269504.000000
218142630477824.000000
217788631220224.000000
217394735742976.000000
217024429031424.000000
216659675578368.000000
216279453532160.000000
215908257628160.000000
215550349279232.000000
215176250916864.000000
214808360124416.000000
214448069410816.000000
214087610925056.000000
213716012367872.000000
213352349433856.000000
212993317011456.000000
212630375497728.000000
212277684862976.000000
211915313774592.000000
211550191222784.000000
211198121345024.000000
210849188806656.000000
210482271092736.000000
210126694776832.000000
209789036527616.000000
209418209722368.000000
209069847609344.000000
208711519830016.000000
208365858848768.000000
208009326231552.000000
207662021083136.000000
207306679648256.000000
206977460338688.000000
206617672941568.000000
206278420856832.000000
205924220272640.000000
205572418830336.000000
205231690350592.000000
204885526052864.000000
204543304400896.000000
204204522078208.000000
203863927816192.000000
203529960554496.000000
203179551621120.000000
202840953847808.000000
202508781748224.000000
202168858574848.000000
201833465249792.000000
201497048514560.000000
201168382853120.000000
200832234553344.000000
200498753830912.000000
200170205609984.000000
199836188016640.000000
199503781036032.000000
199178890248192.000000
198871145775104.000000
198518371254272.000000
198192624828416.000000
197872297443328.000000
197543715667968.000000
197214932566016.000000
196888515051520.000000
196567768236032.000000
196245645688832.000000
195926677258240.000000
195604554711040.000000
195278573404160.000000
194962088001536.000000
194638304509952.000000
194319117975552.000000
194071284940800.000000
193690391805952.000000
193369393332224.000000
193057504886784.000000
192741002706944.000000
192421312856064.000000
192123718598656.000000
191798274162688.000000
191488734527488.000000
191187247955968.000000
190873681788928.000000
190560837042176.000000
190276345790464.000000
189950364483584.000000
189643727306752.000000
189337190793216.000000
189031879016448.000000
188728949604352.000000
188422983516160.000000
188122587463680.000000
187833717358592.000000
187524714594304.000000
187218664620032.000000
186918704775168.000000
186618174504960.000000
186324371898368.000000
186037565390848.000000
185728814284800.000000
185452543868928.000000
185137400643584.000000
184843648368640.000000
184543235538944.000000
184246933127168.000000
183954103599104.000000
183662364590080.000000
183375591636992.000000
183086922858496.000000
182788036755456.000000
182506229858304.000000
182207075319808.000000
181931392106496.000000
181634301165568.000000
181344759971840.000000
181067248041984.000000
180772405248000.000000
180490229252096.000000
180200688058368.000000
179917153107968.000000
179632980623360.000000
179348808138752.000000
179067169013760.000000
178787660595200.000000
178506357014528.000000
178222721400832.000000
177941132607488.000000
177663788449792.000000
177386964385792.000000
177106617106432.000000
176832527728640.000000
176571977564160.000000
176281345851392.000000
176014437122048.000000
175727529951232.000000
175456376586240.000000
175181213466624.000000
174906469777408.000000
174630451019776.000000
174369145880576.000000
174087020216320.000000
173818702200832.000000
173565433348096.000000
173289515253760.000000
173014436020224.000000
172738987687936.000000
172470938107904.000000
172206243971072.000000
171939704340480.000000
171675698069504.000000
171415231791104.000000
171142031605760.000000
170877656236032.000000
170626232877056.000000
170350650327040.000000
170085603868672.000000
169823946407936.000000
169564050554880.000000
169298433671168.000000
169040651747328.000000
168782785937408.000000
168516246306816.000000
168256887324672.000000
167998182653952.000000
167742967644160.000000
167480806866944.000000
167242805280768.000000
166967893819392.000000
166718097850368.000000
166462882840576.000000
166207281954816.000000
165949147709440.000000
165710122713088.000000
165444606492672.000000
165208131633152.000000
164942263091200.000000
164692064468992.000000
164438946611200.000000
164195089776640.000000
163940545855488.000000
163691253202944.000000
163442967183360.000000
163196124004352.000000
162954766974976.000000
162704702570496.000000
162458832470016.000000
162212744265728.000000
161971789889536.000000
161721742262272.000000
161475586949120.000000
161236578729984.000000
160990222090240.000000
160747288002560.000000
160506736279552.000000
160265597353984.000000
160019895025664.000000
159793385832448.000000
159539429113856.000000
159302836813824.000000
159061429452800.000000
158825088811008.000000
158585208176640.000000
158347928010752.000000
158110396186624.000000
157872260382720.000000
157634342682624.000000
157400501846016.000000
157162852581376.000000
156931897425920.000000
156691916128256.000000
156458192732160.000000
156229032738816.000000
155990276177920.000000
155758582824960.000000
155525429854208.000000
155296169197568.000000
155064324849664.000000
154832363061248.000000
154618654883840.000000
154371912368128.000000
154145101185024.000000
153914682900480.000000
153683241205760.000000
153459852574720.000000
153227370692608.000000
153001952018432.000000
152774100647936.000000
152548799414272.000000
152328279687168.000000
152095160270848.000000
151873180925952.000000
151657593700352.000000
151423517982720.000000
151202931146752.000000
150981169905664.000000
150756707532800.000000
150536456241152.000000
150315600969728.000000
150094997356544.000000
149875668811776.000000
149660954001408.000000
149440618823680.000000
149216710098944.000000
148999092830208.000000
148781005799424.000000
148566190325760.000000
148362129047552.000000
148135233978368.000000
147920334618624.000000
147706324451328.000000
147493320916992.000000
147278471888896.000000
147069411000320.000000
146858320068608.000000
146640065265664.000000
146428336799744.000000
146212950900736.000000
146004493991936.000000
145792144769024.000000
145581322272768.000000
145373704224768.000000
145159257849856.000000
144956387753984.000000
144743853981696.000000
144534004563968.000000
144325145001984.000000
144115446579200.000000
143925981478912.000000
143700512473088.000000
143493196414976.000000
143287188979712.000000
143089100390400.000000
142878747656192.000000
142670525628416.000000
142466162360320.000000
142263577477120.000000
142068894662656.000000
141861511495680.000000
141655554392064.000000
141450587144192.000000
141251189932032.000000
141048806375424.000000
140850298355712.000000
140645138169856.000000
140443509587968.000000
140242694701056.000000
140041317777408.000000
139843589898240.000000
139647229362176.000000
139444510261248.000000
139266898264064.000000
139048903507968.000000
138854036144128.000000
138667750326272.000000
138481347067904.000000
138263008378880.000000
138062512259072.000000
137870849343488.000000
137676963446784.000000
137475754295296.000000
137283537731584.000000
137090096431104.000000
136894172102656.000000
136700697247744.000000
136514570813440.000000
136323604152320.000000
136128250249216.000000
135932804071424.000000
135741946462208.000000
135565399818240.000000
135359241388032.000000
135176436842496.000000
134983666630656.000000
134795342381056.000000
134606196047872.000000
134429037035520.000000
134227525894144.000000
134043790213120.000000
133853117153280.000000
133666848112640.000000
133485712900096.000000
133290577100800.000000
133118593859584.000000
132925353885696.000000
132736316604416.000000
132550106284032.000000
132371462488064.000000
132182181937152.000000
132005660459008.000000
131821119471616.000000
131630907785216.000000
131450150060032.000000
131270231195648.000000
131083895046144.000000
130901845475328.000000
130722136326144.000000
130539734433792.000000
130385828642816.000000
130181591203840.000000
130004373471232.000000
129823213092864.000000
129647228485632.000000
129461487927296.000000
129282735079424.000000
129105089527808.000000
128926219239424.000000
128749555154944.000000
128571079131136.000000
128395648172032.000000
128215360208896.000000
128038167642112.000000
127861839101952.000000
127686307479552.000000
127511740547072.000000
127335739162624.000000
127158127165440.000000
126984097103872.000000
126808993300480.000000
126642471043072.000000
126460085927936.000000
126287314157568.000000
126113695137792.000000
125941141471232.000000
125768495529984.000000
125605890752512.000000
125436633808896.000000
125257285369856.000000
125080512233472.000000
124910307377152.000000
124746997956608.000000
124574746279936.000000
124405740994560.000000
124232382021632.000000
124061539631104.000000
123897131302912.000000
123728813883392.000000
123555371024384.000000
123388882321408.000000
123224205557760.000000
123056827662336.000000
122887495221248.000000
122720754860032.000000
122554215825408.000000
122389966880768.000000
122221087424512.000000
122056796536832.000000
121895122894848.000000
121732065132544.000000
121563730935808.000000
121402325729280.000000
121233605656576.000000
121070262681600.000000
120906793877504.000000
120749062881280.000000
120588555255808.000000
120419675799552.000000
120260585848832.000000
120109792231424.000000
119937943207936.000000
119774642176000.000000
119617674543104.000000
119453316546560.000000
119295577161728.000000
119132318072832.000000
118972598976512.000000
118813290921984.000000
118659527737344.000000
118498827173888.000000
118340030824448.000000
118186292805632.000000
118025835511808.000000
117865831202816.000000
117706850304000.000000
117553783373824.000000
117393955225600.000000
117237524463616.000000
117079978016768.000000
116926290329600.000000
116774733348864.000000
116613017763840.000000
116461972488192.000000
116303377465344.000000
116147366133760.000000
115993745555456.000000
115843060989952.000000
115685304827904.000000
115537027792896.000000
115380462813184.000000
115226984841216.000000
115070948343808.000000
114919617855488.000000
114766945189888.000000
114619809005568.000000
114461650190336.000000
114313029222400.000000
114161841340416.000000
114008078155776.000000
113858802876416.000000
113706272817152.000000
113556125122560.000000
113406195531776.000000
113258975461376.000000
113109507244032.000000
112958663294976.000000
112810671472640.000000
112659693305856.000000
112510686461952.000000
112363667718144.000000
112214350495744.000000
112068413882368.000000
111922921865216.000000
111776876199936.000000
111624933343232.000000
111478778626048.000000
111332472913920.000000
111190923542528.000000
111040473858048.000000
110894637907968.000000
110749447880704.000000
110611212009472.000000
110463069192192.000000
110317728169984.000000
110172957573120.000000
110030720335872.000000
109889380679680.000000
109752034000896.000000
109602238627840.000000
109459238027264.000000
109321446752256.000000
109179855437824.000000
109034824794112.000000
108894751817728.000000
108753210834944.000000
108610562555904.000000
108470632185856.000000
108330416603136.000000
108191685804032.000000
108050698469376.000000
107912638758912.000000
107772297347072.000000
107637274312704.000000
107495741718528.000000
107355240923136.000000
107216359129088.000000
107088600629248.000000
106940558475264.000000
106802565873664.000000
106667240849408.000000
106526840717312.000000
106390290956288.000000
106260007485440.000000
106124355305472.000000
105983099535360.000000
105848462376960.000000
105716442464256.000000
105572225515520.000000
105437621911552.000000
105303169302528.000000
105167617785856.000000
105035161665536.000000
104898226028544.000000
104769326678016.000000
104628708442112.000000
104497191845888.000000
104361145401344.000000
104227187720192.000000
104094932926464.000000
103964053864448.000000
103831555801088.000000
103694997651456.000000
103564563185664.000000
103431847018496.000000
103300640800768.000000
103169929510912.000000
103044092002304.000000
102908347547648.000000
102781050421248.000000
102644894924800.000000
102512472358912.000000
102386425135104.000000
102262693167104.000000
102124314689536.000000
101995759271936.000000
101869628162048.000000
101737314648064.000000
101611946901504.000000
101483341152256.000000
101358501888000.000000
101229543817216.000000
101099595890688.000000
100970847535104.000000
100844221497344.000000
100715934515200.000000
100592319987712.000000
100461449314304.000000
100343270604800.000000
100211074531328.000000
100082301009920.000000
99956899708928.000000
99831397744640.000000
99704989810688.000000
99578959364096.000000
99461510463488.000000
99329448607744.000000
99206891044864.000000
99083763056640.000000
98955165696000.000000
98833153392640.000000
98708658061312.000000
98587920826368.000000
98463593267200.000000
98344340815872.000000
98218956292096.000000
98104367906816.000000
97974747136000.000000
97853187817472.000000
97732274421760.000000
97609742024704.000000
97489726210048.000000
97366908600320.000000
97249057046528.000000
97131096440832.000000
97005426704384.000000
96889118654464.000000
96769211891712.000000
96643298885632.000000
96525246005248.000000
96407990042624.000000
96284962717696.000000
96166976946176.000000
96048068427776.000000
95929076023296.000000
95810217836544.000000
95690839556096.000000
95573306769408.000000
95454415028224.000000
95338006315008.000000
95221513715712.000000
95104006094848.000000
94984535539712.000000
94869972320256.000000
94750711480320.000000
94633992388608.000000
94521417269248.000000
94402315812864.000000
94284606865408.000000
94168927961088.000000
94052913512448.000000
93936907452416.000000
93821379543040.000000
93705994240000.000000
93593377177600.000000
93476641308672.000000
93362354913280.000000
93252455759872.000000
93139310215168.000000
93019915157504.000000
92909722402816.000000
92799898746880.000000
92680495300608.000000
92567039377408.000000
92453877055488.000000
92342887383040.000000
92236360450048.000000
92116403355648.000000
92002729328640.000000
91892066811904.000000
91779810459648.000000
91674827030528.000000
91556849647616.000000
91450675036160.000000
91334937411584.000000
91223847075840.000000
91115164270592.000000
91005332226048.000000
90898276810752.000000
90784065912832.000000
90672782639104.000000
90564284383232.000000
90454284566528.000000
90344377024512.000000
90246389694464.000000
90125820231680.000000
90015426150400.000000
89907078889472.000000
89798152814592.000000
89690082377728.000000
89584771792896.000000
89471752077312.000000
89363614531584.000000
89256148074496.000000
89148891332608.000000
89046709698560.000000
88933035671552.000000
88832816971776.000000
88720543842304.000000
88615996620800.000000
88507179597824.000000
88400090628096.000000
88294201229312.000000
88189016473600.000000
88087975690240.000000
87936938803200.000000
83474425839616.000000
77925663637504.000000
72030963630080.000000
66199857659904.000000
60643344384000.000000
55479329882112.000000
50776311332864.000000
46537065365504.000000
42743384506368.000000
39374653751296.000000
36375206297600.000000
33722126565376.000000
31374346027008.000000
29290167009280.000000
27443719045120.000000
25798851428352.000000
24333749583872.000000
23024816357376.000000
21851153629184.000000
20795701067776.000000
19845009637376.000000
18983887568896.000000
18206251024384.000000
17494194520064.000000
16846426210304.000000
16250606452736.000000
15704107515904.000000
15201503019008.000000
14740395917312.000000
14308406722560.000000
13909742321664.000000
13539545710592.000000
13192599175168.000000
12869667127296.000000
12565704867840.000000
12281133924352.000000
12012411158528.000000
11759541813248.000000
11520440270848.000000
11294823415808.000000
11080005844992.000000
10875113046016.000000
10681156894720.000000
10496064356352.000000
10319474720768.000000
10151033569280.000000
9989044305920.000000
9833761734656.000000
9684935245824.000000
9541754290176.000000
9404056338432.000000
9271833001984.000000
9143704354816.000000
9023527059456.000000
8901204377600.000000
8785726799872.000000
8674357542912.000000
8566724362240.000000
8464240214016.000000
8359653146624.000000
8260546985984.000000
8166643335168.000000
8072103723008.000000
7980321865728.000000
7892037009408.000000
7806148149248.000000
7722175037440.000000
7640150179840.000000
7560069382144.000000
7481944178688.000000
7405890437120.000000
7331389636608.000000
7258814021632.000000
7188092289024.000000
7118212562944.000000
7050306781184.000000
6984100741120.000000
6918010044416.000000
6855537459200.000000
6791477854208.000000
6729991979008.000000
6672134701056.000000
6610759450624.000000
6552765857792.000000
6496272777216.000000
6440408842240.000000
6385376952320.000000
6332872130560.000000
6279821524992.000000
6226886787072.000000
6175778144256.000000
6125595918336.000000
6076014526464.000000
6027480662016.000000
5979830747136.000000
5932840910848.000000
5886660050944.000000
5841278205952.000000
5797364891648.000000
5753203064832.000000
5710520254464.000000
5666514665472.000000
5624956452864.000000
5583102017536.000000
5542321848320.000000
5502329159680.000000
5463163797504.000000
5423672852480.000000
5385097314304.000000
5347313451008.000000
5310788927488.000000
5273024987136.000000
5236612136960.000000
5200787013632.000000
5165446332416.000000
5130654580736.000000
5096699068416.000000
5062580502528.000000
5029178114048.000000
4997536808960.000000
4963481157632.000000
4930965864448.000000
4899641229312.000000
4867909746688.000000
4837212684288.000000
4807408484352.000000
4776415199232.000000
4746332602368.000000
4717251919872.000000
4688156033024.000000
4660814938112.000000
4631377215488.000000
4602731692032.000000
4575716179968.000000
4548121853952.000000
4521573482496.000000
4494387576832.000000
4468527595520.000000
4441883803648.000000
4417156808704.000000
4390208929792.000000
4365235519488.000000
4340345733120.000000
4315853619200.000000
4290779545600.000000
4266696900608.000000
4242997510144.000000
4219313848320.000000
4195861659648.000000
4172824707072.000000
4149936914432.000000
4127371558912.000000
4105927655424.000000
4084170227712.000000
4061041000448.000000
4039311884288.000000
4018184650752.000000
3996912189440.000000
3975699496960.000000
3954833096704.000000
3934292541440.000000
3914202873856.000000
3894301163520.000000
3873823260672.000000
3854159314944.000000
3834855555072.000000
3816008712192.000000
3796437565440.000000
3777197506560.000000
3758077247488.000000
3739446935552.000000
3720893169664.000000
3703729291264.000000
3684582031360.000000
3666825707520.000000
3648697139200.000000
3631242280960.000000
3613787422720.000000
3596766937088.000000
3580113715200.000000
3562146889728.000000
3546235011072.000000
3528660615168.000000
3512943509504.000000
3496011366400.000000
3479480565760.000000
3463347175424.000000
3449063473152.000000
3431734181888.000000
3415879712768.000000
3400855977984.000000
3384956944384.000000
3369676308480.000000
3354514161664.000000
3340021792768.000000
3324777594880.000000
3309903282176.000000
3295310512128.000000
3281201397760.000000
3267359932416.000000
3253258682368.000000
3238209781760.000000
3224505679872.000000
3209971105792.000000
3196115746816.000000
3182464860160.000000
3170131771392.000000
3155421822976.000000
3142229688320.000000
3128738709504.000000
3115694686208.000000
3102616322048.000000
3089702846464.000000
3077141692416.000000
3064067784704.000000
3051463376896.000000
3038740480000.000000
3026300698624.000000
3014188597248.000000
3001725485056.000000
2989548371968.000000
2977871167488.000000
2966424911872.000000
2953613410304.000000
2941830561792.000000
2930376966144.000000
2918465404928.000000
2908341141504.000000
2897166991360.000000
2884736385024.000000
2872848941056.000000
2861613973504.000000
2850436415488.000000
2839564779520.000000
2828434669568.000000
2817643249664.000000
2807077011456.000000
2796018728960.000000
2785648574464.000000
2775097278464.000000
2764291702784.000000
2753936228352.000000
2743920492544.000000
2735712239616.000000
2723043082240.000000
2713224740864.000000
2703462760448.000000
2693017108480.000000
2682824425472.000000
2673051172864.000000
2663158906880.000000
2653896572928.000000
2644282966016.000000
2634150838272.000000
2625078034432.000000
2615220371456.000000
2605839286272.000000
2597237817344.000000
2587265597440.000000
2578039177216.000000
2568761376768.000000
2560173015040.000000
2550788784128.000000
2541816119296.000000
2532604379136.000000
2523736309760.000000
2515011633152.000000
2506160865280.000000
2497991409664.000000
2488937480192.000000
2480228794368.000000
2471722745856.000000
2463179210752.000000
2454814720000.000000
2446412742656.000000
2438124011520.000000
2429861494784.000000
2421992980480.000000
2413642645504.000000
2405532172288.000000
2398400806912.000000
2389181202432.000000
2381860569088.000000
2373350326272.000000
2365514579968.000000
2357761409024.000000
2350112047104.000000
2342181404672.000000
2334389174272.000000
2326730899456.000000
2319158870016.000000
2311632191488.000000
2304375259136.000000
2296702042112.000000
2289187422208.000000
2281893527552.000000
2274528854016.000000
2267274805248.000000
2260021280768.000000
2252811534336.000000
2245695111168.000000
2238537007104.000000
2232119459840.000000
2224371269632.000000
2218007461888.000000
2210653011968.000000
2203509587968.000000
2196712980480.000000
2189791854592.000000
2183215185920.000000
2176232718336.000000
2169580290048.000000
