13724158898733056.000000
11235763295354880.000000
9217454010007552.000000
7586455211737088.000000
6271014640025600.000000
5211389299785728.000000
4356665843384320.000000
3665926385827840.000000
3105879293427712.000000
2650174404952064.000000
2277621157068800.000000
1971585141440512.000000
1718904028135424.000000
1509020787539968.000000
1333787598258176.000000
1186659869655040.000000
1062391701831680.000000
956922001883136.000000
866911835389952.000000
789669331599360.000000
723082440343552.000000
665382104858624.000000
615134141612032.000000
571190921920512.000000
532599466360832.000000
498563494707200.000000
468409435291648.000000
441599108579328.000000
417665470431232.000000
396238516125696.000000
376964112187392.000000
359585466548224.000000
343865617809408.000000
329581596770304.000000
316590763540480.000000
304724439990272.000000
293853206675456.000000
283872205996032.000000
274675556941824.000000
266191973122048.000000
258329213403136.000000
251035989835776.000000
244248783880192.000000
237905872158720.000000
231990578118656.000000
226447369175040.000000
221234939822080.000000
216325406326784.000000
211698753470464.000000
207323154874368.000000
203189550841856.000000
199258145816576.000000
195515820015616.000000
191954721701888.000000
188560355360768.000000
185318376472576.000000
182206236459008.000000
179227072659456.000000
176372563574784.000000
173622593323008.000000
170971994521600.000000
168417143291904.000000
165950674436096.000000
163562135748608.000000
161256426176512.000000
159019620630528.000000
156859587624960.000000
154758476201984.000000
152713820110848.000000
150722096136192.000000
148789679620096.000000
146907192098816.000000
145072804855808.000000
143279890890752.000000
141533365927936.000000
139823490793472.000000
138159560065024.000000
136524276432896.000000
134928276652032.000000
133370377928704.000000
131845177999360.000000
130346746118144.000000
128880434216960.000000
127442207375360.000000
126032434692096.000000
124650654793728.000000
123295726829568.000000
121959723565056.000000
120653357252608.000000
119370101555200.000000
118110082301952.000000
116867461021696.000000
115651700064256.000000
114455618781184.000000
113278764187648.000000
112121689931776.000000
110983859142656.000000
109865531867136.000000
108763671429120.000000
107681859764224.000000
106616305221632.000000
105566697422848.000000
104534529540096.000000
103519180816384.000000
102519535566848.000000
101533454696448.000000
100564075544576.000000
99607950393344.000000
98666186539008.000000
97738876256256.000000
96826942291968.000000
95925989015552.000000
95040999260160.000000
94167501897728.000000
93305765363712.000000
92457157001216.000000
91619789373440.000000
90793947693056.000000
89983465553920.000000
89182756143104.000000
88389177049088.000000
87612651995136.000000
86843265646592.000000
86085321359360.000000
85337820889088.000000
84601426935808.000000
83872364625920.000000
83157688778752.000000
82447182069760.000000
81750013247488.000000
81058531901440.000000
80380656877568.000000
79709375299584.000000
79049099575296.000000
78394947534848.000000
77748588511232.000000
77115315716096.000000
76485121540096.000000
75866151321600.000000
75254328197120.000000
74650532970496.000000
74054748864512.000000
73463117119488.000000
72881778196480.000000
72307494092800.000000
71738679361536.000000
71179796742144.000000
70627792781312.000000
70082742976512.000000
69542495649792.000000
69008380395520.000000
68479747096576.000000
67959292690432.000000
67446006349824.000000
66936335499264.000000
66433920794624.000000
65939299106816.000000
65448670396416.000000
64966379962368.000000
64488690679808.000000
64014205845504.000000
63545756614656.000000
63083024220160.000000
62625002029056.000000
62174554750976.000000
61727425167360.000000
61287149076480.000000
60851658686464.000000
60419775397888.000000
59993164349440.000000
59571078955008.000000
59152894263296.000000
58742418702336.000000
58333209821184.000000
57929763913728.000000
57531468611584.000000
57138768510976.000000
56748945702912.000000
56362696441856.000000
55980498878464.000000
55602919243776.000000
55228934127616.000000
54859256561664.000000
54492879912960.000000
54131435765760.000000
53774613741568.000000
53421344292864.000000
53071283486720.000000
52725391818752.000000
52381102374912.000000
52040512307200.000000
51704779243520.000000
51371977998336.000000
51042616082432.000000
50716781576192.000000
50394378010624.000000
50076021948416.000000
49760157302784.000000
49447211892736.000000
49138238488576.000000
48831613894656.000000
48528940335104.000000
48227810279424.000000
47929704316928.000000
47634605670400.000000
47342921187328.000000
47054822834176.000000
46768112795648.000000
46485106327552.000000
46204511584256.000000
45928601878528.000000
45652205633536.000000
45381320704000.000000
45110725181440.000000
44843774509056.000000
44580422549504.000000
44316114288640.000000
44055723507712.000000
43798411345920.000000
43543196336128.000000
43291420655616.000000
43039875661824.000000
42791841300480.000000
42546902335488.000000
42303263604736.000000
42063089369088.000000
41824613826560.000000
41588159938560.000000
41353895477248.000000
41121010941952.000000
40891674787840.000000
40662397353984.000000
40436022378496.000000
40210477875200.000000
39989102510080.000000
39768628920320.000000
39549317152768.000000
39333146918912.000000
39118788624384.000000
38905852198912.000000
38695906312192.000000
38487000612864.000000
38280007516160.000000
38074851524608.000000
37870937047040.000000
37669539151872.000000
37469504405504.000000
37271126409216.000000
37073893457920.000000
36878950596608.000000
36683957403648.000000
36492055412736.000000
36302124744704.000000
36114144428032.000000
35925912453120.000000
35739937013760.000000
35556448796672.000000
35374881570816.000000
35194522304512.000000
35014624411648.000000
34836544749568.000000
34660367204352.000000
34486144204800.000000
34312349024256.000000
34140569206784.000000
33969087184896.000000
33799253524480.000000
33630613143552.000000
33463969251328.000000
33297656709120.000000
33133451804672.000000
32970377265152.000000
32808496005120.000000
32649412345856.000000
32478582538240.000000
32148247543808.000000
31762551930880.000000
31345143185408.000000
30908459515904.000000
30459901771776.000000
30004876410880.000000
29549007994880.000000
29092523016192.000000
28641165574144.000000
28195518676992.000000
27757031456768.000000
27326041554944.000000
26904138612736.000000
26491018543104.000000
26087989968896.000000
25693683449856.000000
25309323722752.000000
24935147765760.000000
24571065401344.000000
24216711725056.000000
23870601953280.000000
23534581579776.000000
23207643971584.000000
22890154033152.000000
22580383711232.000000
22279901675520.000000
21986426224640.000000
21701408587776.000000
21424198647808.000000
21154200813568.000000
20891566080000.000000
20634975338496.000000
20386055979008.000000
20143054782464.000000
19905789296640.000000
19674668466176.000000
19449520324608.000000
19229745086464.000000
19015269351424.000000
18806271377408.000000
18603080417280.000000
18403509141504.000000
18207677087744.000000
18017547190272.000000
17831039074304.000000
17649480237056.000000
17471089147904.000000
17296708861952.000000
17126838501376.000000
16959960776704.000000
16796641918976.000000
16636841033728.000000
16479679414272.000000
16325601656832.000000
16175031386112.000000
16027377205248.000000
15882181935104.000000
15739892269056.000000
15601092263936.000000
15463993049088.000000
15329835089920.000000
15198273404928.000000
15068966158336.000000
14942262525952.000000
14816628441088.000000
14693384060928.000000
14572688769024.000000
14453339848704.000000
14336706740224.000000
14222241038336.000000
14109111222272.000000
13997436829696.000000
13888928088064.000000
13780738113536.000000
13674718691328.000000
13570174615552.000000
13468501540864.000000
13367241605120.000000
13268112375808.000000
13170180620288.000000
13073265983488.000000
12977774264320.000000
12883324829696.000000
12790499639296.000000
12699269332992.000000
12608529760256.000000
12519758364672.000000
12432602824704.000000
12346397294592.000000
12260489560064.000000
12176559439872.000000
12093580378112.000000
12011746361344.000000
11931183218688.000000
11851496685568.000000
11772530524160.000000
11694866694144.000000
11617986150400.000000
11542865117184.000000
11467886690304.000000
11394489516032.000000
11321639698432.000000
11249567924224.000000
11178425188352.000000
11107731243008.000000
11037953753088.000000
10969719767040.000000
10900880752640.000000
10833852628992.000000
10766961868800.000000
10701133316096.000000
10636266307584.000000
10572243402752.000000
10509014269952.000000
10446358708224.000000
10384240017408.000000
10323005276160.000000
10262127050752.000000
10202121240576.000000
10142815879168.000000
10084151197696.000000
10026227859456.000000
9968957784064.000000
9911871209472.000000
9855535415296.000000
9800000733184.000000
9744777478144.000000
9690202243072.000000
9636438605824.000000
9583111176192.000000
9530540818432.000000
9478250430464.000000
9426596528128.000000
9375557091328.000000
9324701155328.000000
9274581319680.000000
9224484552704.000000
9175187849216.000000
9126323159040.000000
9077620998144.000000
9029452562432.000000
8981924806656.000000
8934679117824.000000
8887943036928.000000
8841228976128.000000
8795101069312.000000
8749661028352.000000
8704632553472.000000
8660030324736.000000
8616070348800.000000
8572176433152.000000
8528847175680.000000
8486190055424.000000
8443293335552.000000
8401302585344.000000
8359534657536.000000
8317883645952.000000
8276969783296.000000
8235890769920.000000
8195614441472.000000
8155718221824.000000
8116084146176.000000
8076960727040.000000
8037733498880.000000
7999216680960.000000
7961038028800.000000
7923074859008.000000
7885133185024.000000
7847742013440.000000
7810654928896.000000
7773957914624.000000
7737000853504.000000
7701222916096.000000
7665558749184.000000
7630048722944.000000
7595171512320.000000
7560340439040.000000
7525665079296.000000
7491309535232.000000
7457151123456.000000
7423408996352.000000
7389895983104.000000
7356594257920.000000
7323755479040.000000
7291000586240.000000
7258251460608.000000
7225877200896.000000
7193865748480.000000
7161888899072.000000
7130135920640.000000
7098817052672.000000
7067609858048.000000
7036490743808.000000
7005501652992.000000
6974973411328.000000
6944961069056.000000
6914506752000.000000
6884503322624.000000
6854920372224.000000
6825209495552.000000
6796021858304.000000
6766936981504.000000
6737915543552.000000
6709424160768.000000
6681412501504.000000
6653481582592.000000
6625410154496.000000
6597901811712.000000
6570430169088.000000
6543147794432.000000
6515951403008.000000
6489168674816.000000
6462353965056.000000
6435910451200.000000
6409500491776.000000
6383345336320.000000
6357326495744.000000
6331575042048.000000
6305792655360.000000
6280261926912.000000
6254833958912.000000
6229613084672.000000
6205003530240.000000
6180447453184.000000
6155729895424.000000
6131431243776.000000
6107300364288.000000
6083189407744.000000
6059181211648.000000
6035439878144.000000
6011850588160.000000
5988400234496.000000
5965039009792.000000
5941818294272.000000
5918889607168.000000
5895968784384.000000
5873271308288.000000
5850561773568.000000
5828260659200.000000
5805896630272.000000
5783547281408.000000
5761327431680.000000
5739753504768.000000
5718279716864.000000
5696718897152.000000
5675509350400.000000
5654405709824.000000
5633284243456.000000
5612391890944.000000
5591528374272.000000
5570841542656.000000
5550299938816.000000
5529931874304.000000
5509651365888.000000
5489247649792.000000
5469202546688.000000
5449445801984.000000
5429429010432.000000
5409763491840.000000
5390083817472.000000
5370608091136.000000
5351191609344.000000
5331826507776.000000
5312733511680.000000
5293646807040.000000
5274592083968.000000
5255760707584.000000
5236900495360.000000
5218052341760.000000
5199600025600.000000
5181041278976.000000
5162606264320.000000
5144314904576.000000
5126128926720.000000
5108025786368.000000
5089948336128.000000
5071918596096.000000
5054096998400.000000
5036423774208.000000
5018874806272.000000
5001333702656.000000
4983956701184.000000
4966603816960.000000
4949310701568.000000
4932212621312.000000
4915283361792.000000
4898145959936.000000
4881291673600.000000
4864523370496.000000
4847862546432.000000
4831124127744.000000
4814545616896.000000
4798312611840.000000
4782119452672.000000
4766003888128.000000
4750068154368.000000
4734257725440.000000
4718450966528.000000
4702690869248.000000
4687028813824.000000
4671446450176.000000
4655982575616.000000
4640527089664.000000
4625356816384.000000
4610063859712.000000
4594903547904.000000
4579795140608.000000
4564771667968.000000
4549798002688.000000
4534998401024.000000
4520238645248.000000
4505566969856.000000
4491063590912.000000
4476408692736.000000
4461871759360.000000
4447437062144.000000
4433050599424.000000
4418898493440.000000
4404675084288.000000
4390625476608.000000
4376641142784.000000
4362448142336.000000
4348460924928.000000
4334693384192.000000
4321032798208.000000
4307339706368.000000
4293895127040.000000
4280451072000.000000
4267091951616.000000
4253682237440.000000
4240438198272.000000
4227257860096.000000
4214145417216.000000
4201160638464.000000
4188046360576.000000
4175121874944.000000
4162205515776.000000
4149400305664.000000
4136497053696.000000
4123791720448.000000
4111163981824.000000
4098580283392.000000
4086075490304.000000
4073603727360.000000
4061252812800.000000
4048886693888.000000
4036541022208.000000
4024351064064.000000
4012160843776.000000
4000065257472.000000
3987963641856.000000
3976008564736.000000
3963979563008.000000
3952087400448.000000
3940171907072.000000
3928323784704.000000
3916653658112.000000
3904992182272.000000
3893284306944.000000
3881676308480.000000
3870325997568.000000
3859057213440.000000
3847781875712.000000
3836465905664.000000
3825311678464.000000
3814276202496.000000
3803216609280.000000
3792190570496.000000
3781208571904.000000
3770303119360.000000
3759417065472.000000
3748602052608.000000
3737817710592.000000
3727018688512.000000
3716397400064.000000
3705764052992.000000
3695160066048.000000
3684529340416.000000
3674042007552.000000
3663625453568.000000
3653142839296.000000
3642869415936.000000
3632555622400.000000
3622245498880.000000
3612076408832.000000
3601833394176.000000
3591768637440.000000
3581690773504.000000
3571561791488.000000
3561563357184.000000
3551628099584.000000
3541733736448.000000
3531801624576.000000
3521990623232.000000
3512167563264.000000
3502444118016.000000
3492644388864.000000
3483090288640.000000
3473480089600.000000
3463909736448.000000
3454205952000.000000
3444694581248.000000
3435297243136.000000
3425871855616.000000
3416265588736.000000
3406969700352.000000
3397624266752.000000
3388303474688.000000
3379110084608.000000
3369788768256.000000
3360590921728.000000
3351387570176.000000
3342297202688.000000
3333229903872.000000
3324187246592.000000
3315105792000.000000
3306109796352.000000
3297220231168.000000
3288296587264.000000
3279390769152.000000
3270543671296.000000
3261743235072.000000
3252968751104.000000
3244204228608.000000
3235527000064.000000
3226812022784.000000
3218219466752.000000
3209577103360.000000
3201035403264.000000
3192499208192.000000
3184038510592.000000
3175613464576.000000
3167225118720.000000
3158868754432.000000
3150535983104.000000
3142157074432.000000
3133903208448.000000
3125652226048.000000
3117399932928.000000
3109171232768.000000
3101005971456.000000
3092992229376.000000
3084899581952.000000
3076796710912.000000
3068685189120.000000
3060722565120.000000
3052813942784.000000
3044834279424.000000
3036922511360.000000
3028970635264.000000
3021110771712.000000
3013344231424.000000
3005601546240.000000
2997710225408.000000
2990148943872.000000
2982605488128.000000
2975067537408.000000
2967595384832.000000
2960103833600.000000
2952601796608.000000
2945221918720.000000
2937817137152.000000
2930438307840.000000
2923138121728.000000
2915804119040.000000
2908536438784.000000
2901326168064.000000
2894069235712.000000
2886863683584.000000
2879664160768.000000
2872497930240.000000
2865338515456.000000
2858303356928.000000
2851218391040.000000
2844121104384.000000
2837142044672.000000
2830144634880.000000
2823138050048.000000
2816198836224.000000
2809339576320.000000
2802415042560.000000
2795451187200.000000
2788558897152.000000
2781792960512.000000
2775029645312.000000
2768228319232.000000
2761501704192.000000
2754839838720.000000
2748160147456.000000
2741535506432.000000
2734960672768.000000
2728254767104.000000
2721594736640.000000
2715060011008.000000
2708571947008.000000
2702051115008.000000
2695501447168.000000
2688958595072.000000
2682586923008.000000
2676104364032.000000
2669739507712.000000
2663320649728.000000
2656987774976.000000
2650616102912.000000
2644275625984.000000
2637967392768.000000
2631686160384.000000
2625510572032.000000
2619253981184.000000
2612966457344.000000
2606761508864.000000
2600644902912.000000
2594480848896.000000
2588332261376.000000
2582194159616.000000
2576093020160.000000
2570095165440.000000
2564176478208.000000
2558178885632.000000
2552282742784.000000
2546425921536.000000
2540536856576.000000
2534690783232.000000
2528864108544.000000
2523014365184.000000
2517268955136.000000
2511451193344.000000
2505664626688.000000
2499866525696.000000
2494215749632.000000
2488550031360.000000
2482832408576.000000
2477176389632.000000
2471484194816.000000
2465877721088.000000
2460259975168.000000
2454625452032.000000
2449093951488.000000
2443523653632.000000
2438011027456.000000
2432472449024.000000
2427038728192.000000
2421492023296.000000
2416001155072.000000
2410532569088.000000
2405105664000.000000
2399727517696.000000
2394299826176.000000
2388925612032.000000
2383573417984.000000
2378121871360.000000
2372813455360.000000
2367584731136.000000
2362314850304.000000
2357003550720.000000
2351757262848.000000
2346506518528.000000
2341313970176.000000
2336156024832.000000
2330973437952.000000
2325777743872.000000
2320617439232.000000
2315495931904.000000
2310377832448.000000
2305315045376.000000
2300225781760.000000
2295171121152.000000
2290123538432.000000
2285078315008.000000
2280047509504.000000
2275083026432.000000
2270074503168.000000
2265118408704.000000
2260161265664.000000
2255148023808.000000
2250257203200.000000
2245399937024.000000
2240492077056.000000
2235630616576.000000
2230724853760.000000
2225904549888.000000
2221045186560.000000
2216213872640.000000
2211431841792.000000
2206629101568.000000
2201868304384.000000
2197043544064.000000
2192302538752.000000
2187602690048.000000
2182940459008.000000
2178148990976.000000
2173449404416.000000
2168802508800.000000
2164241465344.000000
2159694970880.000000
2155192516608.000000
2150703693824.000000
2146175418368.000000
2141684236288.000000
2137245745152.000000
2132807647232.000000
2128383574016.000000
2123923324928.000000
2119496368128.000000
2115027075072.000000
2110674829312.000000
2106315112448.000000
2102022504448.000000
2097633951744.000000
2093240418304.000000
2088916353024.000000
2084601331712.000000
2080328646656.000000
2076058189824.000000
2071822336000.000000
2067566952448.000000
2063280635904.000000
2059048452096.000000
2054758465536.000000
2050573467648.000000
2046378115072.000000
2042207404032.000000
2037986492416.000000
2033869651968.000000
2029676265472.000000
2025528754176.000000
2021403000832.000000
2017295597568.000000
2013179805696.000000
2009089966080.000000
2005001699328.000000
2000960225280.000000
1996895289344.000000
1992807284736.000000
1988798054400.000000
1984735477760.000000
1980718907392.000000
1976688574464.000000
1972732297216.000000
1968749281280.000000
1964770066432.000000
1960854159360.000000
1956945330176.000000
1953045282816.000000
1949151395840.000000
1945251872768.000000
1941339897856.000000
1937461346304.000000
1933669433344.000000
1929792585728.000000
1925891883008.000000
1922095775744.000000
1918278565888.000000
1914506051584.000000
1910648078336.000000
1906867699712.000000
1903102263296.000000
1899351769088.000000
1895551860736.000000
1891780001792.000000
1888096878592.000000
1884363030528.000000
1880620007424.000000
1876907524096.000000
1873211949056.000000
1869546782720.000000
1865897345024.000000
1862219202560.000000
1858532278272.000000
1854899748864.000000
1851248607232.000000
1847666802688.000000
1844053934080.000000
1840412098560.000000
1836799361024.000000
1833216638976.000000
1829661310976.000000
1826110832640.000000
1822526013440.000000
1818983530496.000000
1815439998976.000000
1811904069632.000000
1808364601344.000000
1804893028352.000000
1801373876224.000000
1797899550720.000000
1794376073216.000000
1790944346112.000000
1787463467008.000000
1784030167040.000000
1780568555520.000000
1777134338048.000000
1773685964800.000000
1770295001088.000000
1766818709504.000000
1763452256256.000000
1760043466752.000000
1756647129088.000000
1753273991168.000000
1749912911872.000000
1746558910464.000000
1743192981504.000000
1739863490560.000000
1736532688896.000000
1733176590336.000000
1729874231296.000000
1726597562368.000000
1723288256512.000000
1719979606016.000000
1716681834496.000000
1713382883328.000000
1710130331648.000000
1706864017408.000000
1703625097216.000000
1700343185408.000000
1697158135808.000000
1693935861760.000000
1690760118272.000000
1687525392384.000000
1684328546304.000000
1681139433472.000000
1677947174912.000000
1674722803712.000000
1671574323200.000000
1668456251392.000000
1665320615936.000000
1662159683584.000000
1659028897792.000000
1655880941568.000000
1652776239104.000000
1649701421056.000000
1646590558208.000000
1643468816384.000000
1640416018432.000000
1637318656000.000000
1634283945984.000000
1631201918976.000000
1628124348416.000000
1625089769472.000000
1622067118080.000000
1619035029504.000000
1616044752896.000000
1613048184832.000000
1610026057728.000000
1607014023168.000000
1604012081152.000000
1601041858560.000000
1598090379264.000000
1595086209024.000000
1592160419840.000000
1589217198080.000000
1586326011904.000000
1583348842496.000000
1580444680192.000000
1577535012864.000000
1574667157504.000000
1571749625856.000000
1568911654912.000000
1566024138752.000000
1563169259520.000000
1560309006336.000000
1557445607424.000000
1554606456832.000000
1551760359424.000000
1548901941248.000000
1546088480768.000000
1543256408064.000000
1540466671616.000000
1537612709888.000000
1534847221760.000000
1532064038912.000000
1529270108160.000000
1526507634688.000000
1523752370176.000000
1520973643776.000000
1518210383872.000000
1515483168768.000000
1512735637504.000000
1509973426176.000000
1507277668352.000000
1504557137920.000000
1501831233536.000000
1499072430080.000000
1496409178112.000000
1493717090304.000000
1491060129792.000000
1488343793664.000000
1485682769920.000000
1483009032192.000000
1480362950656.000000
1477701402624.000000
1475060170752.000000
1472422477824.000000
1469784391680.000000
1467195981824.000000
1464522768384.000000
1461865414656.000000
1459270844416.000000
1456663166976.000000
1454096252928.000000
1451518066688.000000
1436437577728.000000
1369215860736.000000
1284721999872.000000
1193482911744.000000
1101321732096.000000
1011732185088.000000
926753488896.000000
847595896832.000000
774755844096.000000
708405231616.000000
648306425856.000000
594194530304.000000
545611644928.000000
502109077504.000000
463184429056.000000
428390121472.000000
397286768640.000000
369452154880.000000
344530485248.000000
322194833408.000000
302144978944.000000
284111667200.000000
267872813056.000000
253213278208.000000
239957295104.000000
227932274688.000000
217012944896.000000
207067250688.000000
197995102208.000000
189695590400.000000
182095593472.000000
175111995392.000000
168683945984.000000
162757771264.000000
157271310336.000000
152190681088.000000
147472744448.000000
143087124480.000000
138993057792.000000
135173152768.000000
131595157504.000000
128242139136.000000
125090201600.000000
122124820480.000000
119337443328.000000
116703453184.000000
114212519936.000000
111853568000.000000
109612105728.000000
107488018432.000000
105460326400.000000
103528366080.000000
101686419456.000000
99925073920.000000
98238078976.000000
96623607808.000000
95074369536.000000
93585637376.000000
92155944960.000000
90778173440.000000
89452732416.000000
88170872832.000000
86935257088.000000
85742157824.000000
84586397696.000000
83468517376.000000
82390827008.000000
81336655872.000000
80319184896.000000
79332204544.000000
78372405248.000000
77438910464.000000
76531662848.000000
75647909888.000000
74789175296.000000
73950093312.000000
73133457408.000000
72337735680.000000
71560134656.000000
70800154624.000000
70059442176.000000
69335080960.000000
68627144704.000000
67934863360.000000
67257659392.000000
66594320384.000000
65945899008.000000
65309925376.000000
64687595520.000000
64077086720.000000
63479128064.000000
62894170112.000000
62317613056.000000
61755215872.000000
61200756736.000000
60657364992.000000
60124483584.000000
59600642048.000000
59086798848.000000
58581590016.000000
58085588992.000000
57597210624.000000
57117310976.000000
56646627328.000000
56183230464.000000
55727362048.000000
55279685632.000000
54838194176.000000
54404075520.000000
53977292800.000000
53556961280.000000
53142491136.000000
52734836736.000000
52334686208.000000
51938738176.000000
51549933568.000000
51166482432.000000
50789015552.000000
50416283648.000000
50049261568.000000
49688031232.000000
49331380224.000000
48979939328.000000
48634036224.000000
48294793216.000000
47955320832.000000
47623933952.000000
47294943232.000000
46970986496.000000
46652444672.000000
46337720320.000000
46026887168.000000
45720674304.000000
45417574400.000000
45118910464.000000
44823756800.000000
44532109312.000000
44244860928.000000
43960893440.000000
43681525760.000000
43404111872.000000
43132035072.000000
42860904448.000000
42593890304.000000
42330423296.000000
42070016000.000000
41812561920.000000
41558728704.000000
41307045888.000000
41059278848.000000
40813920256.000000
40571400192.000000
40331472896.000000
40093954048.000000
39859572736.000000
39627669504.000000
39398129664.000000
39171100672.000000
38947115008.000000
38725513216.000000
38506737664.000000
38289108992.000000
38075367424.000000
37863452672.000000
37652357120.000000
37444685824.000000
37238820864.000000
37035495424.000000
36834861056.000000
36635172864.000000
36437909504.000000
36242501632.000000
36049854464.000000
35858554880.000000
35668561920.000000
35481923584.000000
35296391168.000000
35111985152.000000
34930982912.000000
34750078976.000000
34571227136.000000
34394939392.000000
34219509760.000000
34046451712.000000
33874468864.000000
33704241152.000000
33536004096.000000
33369257984.000000
33204094976.000000
33040896000.000000
32878364672.000000
32718131200.000000
32558786560.000000
32400928768.000000
32244613120.000000
32089757696.000000
31936753664.000000
31784335360.000000
31633672192.000000
31483906048.000000
31336060928.000000
31188959232.000000
31043948544.000000
30899630080.000000
30756921344.000000
30614910976.000000
30476097536.000000
30334978048.000000
30197098496.000000
30060089344.000000
29924245504.000000
29789800448.000000
29656068096.000000
29524914176.000000
29392427008.000000
29262508032.000000
29133684736.000000
29005015040.000000
28878163968.000000
28751984640.000000
28627001344.000000
28505624576.000000
28380229632.000000
28258058240.000000
28137353216.000000
28017743872.000000
27898734592.000000
27779786752.000000
27662479360.000000
27547033600.000000
27432437760.000000
27316447232.000000
27203069952.000000
27090382848.000000
26979512320.000000
26867343360.000000
26757275648.000000
26648250368.000000
26539120640.000000
26432233472.000000
26324766720.000000
26218328064.000000
26113126400.000000
26008543232.000000
25904922624.000000
25802053632.000000
25699377152.000000
25598482432.000000
25497532416.000000
25397497856.000000
25298018304.000000
25199425536.000000
25101959168.000000
25004544000.000000
24908425216.000000
24811995136.000000
24716967936.000000
24622223360.000000
24528683008.000000
24435234816.000000
24342972416.000000
24250970112.000000
24159469568.000000
24068904960.000000
23978862592.000000
23890700288.000000
23801020416.000000
23713495040.000000
23625109504.000000
23537997824.000000
23452569600.000000
23366291456.000000
23280785408.000000
23195828224.000000
23111706624.000000
23027963904.000000
22945161216.000000
22862616576.000000
22780712960.000000
22700343296.000000
22618419200.000000
22538164224.000000
22458179584.000000
22379134976.000000
22300016640.000000
22222835712.000000
22143891456.000000
22066591744.000000
21989881856.000000
21913634816.000000
21837719552.000000
21762473984.000000
21687500800.000000
21612832768.000000
21538734080.000000
21465532416.000000
21392185344.000000
21319526400.000000
21247580160.000000
21175986176.000000
21104412672.000000
21033963520.000000
20963231744.000000
20893376512.000000
20823633920.000000
20754413568.000000
20685858816.000000
20617347072.000000
20549470208.000000
20483753984.000000
20414912512.000000
20348780544.000000
20281899008.000000
20215793664.000000
20150450176.000000
20086095872.000000
20020258816.000000
19955783680.000000
19891974144.000000
19828135936.000000
19764926464.000000
19701989376.000000
19639369728.000000
19577542656.000000
19515529216.000000
19453831168.000000
19392665600.000000
19331772416.000000
19271235584.000000
19210969088.000000
19151269888.000000
19091605504.000000
19032408064.000000
18974296064.000000
18915577856.000000
18858645504.000000
18799149056.000000
18742476800.000000
18684934144.000000
18627469312.000000
18570838016.000000
18515376128.000000
18458474496.000000
18402990080.000000
18347974656.000000
18292264960.000000
18237642752.000000
18183563264.000000
18128541696.000000
18074771456.000000
18021328896.000000
17967693824.000000
17914779648.000000
17861718016.000000
17809235968.000000
17757607936.000000
17705193472.000000
17653925888.000000
17601843200.000000
17550475264.000000
17499746304.000000
17449000960.000000
17398573056.000000
17348786176.000000
17299216384.000000
17248993280.000000
17199697920.000000
17150471168.000000
17101878272.000000
17053282304.000000
17004614656.000000
16956880896.000000
16908985344.000000
16861086720.000000
16813527040.000000
16766950400.000000
16719197184.000000
16672515072.000000
16625842176.000000
16579625984.000000
16533578752.000000
16487767040.000000
16442484736.000000
16397021184.000000
16351680512.000000
16306840576.000000
16262194176.000000
16217660416.000000
16174021632.000000
16129788928.000000
16085376000.000000
16041891840.000000
15998614528.000000
15955104768.000000
15912431616.000000
15869121536.000000
15826409472.000000
15784012800.000000
15742088192.000000
15699731456.000000
15657904128.000000
15616320512.000000
15574913024.000000
15533723648.000000
15492540416.000000
15451901952.000000
15411112960.000000
15370993664.000000
15330186240.000000
15290344448.000000
15250081792.000000
15210291200.000000
15170991104.000000
15131576320.000000
15092108288.000000
15052999680.000000
15014374400.000000
14975849472.000000
14937017344.000000
14898690048.000000
14860764160.000000
14822529024.000000
14784738304.000000
14747040768.000000
14709576704.000000
14672162816.000000
14635245568.000000
14598065152.000000
14561538048.000000
14524807168.000000
14488061952.000000
14451849216.000000
14416718848.000000
14379623424.000000
14343791616.000000
14307740672.000000
14272288768.000000
14237870080.000000
14201442304.000000
14166560768.000000
14131372032.000000
14096634880.000000
14062091264.000000
14027575296.000000
13993053184.000000
13958728704.000000
13924752384.000000
13890936832.000000
13856940032.000000
13823412224.000000
13791132672.000000
13756899328.000000
13723323392.000000
13690116096.000000
13657004032.000000
13624584192.000000
13591557120.000000
13558964224.000000
13526788096.000000
13494520832.000000
13462195200.000000
13430503424.000000
13398305792.000000
13366722560.000000
13334920192.000000
13303745536.000000
13272286208.000000
13240840192.000000
13209759744.000000
13178909696.000000
13147949056.000000
13117042688.000000
13086540800.000000
13056126976.000000
13025689600.000000
12995549184.000000
12965491712.000000
12935554048.000000
12905430016.000000
12875947008.000000
12845971456.000000
12816458752.000000
12787161088.000000
12757786624.000000
12728767488.000000
12699537408.000000
12670616576.000000
12641792000.000000
12612968448.000000
12584428544.000000
12556134400.000000
12527410176.000000
12499196928.000000
12470984704.000000
12442989568.000000
12415073280.000000
12387085312.000000
12360032256.000000
12331837440.000000
12304266240.000000
12276881408.000000
12249420800.000000
12223600640.000000
12195281920.000000
12167981056.000000
12141067264.000000
12114371584.000000
12087705600.000000
12061066240.000000
12034512896.000000
12008206336.000000
11983143936.000000
11955825664.000000
11929403392.000000
11903461376.000000
11877713920.000000
11851893760.000000
11825968128.000000
11800300544.000000
11774783488.000000
11749493760.000000
11723896832.000000
11698634752.000000
11673495552.000000
11648521216.000000
11623746560.000000
11598510080.000000
11573669888.000000
11548952576.000000
11524808704.000000
11499671552.000000
11475490816.000000
11451012096.000000
11426650112.000000
11402883072.000000
11378290688.000000
11354194944.000000
11330288640.000000
11306713088.000000
11282772992.000000
11259114496.000000
11235449856.000000
11212120064.000000
11188663296.000000
11165151232.000000
11141872640.000000
11118877696.000000
11095629824.000000
11072652288.000000
11049944064.000000
11026747392.000000
11004190720.000000
10981454848.000000
10960083968.000000
10936240128.000000
10913809408.000000
10891284480.000000
10868988928.000000
10846690304.000000
10825260032.000000
10802479104.000000
10780462080.000000
10758637568.000000
10736622592.000000
10714982400.000000
10693227520.000000
10671424512.000000
10649915392.000000
10628689920.000000
10607099904.000000
10585697280.000000
10564862976.000000
10543218688.000000
10522056704.000000
10501342208.000000
10479991808.000000
10459157504.000000
10438756352.000000
10417475584.000000
10396784640.000000
10376390656.000000
10355772416.000000
10335257600.000000
10314642432.000000
10294332416.000000
10274050048.000000
10254176256.000000
10233634816.000000
10213536768.000000
10193408000.000000
10173543424.000000
10153604096.000000
10133731328.000000
10113993728.000000
10094416896.000000
10074589184.000000
10054991872.000000
10035639296.000000
10016094208.000000
9996876800.000000
9977302016.000000
9958136832.000000
9938820096.000000
9919782912.000000
9900889088.000000
9881850880.000000
9862939648.000000
9843765248.000000
9825468416.000000
9806166016.000000
9787442176.000000
9769072640.000000
9750515712.000000
9731650560.000000
9713188864.000000
9694685184.000000
9676313600.000000
9657953280.000000
9639760896.000000
9621657600.000000
9603866624.000000
9585393664.000000
9567270912.000000
9549454336.000000
9531514880.000000
9513607168.000000
9495801856.000000
9478492160.000000
9460475904.000000
9442793472.000000
9425156096.000000
9407788032.000000
9390133248.000000
9372938240.000000
9355765760.000000
9338748928.000000
9320850432.000000
9303635968.000000
9286631424.000000
9269468160.000000
9252567040.000000
9235401728.000000
9218656256.000000
9201667072.000000
9184914432.000000
9168741376.000000
9151532032.000000
9134774272.000000
9117967360.000000
9101342720.000000
9084860416.000000
9068407808.000000
9052086272.000000
9035469824.000000
9019184128.000000
9002850304.000000
8986632192.000000
8970463232.000000
8954291200.000000
8938199040.000000
8922126336.000000
8906063872.000000
8890179584.000000
8874312704.000000
8858518528.000000
8842681344.000000
8827504640.000000
8811279360.000000
8795942912.000000
8780320768.000000
8764133376.000000
8748656640.000000
8733279232.000000
8717638656.000000
8702612480.000000
8687043584.000000
8671631360.000000
8656552960.000000
8641184768.000000
8626098176.000000
8610794496.000000
8595746816.000000
8580602880.000000
8565575680.000000
8550682112.000000
8535828480.000000
8520996352.000000
8505994240.000000
8491274240.000000
8476398080.000000
8461732352.000000
8446996480.000000
8432468480.000000
8417909760.000000
8403327488.000000
8389098496.000000
8374301184.000000
8359956480.000000
8345454592.000000
8331183616.000000
8316993536.000000
8302541824.000000
8288353792.000000
8274299904.000000
8259998208.000000
8245944320.000000
8232708096.000000
8217936384.000000
8204447744.000000
8190418944.000000
8176075264.000000
8162388992.000000
8148310016.000000
8134884864.000000
8120838656.000000
8107048960.000000
8093350400.000000
8079917568.000000
8066314752.000000
8052589568.000000
8038980608.000000
8025764864.000000
8012249088.000000
7998757888.000000
7985179648.000000
7971893760.000000
7958783488.000000
7945236992.000000
7932027904.000000
7919442432.000000
7906008064.000000
7892574208.000000
7879472128.000000
7866383872.000000
7853344768.000000
7840514560.000000
7827535360.000000
7814551040.000000
7801926144.000000
7789122048.000000
7775988224.000000
7763424768.000000
7750412288.000000
7737707008.000000
7725155840.000000
7712586240.000000
7699723776.000000
7687094272.000000
7674641920.000000
7662138368.000000
7649582592.000000
7637301248.000000
7624684032.000000
7612460032.000000
7600162304.000000
7587762688.000000
7575675392.000000
7563237888.000000
7550905856.000000
7538711552.000000
7526845952.000000
7514458624.000000
7502335488.000000
7490587648.000000
7478436352.000000
7466252288.000000
7454260224.000000
7442352128.000000
7430389248.000000
7418510848.000000
7406708224.000000
7394987520.000000
7383092224.000000
7371365888.000000
7359620096.000000
7347905536.000000
7336186880.000000
7324649984.000000
7313017344.000000
7301461504.000000
7289838592.000000
7278403072.000000
7267142144.000000
7255451136.000000
7244011008.000000
7232596992.000000
7221272576.000000
7210000384.000000
7199032832.000000
7187296768.000000
7176102400.000000
7164901376.000000
7153649664.000000
7142599680.000000
7131313152.000000
7120386560.000000
7109073920.000000
7097948672.000000
7086945792.000000
7075934720.000000
7064904192.000000
7054157312.000000
7043053056.000000
7032212992.000000
7021418496.000000
7010456064.000000
7000332800.000000
6989089792.000000
6978310144.000000
6968283648.000000
6956686848.000000
6945994240.000000
6935618560.000000
6924894208.000000
6914078208.000000
6903493632.000000
6893058048.000000
6882348544.000000
6871884288.000000
6861356544.000000
6851383808.000000
6840685056.000000
6830051840.000000
6819899904.000000
6809352704.000000
6799119360.000000
6788723712.000000
6778458624.000000
6768189440.000000
6758402560.000000
6747737600.000000
6737667072.000000
6727436288.000000
6717432832.000000
6707457536.000000
6697426432.000000
6687046144.000000
6676963328.000000
6666979328.000000
6656981504.000000
6647136256.000000
6637219840.000000
6627172352.000000
6617733120.000000
6607544320.000000
6597608960.000000
6587815424.000000
6578077184.000000
6568774144.000000
6558482432.000000
6548850176.000000
6539046912.000000
6529322496.000000
6519752192.000000
6510099968.000000
6501091328.000000
6490793472.000000
6481288704.000000
6471675904.000000
6462061056.000000
6452653056.000000
6443166720.000000
6433758208.000000
6424215040.000000
6414796288.000000
6405438464.000000
6396304896.000000
6386851328.000000
6377463808.000000
6368101376.000000
6358778368.000000
6349668352.000000
6340333056.000000
6331366400.000000
6322109440.000000
6312761856.000000
6303536128.000000
6294945280.000000
6285498368.000000
6276161024.000000
6267036160.000000
6258078720.000000
6249047552.000000
6239913984.000000
6230940672.000000
6222091776.000000
6213536768.000000
6204042240.000000
6195136512.000000
6186301440.000000
6177349120.000000
6168866304.000000
6159717376.000000
6150885888.000000
6142135808.000000
6133450752.000000
6124803072.000000
6116055552.000000
6107277312.000000
6098491904.000000
6089828352.000000
6081275904.000000
6072768000.000000
6063961600.000000
6055628800.000000
6046658560.000000
6038265856.000000
6029906944.000000
6021046272.000000
6012793344.000000
6004119552.000000
5995693568.000000
5987177984.000000
5978996736.000000
5970407936.000000
5961988096.000000
5953624576.000000
5945161728.000000
5936857088.000000
5928591872.000000
5920345088.000000
5912368128.000000
5903836160.000000
5895760896.000000
