191479640739545088.000000
164743228803776512.000000
142030282101358592.000000
122785719058956288.000000
106503343420997632.000000
92733566600871936.000000
81085778502877184.000000
71221862121603072.000000
62853754000506880.000000
55737993918414848.000000
49668144272244736.000000
44474991940468736.000000
40015273993961472.000000
36172248926650368.000000
32847757408468992.000000
29960966007422976.000000
27443848883994624.000000
25240844193759232.000000
23305323624267776.000000
21598312494792704.000000
20087594255646720.000000
18745947404107776.000000
17549908533837824.000000
16480136333361152.000000
15519880430223360.000000
14655839310708736.000000
13875743326994432.000000
13169069809205248.000000
12527302910935040.000000
11942808327815168.000000
11408997580013568.000000
10920185204572160.000000
10471549026959360.000000
10058512759521280.000000
9677683378094080.000000
9325585180393472.000000
8999215984279552.000000
8696106183557120.000000
8414081451032576.000000
8150955648352256.000000
7905113330941952.000000
7674800541532160.000000
7458849049018368.000000
7255902180605952.000000
7064698826522624.000000
6884424553594880.000000
6714077560700928.000000
6552938977689600.000000
6400080554754048.000000
6254949851725824.000000
6116963826794496.000000
5985558228631552.000000
5860153773522944.000000
5740419212115968.000000
5626021147574272.000000
5516468879884288.000000
5411418274791424.000000
5310603581194240.000000
5213710729609216.000000
5120563089506304.000000
5030815989760000.000000
4944343802576896.000000
4860941980139520.000000
4780437113143296.000000
4702513521491968.000000
4627194290634752.000000
4554257692884992.000000
4483585079771136.000000
4415025322131456.000000
4348553723904000.000000
4283982917140480.000000
4221272904957952.000000
4160329198075904.000000
4100932484726784.000000
4043224498831360.000000
3986948347658240.000000
3932169529458688.000000
3878748457795584.000000
3826641914560512.000000
3775821714030592.000000
3726183434813440.000000
3677741035552768.000000
3630380968050688.000000
3584095716114432.000000
3538911854854144.000000
3494636647612416.000000
3451380689797120.000000
3409048418385920.000000
3367603863027712.000000
3327027696369664.000000
3287279384657920.000000
3248353827618816.000000
3210222302658560.000000
3172831122685952.000000
3136218137100288.000000
3100267113349120.000000
3065008921509888.000000
3030412154634240.000000
2996539626618880.000000
2963227591835648.000000
2930570002694144.000000
2898532499456000.000000
2867014687260672.000000
2836072400683008.000000
2805741341638656.000000
2775889171447808.000000
2746606621294592.000000
2717821213605888.000000
2689484898435072.000000
2661692701933568.000000
2634331075903488.000000
2607442433146880.000000
2581016036245504.000000
2555040879345664.000000
2529468107194368.000000
2504302551629824.000000
2479597631307776.000000
2455229060612096.000000
2431287033856000.000000
2407738265042944.000000
2384507323809792.000000
2361691920662528.000000
2339256085250048.000000
2317097543663616.000000
2295306758651904.000000
2273867892523008.000000
2252746853974016.000000
2231931966062592.000000
2211423631441920.000000
2191258357334016.000000
2171362323988480.000000
2151764253999104.000000
2132480387710976.000000
2113445897961472.000000
2094697963061248.000000
2076205578715136.000000
2057998675476480.000000
2040048396533760.000000
2022376216723456.000000
2004909390036992.000000
1987696234856448.000000
1970745743769600.000000
1954010403700736.000000
1937523232210944.000000
1921248124731392.000000
1905171391053824.000000
1889367924670464.000000
1873741491470336.000000
1858338933440512.000000
1843159311056896.000000
1828139541987328.000000
1813338547814400.000000
1798724518936576.000000
1784290878685184.000000
1770073463193600.000000
1756024893603840.000000
1742172281896960.000000
1728487442350080.000000
1714961516593152.000000
1701628595929088.000000
1688473916407808.000000
1675454528356352.000000
1662614455189504.000000
1649932222070784.000000
1637397360017408.000000
1625029867470848.000000
1612810953949184.000000
1600748404080640.000000
1588827453915136.000000
1577029984059392.000000
1565378140438528.000000
1553888029179904.000000
1542545825857536.000000
1531323881619456.000000
1520205821902848.000000
1509255265910784.000000
1498404836343808.000000
1487698288181248.000000
1477113609715712.000000
1466667443945472.000000
1456322478342144.000000
1446101127266304.000000
1435983660711936.000000
1425982560927744.000000
1416093667164160.000000
1406333756637184.000000
1396683904647168.000000
1387148003508224.000000
1377698807021568.000000
1368352555532288.000000
1359113678225408.000000
1349986470068224.000000
1340937510846464.000000
1331991496622080.000000
1323156077805568.000000
1314425617252352.000000
1305750991273984.000000
1297193268936704.000000
1288737417854976.000000
1280347065024512.000000
1272058315014144.000000
1263851169382400.000000
1255735962894336.000000
1247689207447552.000000
1239743786385408.000000
1231866682146816.000000
1224089167462400.000000
1216387620012032.000000
1208759489658880.000000
1201189072928768.000000
1193707374116864.000000
1186325399076864.000000
1179000198135808.000000
1171756870008832.000000
1164568168497152.000000
1157472882524160.000000
1150432760037376.000000
1143464846688256.000000
1136561760501760.000000
1129728467533824.000000
1122956713394176.000000
1116252940533760.000000
1109618088476672.000000
1103052090114048.000000
1096536423399424.000000
1090102226845696.000000
1083721381838848.000000
1077391875112960.000000
1071134174871552.000000
1064911304130560.000000
1058763058446336.000000
1052676552916992.000000
1046624876888064.000000
1040656013197312.000000
1034743655170048.000000
1028866663514112.000000
1023063223173120.000000
1017314476556288.000000
1011604451753984.000000
1005942611116032.000000
1000337209032704.000000
994780460875776.000000
989278943313920.000000
983834669613056.000000
978431533645824.000000
973066381295616.000000
967755184472064.000000
962489621676032.000000
957274994507776.000000
952108148850688.000000
946980092116992.000000
941900555091968.000000
936863766413312.000000
931869390536704.000000
926918970966016.000000
922012440592384.000000
917132887982080.000000
912316015050752.000000
907536186212352.000000
902794676535296.000000
898097794252800.000000
893427487080448.000000
888810531454976.000000
884225855193088.000000
879678021697536.000000
875174547161088.000000
870700399198208.000000
866263966416896.000000
861858135277568.000000
857511695482880.000000
853187066068992.000000
848902701973504.000000
844648603975680.000000
840415511052288.000000
836226374434816.000000
832077771571200.000000
827961850724352.000000
823881967337472.000000
819823357460480.000000
815801657458688.000000
811805727260672.000000
807850465034240.000000
803915738120192.000000
800027987410944.000000
796173589807104.000000
792324695130112.000000
788524320161792.000000
784748439928832.000000
780998665043968.000000
777268687273984.000000
773589242478592.000000
769929527689216.000000
766298602602496.000000
762695527694336.000000
759120504291328.000000
755559372423168.000000
752030318592000.000000
748527303000064.000000
745055090376704.000000
741609989734400.000000
738199047503872.000000
734797970276352.000000
731440983572480.000000
728097754185728.000000
724783582937088.000000
721481021521920.000000
718218456989696.000000
714967368073216.000000
711742720049152.000000
708539278426112.000000
705372545351680.000000
702210308571136.000000
699092833402880.000000
695982069121024.000000
692897275969536.000000
689832481259520.000000
686784933527552.000000
683763491143680.000000
680764530229248.000000
677780266156032.000000
674832375087104.000000
671889986945024.000000
672791393206272.000000
666079634391040.000000
663202408955904.000000
660347463663616.000000
657509832458240.000000
654692937891840.000000
651897719488512.000000
649119345410048.000000
646371304538112.000000
643641248841728.000000
640922735869952.000000
638219523719168.000000
635525841027072.000000
632855914872832.000000
630210349236224.000000
627576728977408.000000
624961026785280.000000
622372369465344.000000
619791161229312.000000
617227602624512.000000
614689746714624.000000
612164842815488.000000
609651750076416.000000
607162682310656.000000
604686969208832.000000
602232261181440.000000
599786411524096.000000
597365727690752.000000
594957794541568.000000
592559457959936.000000
590182260670464.000000
587817277194240.000000
585468265627648.000000
583134018011136.000000
580809165635584.000000
578502701088768.000000
576215161241600.000000
573939029901312.000000
571675984789504.000000
569429716893696.000000
567197407641600.000000
564980197883904.000000
562775537483776.000000
560589734674432.000000
558417890508800.000000
556251582824448.000000
554096415211520.000000
551964165275648.000000
549838458454016.000000
547727112929280.000000
545634356559872.000000
543548713730048.000000
541484344410112.000000
539422357454848.000000
537374564024320.000000
535344353116160.000000
533321658400768.000000
531314532941824.000000
529314487468032.000000
527329138835456.000000
525355299373056.000000
523391996002304.000000
521437349675008.000000
519499010801664.000000
517574630572032.000000
515658034970624.000000
513757142843392.000000
511868397420544.000000
509991295385600.000000
508116307279872.000000
506263800643584.000000
504416192954368.000000
502580966850560.000000
500751143010304.000000
498931351945216.000000
497130418470912.000000
494104278466560.000000
489101245546496.000000
483227810660352.000000
476980814282752.000000
470660434362368.000000
464439375560704.000000
458421522399232.000000
452694619717632.000000
450603339743232.000000
442198088744960.000000
437444331700224.000000
433024642580480.000000
428906104487936.000000
425081503219712.000000
421519834480640.000000
418203515748352.000000
415101676945408.000000
412211499499520.000000
409493724725248.000000
406939997569024.000000
404527501017088.000000
402242746187776.000000
400075599642624.000000
398001600200704.000000
396028364718080.000000
394124620464128.000000
392299360026624.000000
390535671971840.000000
388818289033216.000000
387159223697408.000000
385544315994112.000000
383964975988736.000000
382429726507008.000000
380918233563136.000000
379439221309440.000000
377987656581120.000000
376566357950464.000000
375166131503104.000000
373784091557888.000000
372421882281984.000000
371080980070400.000000
369750848831488.000000
368436588838912.000000
367138032320512.000000
365849508577280.000000
364577225179136.000000
363316618723328.000000
362065776607232.000000
360830101094400.000000
359603887931392.000000
358383748120576.000000
357176191221760.000000
355975378763776.000000
354781579182080.000000
353602778431488.000000
352433339367424.000000
351261786374144.000000
350103822925824.000000
348954415857664.000000
347810645934080.000000
346673352015872.000000
345544950022144.000000
344420440342528.000000
343305158131712.000000
342193130700800.000000
341092813766656.000000
339989074280448.000000
338898353913856.000000
337812599603200.000000
336733690396672.000000
335660384780288.000000
334593018298368.000000
333534342414336.000000
332482108981248.000000
331435445583872.000000
330390426353664.000000
329349064556544.000000
328318742167552.000000
327294526685184.000000
326272894894080.000000
325257504227328.000000
324247113170944.000000
323249137254400.000000
322248376320000.000000
321256574418944.000000
320265812705280.000000
319284681113600.000000
318310361071616.000000
317334463971328.000000
316370176704512.000000
315404547260416.000000
314446501117952.000000
313491374211072.000000
312540106063872.000000
311595850792960.000000
310660722327552.000000
309727271583744.000000
308797276946432.000000
307869496901632.000000
306953796452352.000000
306034337906688.000000
305125885214720.000000
304221089955840.000000
303319549476864.000000
302420190035968.000000
301525528215552.000000
300636805529600.000000
299747579527168.000000
298863755788288.000000
297983220383744.000000
297108657668096.000000
296240604512256.000000
295377416749056.000000
294511309750272.000000
293653390032896.000000
292805469536256.000000
291954629804032.000000
291109460770816.000000
290270532861952.000000
289435061059584.000000
288599455039488.000000
287774150230016.000000
286950388924416.000000
286131929219072.000000
285315952541696.000000
284499707428864.000000
283692454903808.000000
282885235933184.000000
282084761403392.000000
281285729714176.000000
280489197830144.000000
279697497784320.000000
278913347485696.000000
278127217475584.000000
277343587270656.000000
276563413172224.000000
275787349491712.000000
275016268644352.000000
274248140587008.000000
273488535355392.000000
272728410030080.000000
271969526218752.000000
271215658795008.000000
270463821414400.000000
269719382786048.000000
268976420552704.000000
268238155939840.000000
267501116063744.000000
266768975134720.000000
266041817038848.000000
265313518092288.000000
264589899988992.000000
263870073536512.000000
263151572484096.000000
262436795973632.000000
261724838035456.000000
261014876585984.000000
260309696643072.000000
259606597074944.000000
258905829539840.000000
258210732703744.000000
257514142695424.000000
256822233530368.000000
256134837436416.000000
255448498307072.000000
254765648838656.000000
254087748648960.000000
253412113383424.000000
252740034887680.000000
252068560371712.000000
251404316835840.000000
250741851684864.000000
250081131364352.000000
249421786775552.000000
248768716865536.000000
248115948945408.000000
247467006230528.000000
246820361994240.000000
246174019747840.000000
245533717299200.000000
244893767172096.000000
244254773346304.000000
243621500551168.000000
242989788037120.000000
242357706424320.000000
241728426606592.000000
241100891619328.000000
240478305910784.000000
239857532141568.000000
239237395906560.000000
238622309613568.000000
238008498388992.000000
237397891612672.000000
236788610236416.000000
236183472832512.000000
235579610497024.000000
234979925688320.000000
234384502292480.000000
233788793683968.000000
233194225926144.000000
232604791996416.000000
232015760719872.000000
231431376732160.000000
230848452362240.000000
230263313399808.000000
229688609865728.000000
229111758848000.000000
228537088868352.000000
227966948737024.000000
227398050119680.000000
226826836246528.000000
226263323115520.000000
225696639090688.000000
225136129081344.000000
224579561717760.000000
224021954166784.000000
223466997415936.000000
222915194781696.000000
222362687504384.000000
221816756895744.000000
221271430266880.000000
220727613587456.000000
220185390743552.000000
219647899074560.000000
219111397261312.000000
218577428807680.000000
218042906705920.000000
217512679571456.000000
216986562854912.000000
216460177702912.000000
215935386386432.000000
215411987578880.000000
214891776442368.000000
214372521607168.000000
213855783354368.000000
213340420833280.000000
212825192529920.000000
212311927160832.000000
211801430032384.000000
211293298491392.000000
210787264102400.000000
210284031508480.000000
209780933132288.000000
209279109824512.000000
208781732478976.000000
208282677411840.000000
207785954377728.000000
207293157212160.000000
206799202418688.000000
206310968655872.000000
205819329118208.000000
205333729378304.000000
204849304043520.000000
204366103445504.000000
203887533359104.000000
203406396358656.000000
202930879725568.000000
202450078269440.000000
201977967411200.000000
201506544418816.000000
201035456970752.000000
200564554072064.000000
200099372204032.000000
199634190336000.000000
199171239837696.000000
198712248762368.000000
198250304897024.000000
197794316943360.000000
197337792118784.000000
196881804165120.000000
196430379614208.000000
195977512222720.000000
195527782170624.000000
195079864057856.000000
194634462527488.000000
194186879959040.000000
193741696532480.000000
193299147128832.000000
192859013644288.000000
192416531349504.000000
191980424396800.000000
191544720097280.000000
191110441861120.000000
190678076227584.000000
190245274386432.000000
189816163532800.000000
189388126420992.000000
188962337456128.000000
188540289810432.000000
188115943686144.000000
187694667792384.000000
187273022799872.000000
186854850691072.000000
186436829577216.000000
186019714433024.000000
185605753405440.000000
185191540719616.000000
184780415041536.000000
184370212110336.000000
183961921781760.000000
183555393060864.000000
183149887750144.000000
182742771826688.000000
182339883761664.000000
181939378061312.000000
181536087343104.000000
181135329984512.000000
180738246836224.000000
180341667004416.000000
179943711440896.000000
179549547528192.000000
179157463990272.000000
178765447561216.000000
178373280137216.000000
177984082280448.000000
177594431438848.000000
177209260113920.000000
176821639315456.000000
176436753203200.000000
176054467559424.000000
175671259168768.000000
175291741765632.000000
174912509575168.000000
174532035870720.000000
174155991351296.000000
173778487214080.000000
173402694352896.000000
173029652955136.000000
172658960367616.000000
172286338400256.000000
171916669222912.000000
171548929425408.000000
171181005078528.000000
170815664422912.000000
170452806795264.000000
170090922246144.000000
169729138360320.000000
169366683385856.000000
169007952953344.000000
168650162044928.000000
168295323926528.000000
167937616904192.000000
167587174416384.000000
167233661698048.000000
166883605086208.000000
166532625727488.000000
166182787219456.000000
165834173448192.000000
165486918631424.000000
165142130065408.000000
164794539704320.000000
164452620042240.000000
164108972326912.000000
163766767452160.000000
163426877833216.000000
163087105654784.000000
162749011197952.000000
162410967072768.000000
162072084086784.000000
161736355217408.000000
161403243593728.000000
161068068372480.000000
160735241961472.000000
160402935644160.000000
160073800220672.000000
159745033895936.000000
159416166907904.000000
159089246076928.000000
158760328757248.000000
158435706404864.000000
158110496849920.000000
157785538953216.000000
157460866269184.000000
157139716800512.000000
156819943063552.000000
156498927812608.000000
156183314825216.000000
155862584786944.000000
155547676442624.000000
155229714644992.000000
154914638528512.000000
154601324019712.000000
154285996244992.000000
153973973581824.000000
153664266174464.000000
153350280577024.000000
153043324633088.000000
152737023000576.000000
152428859097088.000000
152125459922944.000000
151820852789248.000000
151517420060672.000000
151215832825856.000000
150913926823936.000000
150612356366336.000000
150312312635392.000000
150014131175424.000000
149715714834432.000000
149416946171904.000000
149122371813376.000000
148827831009280.000000
148531679592448.000000
148238363525120.000000
147944862908416.000000
147651194519552.000000
147360764133376.000000
147069763321856.000000
146781094543360.000000
146489523306496.000000
146201575948288.000000
145914635223040.000000
145628449472512.000000
145341894623232.000000
145059987062784.000000
144774573064192.000000
144492313182208.000000
144209935859712.000000
143928263180288.000000
143647395807232.000000
143368105492480.000000
143087875653632.000000
142809692635136.000000
142532331700224.000000
142256195502080.000000
141980847833088.000000
141707899305984.000000
141434531348480.000000
141160509079552.000000
140889070501888.000000
140616566571008.000000
140347543912448.000000
140076172443648.000000
139805379788800.000000
139535300165632.000000
139268055891968.000000
139001843417088.000000
138735463170048.000000
138470114721792.000000
138207886835712.000000
137942630662144.000000
137679899459584.000000
137419886166016.000000
137158119653376.000000
136898886500352.000000
136638202118144.000000
136380881567744.000000
136120876662784.000000
135863463837696.000000
135604943716352.000000
135350265577472.000000
135093012135936.000000
134839449681920.000000
134584687656960.000000
134332626763776.000000
134079492128768.000000
133826323939328.000000
133576670576640.000000
133325733756928.000000
133076516601856.000000
132827542716416.000000
132578778546176.000000
132332824559616.000000
132085016690688.000000
131839247253504.000000
131594501226496.000000
131348991836160.000000
131105822867456.000000
130862259634176.000000
130619904360448.000000
130379159699456.000000
130137936887808.000000
129897603268608.000000
129656757944320.000000
129418756358144.000000
129178909278208.000000
128939993333760.000000
128703518474240.000000
128467974750208.000000
128230040272896.000000
127995243134976.000000
127760739598336.000000
127526496108544.000000
127292999204864.000000
127061096136704.000000
126828077383680.000000
126595503226880.000000
126365856694272.000000
126134859595776.000000
125906446188544.000000
125677118423040.000000
125448512077824.000000
125220090281984.000000
124992264077312.000000
124765125738496.000000
124539958722560.000000
124313625690112.000000
124090505494528.000000
123865514639360.000000
123642956480512.000000
123420264103936.000000
123197169074176.000000
122975869206528.000000
122755592749056.000000
122535375011840.000000
122315559927808.000000
122096206217216.000000
121878135963648.000000
121661491773440.000000
121443815784448.000000
121226911547392.000000
121011970244608.000000
120793916768256.000000
120579914989568.000000
120365820936192.000000
120151332618240.000000
119937867710464.000000
119724864176128.000000
119511936139264.000000
119300316725248.000000
119088990912512.000000
118878680121344.000000
118669292077056.000000
118460004696064.000000
118250843144192.000000
118041480265728.000000
117834541694976.000000
117628156772352.000000
117420714885120.000000
117215244320768.000000
117010310627328.000000
116805318213632.000000
116600258691072.000000
116396390350848.000000
116192127746048.000000
115989777743872.000000
115786739875840.000000
115586210201600.000000
115384816500736.000000
115184806920192.000000
114984730230784.000000
114786104770560.000000
114586111967232.000000
114387763331072.000000
114189649575936.000000
113993205153792.000000
113794713911296.000000
113600123371520.000000
113403494400000.000000
113208954191872.000000
113013994553344.000000
112819798278144.000000
112625190961152.000000
112432563355648.000000
112239029780480.000000
112047727575040.000000
111854739259392.000000
111663940370432.000000
111471681863680.000000
111280908140544.000000
111090268635136.000000
110901659172864.000000
110711992745984.000000
110522594754560.000000
110334631215104.000000
110146801893376.000000
109959022903296.000000
109773156515840.000000
109585788567552.000000
109400651988992.000000
109215347638272.000000
109029028265984.000000
108844562776064.000000
108660290224128.000000
108477619896320.000000
108293548670976.000000
108111675260928.000000
107929625690112.000000
107747576119296.000000
107566038253568.000000
107384961761280.000000
107205311332352.000000
107026994692096.000000
106847721750528.000000
106668541083648.000000
106489226199040.000000
106312151072768.000000
106134681681920.000000
105956415373312.000000
105780690812928.000000
105604907532288.000000
105428075675648.000000
105253072535552.000000
105078170058752.000000
104903124975616.000000
104728490934272.000000
104555828215808.000000
104381630382080.000000
104208825057280.000000
104035549970432.000000
103863692558336.000000
103691835146240.000000
103519776407552.000000
103349680603136.000000
103178754326528.000000
103009069563904.000000
102839091200000.000000
102669817479168.000000
102500032053248.000000
102331706245120.000000
102163875364864.000000
101995591499776.000000
101828146495488.000000
101661313859584.000000
101496385437696.000000
101329267589120.000000
101164246892544.000000
100998932594688.000000
100833920286720.000000
100670384373760.000000
100505707610112.000000
100342263971840.000000
100179457867776.000000
100016576266240.000000
99853929545728.000000
99692423675904.000000
99529550462976.000000
99368422080512.000000
99207335641088.000000
99045880102912.000000
98885833850880.000000
98725980536832.000000
98565758124032.000000
98406005473280.000000
98247905378304.000000
98089713008640.000000
97930857938944.000000
97772380356608.000000
97616201252864.000000
97460357693440.000000
97304002428928.000000
97149106782208.000000
96994018197504.000000
96839005110272.000000
96684663111680.000000
96531386466304.000000
96377237405696.000000
96223767822336.000000
96070155632640.000000
95917751402496.000000
95765389115392.000000
95613010051072.000000
95460916199424.000000
95309610876928.000000
95159152803840.000000
95009147715584.000000
94859822104576.000000
94710974644224.000000
94560558514176.000000
94411962712064.000000
94263828283392.000000
94113848360960.000000
93967341322240.000000
93820314189824.000000
93673446440960.000000
93526494806016.000000
93379710943232.000000
93233791107072.000000
93087669944320.000000
92942001766400.000000
92796190982144.000000
92651613323264.000000
92507463483392.000000
92363447861248.000000
92217947455488.000000
92074342875136.000000
91932323741696.000000
91787637030912.000000
91645315907584.000000
91502155923456.000000
91360430391296.000000
91218579030016.000000
91076945772544.000000
90935295737856.000000
90793209495552.000000
90652314435584.000000
90511763308544.000000
90371572891648.000000
90231357308928.000000
90090973954048.000000
89952377372672.000000
89812614774784.000000
89673741369344.000000
89534616305664.000000
89397378678784.000000
89259662901248.000000
89121057931264.000000
88985573523456.000000
88847505424384.000000
88710855000064.000000
88574473011200.000000
88437931638784.000000
88302111686656.000000
88167306756096.000000
88031587467264.000000
87897403293696.000000
87762959073280.000000
87629085278208.000000
87495060488192.000000
87361471905792.000000
87228093038592.000000
87095662084096.000000
86963315015680.000000
86831680978944.000000
86698411163648.000000
86567364329472.000000
86435663183872.000000
86304977059840.000000
86173225582592.000000
86043780972544.000000
85913312952320.000000
85784128389120.000000
85654448898048.000000
85525155282944.000000
85395861667840.000000
85267054592000.000000
85138515951616.000000
85010589679616.000000
84882688573440.000000
84755634716672.000000
84629159673856.000000
84502122594304.000000
84375706271744.000000
84249835208704.000000
84124551348224.000000
83998881611776.000000
83871450267648.000000
83746678112256.000000
83621880791040.000000
83496227831808.000000
83372286148608.000000
83247698542592.000000
83124570554368.000000
82999865507840.000000
82876536193024.000000
82752971997184.000000
82630615760896.000000
82506682466304.000000
82384301064192.000000
82262137765888.000000
82139789918208.000000
82018683584512.000000
81897594028032.000000
81777402052608.000000
81656790646784.000000
81535894028288.000000
81417648209920.000000
81298076991488.000000
81178254114816.000000
81058791948288.000000
80939271061504.000000
80820379320320.000000
80702636818432.000000
80583971569664.000000
80465130160128.000000
80348151021568.000000
80231012499456.000000
80113697816576.000000
79995997257728.000000
79879034896384.000000
79762777178112.000000
79646611734528.000000
79531343872000.000000
79414767386624.000000
79298543222784.000000
79182956593152.000000
79067873280000.000000
78953234563072.000000
78838847504384.000000
78724200398848.000000
78609813340160.000000
78496508411904.000000
78382825996288.000000
78268866756608.000000
78155184340992.000000
78043271921664.000000
77930235428864.000000
77816578179072.000000
77705362014208.000000
77592828837888.000000
77480866086912.000000
77369666699264.000000
77258442145792.000000
77147309867008.000000
77036546686976.000000
76926714642432.000000
76816295395328.000000
76706043920384.000000
76596304150528.000000
76486480494592.000000
76377319538688.000000
76266564747264.000000
76158385258496.000000
76049408851968.000000
75941086756864.000000
75832009687040.000000
75724090245120.000000
75615927533568.000000
75509341880320.000000
75400994619392.000000
75293662380032.000000
75185633886208.000000
75078553305088.000000
74971682439168.000000
74865356832768.000000
74759291273216.000000
74653166993408.000000
74546740723712.000000
74442050895872.000000
74336882917376.000000
74231563943936.000000
74126320467968.000000
74021529976832.000000
73916722708480.000000
73811823165440.000000
73708056084480.000000
73604087676928.000000
73499775336448.000000
73396863893504.000000
73292341837824.000000
73189010964480.000000
73086007246848.000000
72983045472256.000000
72879379054592.000000
72777373581312.000000
72676106305536.000000
72574646091776.000000
72471868866560.000000
72370609979392.000000
72269166542848.000000
72168100593664.000000
72067823173632.000000
71967503810560.000000
71867159281664.000000
71766873473024.000000
71666872877056.000000
71566964555776.000000
71466821353472.000000
71368540422144.000000
71269571624960.000000
71169738801152.000000
71071407538176.000000
70972447129600.000000
70874468188160.000000
70775969153024.000000
70678057320448.000000
70579994492928.000000
70482225266688.000000
70384481206272.000000
70286892335104.000000
70190008107008.000000
70093396508672.000000
69996214484992.000000
69899737104384.000000
69803469438976.000000
69706564239360.000000
69610342711296.000000
69515115233280.000000
69419719983104.000000
69324911935488.000000
69229374078976.000000
69134746386432.000000
69040206774272.000000
68944769581056.000000
68850582290432.000000
68756978008064.000000
68662794911744.000000
68568972525568.000000
68475112390656.000000
68381545857024.000000
68288121929728.000000
68194387623936.000000
68101387321344.000000
68007783038976.000000
67915340578816.000000
67823132999680.000000
67731407765504.000000
67638881419264.000000
67546443153408.000000
67454747279360.000000
67363013656576.000000
67271787544576.000000
67180448186368.000000
67089641504768.000000
66998708994048.000000
66908372074496.000000
66817775108096.000000
66727350108160.000000
66637239681024.000000
66547888422912.000000
66457815744512.000000
66368690978816.000000
66279838842880.000000
66190730854400.000000
66103090872320.000000
66014335205376.000000
65925453709312.000000
65837499154432.000000
65749330690048.000000
65662064001024.000000
65573669044224.000000
65486045839360.000000
65398623961088.000000
65311667650560.000000
65224677785600.000000
65137188798464.000000
65050819690496.000000
64963884351488.000000
64877242613760.000000
64791225827328.000000
64704445677568.000000
64618093346816.000000
64532101726208.000000
64446378541056.000000
64360235925504.000000
64274508546048.000000
64189452255232.000000
64104672788480.000000
64019348062208.000000
63934816059392.000000
63850267279360.000000
63765676556288.000000
63681484292096.000000
63597220724736.000000
63512760025088.000000
63429561810944.000000
63346216796160.000000
63263408652288.000000
63180428541952.000000
63097008029696.000000
63013772066816.000000
62931081363456.000000
62848478740480.000000
62765909671936.000000
62683437072384.000000
62601698476032.000000
62519058104320.000000
62437877350400.000000
62355891290112.000000
62273640988672.000000
62192359571456.000000
62111141068800.000000
62029217923072.000000
61947982643200.000000
61867120656384.000000
61786971701248.000000
61706755637248.000000
61625872678912.000000
61545136521216.000000
61465717374976.000000
61386075930624.000000
61306631618560.000000
61227275386880.000000
61147055128576.000000
61068407734272.000000
60990062329856.000000
60910014038016.000000
60831479889920.000000
60753096736768.000000
60673958608896.000000
60595948748800.000000
60517427183616.000000
60438800760832.000000
60361168388096.000000
60282680377344.000000
60205446463488.000000
60127893782528.000000
60050160746496.000000
59973216239616.000000
59895839719424.000000
59818454810624.000000
59741246062592.000000
59664796483584.000000
59587646455808.000000
59511075241984.000000
59434415947776.000000
59357643407360.000000
59281458069504.000000
59205725716480.000000
59128462442496.000000
59053422149632.000000
58977933066240.000000
58902171353088.000000
58826640326656.000000
58751654559744.000000
58675838320640.000000
58601271984128.000000
58526684676096.000000
58451635994624.000000
58376742502400.000000
58302645927936.000000
58228394164224.000000
58153987211264.000000
58079991300096.000000
58006410625024.000000
57932385353728.000000
57858234253312.000000
57785513410560.000000
57711702048768.000000
57639283195904.000000
57565958373376.000000
57493099118592.000000
57420629934080.000000
57347800039424.000000
57274986921984.000000
57202878447616.000000
57130379902976.000000
57058695053312.000000
56986326532096.000000
56914985615360.000000
56843556618240.000000
56772098260992.000000
56700631515136.000000
56629533868032.000000
56557853212672.000000
56487376322560.000000
56416052183040.000000
56345533349888.000000
56273932386304.000000
56203744903168.000000
56132894720000.000000
56062950506496.000000
55992725274624.000000
55922982387712.000000
55853386301440.000000
55783358201856.000000
55714324152320.000000
55644371550208.000000
55575484301312.000000
55506202787840.000000
55437567197184.000000
55368453455872.000000
55299486515200.000000
55230691540992.000000
55162735427584.000000
55093483274240.000000
55025363582976.000000
54956774129664.000000
54888738324480.000000
54820224368640.000000
54753048395776.000000
54684614131712.000000
54616628658176.000000
54548680933376.000000
54481509154816.000000
54414450622464.000000
54345961832448.000000
54279381450752.000000
54212117397504.000000
54144563937280.000000
54077908058112.000000
54010581090304.000000
53943820353536.000000
53876703100928.000000
53810072387584.000000
53743601057792.000000
53677398163456.000000
53610931027968.000000
53544971403264.000000
53479733198848.000000
53412800495616.000000
53347348381696.000000
53282244395008.000000
53216754532352.000000
53150912348160.000000
53085586063360.000000
53020746317824.000000
52955281620992.000000
52889917587456.000000
52825308528640.000000
52760561057792.000000
52695545151488.000000
52631858839552.000000
52566729687040.000000
52502808494080.000000
52438811803648.000000
52374588620800.000000
52310566764544.000000
52245559246848.000000
52182506274816.000000
52118174040064.000000
52054936518656.000000
51990847553536.000000
51927203184640.000000
51863915331584.000000
51801315344384.000000
51737364791296.000000
51675008073728.000000
51612789768192.000000
51549699047424.000000
51487300386816.000000
51424582959104.000000
51361928445952.000000
51300007936000.000000
51238167117824.000000
51176200470528.000000
51113856335872.000000
51052204261376.000000
50990225031168.000000
50928631676928.000000
50867747160064.000000
50806447407104.000000
50745197985792.000000
50684296691712.000000
50623399591936.000000
50562557018112.000000
50502167429120.000000
50441530376192.000000
50381493108736.000000
50321409703936.000000
50261187887104.000000
50201435832320.000000
50140882665472.000000
50081394851840.000000
50021340807168.000000
49961383231488.000000
49901962526720.000000
49842294358016.000000
49782236119040.000000
49723255816192.000000
49664200015872.000000
49604846419968.000000
49545866117120.000000
49486403469312.000000
49427045679104.000000
49368698716160.000000
49310255284224.000000
49251384033280.000000
49192684748800.000000
49134962737152.000000
49076351533056.000000
49018042318848.000000
48959804407808.000000
48901805572096.000000
48844050006016.000000
48785556242432.000000
48727603544064.000000
48669948641280.000000
48612545396736.000000
48554697555968.000000
48496925212672.000000
48439660380160.000000
48382399741952.000000
48325365596160.000000
48267865882624.000000
48211255361536.000000
48154258964480.000000
48097287733248.000000
48039922237440.000000
47983873753088.000000
47926847995904.000000
47870585602048.000000
47813694062592.000000
47757482000384.000000
47700934393856.000000
47644508422144.000000
47588686430208.000000
47532201738240.000000
47476375552000.000000
47420356427776.000000
47364035313664.000000
47308171378688.000000
47252978532352.000000
47196623863808.000000
47141330354176.000000
47085667745792.000000
47030885941248.000000
46975621791744.000000
46920034680832.000000
46865315790848.000000
46810370408448.000000
46755236282368.000000
46700550946816.000000
46646704472064.000000
46591163498496.000000
46537568681984.000000
46483101450240.000000
46429141729280.000000
46374955515904.000000
46321197121536.000000
46267396784128.000000
46213432868864.000000
46159808692224.000000
46106276790272.000000
46052304486400.000000
45998906802176.000000
45945446203392.000000
45891587145728.000000
45838550171648.000000
45784993103872.000000
45731599613952.000000
45678671691776.000000
45625752158208.000000
45572815847424.000000
45520005365760.000000
45467312324608.000000
45414841581568.000000
45362379227136.000000
45309841375232.000000
45257207054336.000000
45205122187264.000000
45153091846144.000000
45100767903744.000000
45048527847424.000000
44996279402496.000000
44944488136704.000000
44892344549376.000000
44840955936768.000000
44789709930496.000000
44737167884288.000000
44686039318528.000000
44634289995776.000000
44583492780032.000000
44531663765504.000000
44480497451008.000000
44429318553600.000000
44378143850496.000000
44327405355008.000000
44276033519616.000000
44225232109568.000000
44174166458368.000000
44123759312896.000000
44072811102208.000000
44022521397248.000000
43972244275200.000000
43921019240448.000000
43871320932352.000000
43820989284352.000000
43771169341440.000000
43720812527616.000000
43670887727104.000000
43620476387328.000000
43570882936832.000000
43521079771136.000000
43471335325696.000000
43421628628992.000000
43372404277248.000000
43323033124864.000000
43273141878784.000000
43224299208704.000000
43174806421504.000000
43125699510272.000000
43076571627520.000000
43027552796672.000000
42978965979136.000000
42929594826752.000000
42880945094656.000000
42832563798016.000000
42783725322240.000000
42735218196480.000000
42687092752384.000000
42638761787392.000000
42590892195840.000000
42542783528960.000000
42494557421568.000000
42447048540160.000000
42399204114432.000000
42351246442496.000000
42303766921216.000000
42255301738496.000000
42208132595712.000000
42161231888384.000000
42113861419008.000000
42066260262912.000000
42018843656192.000000
41971322191872.000000
41924492787712.000000
41876933574656.000000
41830347440128.000000
41782796615680.000000
41735900102656.000000
41688978423808.000000
41642505535488.000000
41595504164864.000000
41549433929728.000000
41502629691392.000000
41456328769536.000000
41409931378688.000000
41363341049856.000000
41317249843200.000000
41271234134016.000000
41224782217216.000000
41179416625152.000000
41133300252672.000000
41087339069440.000000
41042032197632.000000
40996213620736.000000
40951162601472.000000
40905541156864.000000
40860129427456.000000
40815158099968.000000
40769851228160.000000
40724535967744.000000
40680302837760.000000
40634823999488.000000
40590305656832.000000
40545502101504.000000
40500224589824.000000
40455735607296.000000
40411057881088.000000
40366900248576.000000
40322197356544.000000
40277335080960.000000
40233445883904.000000
40188952707072.000000
40144564387840.000000
40100503224320.000000
40056349786112.000000
40012083101696.000000
39967904497664.000000
39924002717696.000000
39879949942784.000000
39835855224832.000000
39791978610688.000000
39748689199104.000000
39704657395712.000000
39660709478400.000000
39617600421888.000000
39573648310272.000000
39530258235392.000000
39486763302912.000000
39443327090688.000000
39399609860096.000000
39356421111808.000000
39313043619840.000000
39270488211456.000000
39226657734656.000000
39183955525632.000000
39141261705216.000000
39098123288576.000000
39055253307392.000000
39012551098368.000000
38969395904512.000000
38926622392320.000000
38884335419392.000000
38841641598976.000000
38799077801984.000000
38756388175872.000000
38714008928256.000000
38671713566720.000000
38629195907072.000000
38587508719616.000000
38544819093504.000000
38502850887680.000000
38460849127424.000000
38418763481088.000000
38377135013888.000000
38334537662464.000000
38292993081344.000000
38251226202112.000000
38209723564032.000000
38168199954432.000000
38126290468864.000000
38084750082048.000000
38043616542720.000000
38002382340096.000000
37961043279872.000000
37920043958272.000000
37878511960064.000000
37837177094144.000000
37796546871296.000000
37755027456000.000000
37714699223040.000000
37673355968512.000000
37632960626688.000000
37592078745600.000000
37551037480960.000000
37510688276480.000000
37469886087168.000000
37429457190912.000000
37388877299712.000000
37348330962944.000000
37308115976192.000000
37267951321088.000000
37227677614080.000000
37187164831744.000000
37147151171584.000000
37106646777856.000000
37066989633536.000000
37027038887936.000000
36986547077120.000000
36946550194176.000000
36906783997952.000000
36866858418176.000000
36827192885248.000000
36787200196608.000000
36747790516224.000000
36708166926336.000000
36668321038336.000000
36628731002880.000000
36589287768064.000000
36550360432640.000000
36510703288320.000000
36471624957952.000000
36432550821888.000000
36393573154816.000000
36354746482688.000000
36315940782080.000000
36277197996032.000000
36238685896704.000000
36200400289792.000000
36161431011328.000000
36123216707584.000000
36084729774080.000000
36046389641216.000000
36008368275456.000000
35970040725504.000000
35931868364800.000000
35893477900288.000000
35855414591488.000000
35817502277632.000000
35779573186560.000000
35741287579648.000000
35703635312640.000000
35665467146240.000000
35627605164032.000000
35590007422976.000000
35551939919872.000000
35514656751616.000000
35476366950400.000000
35439041839104.000000
35401267937280.000000
35363447898112.000000
35326240227328.000000
35288864784384.000000
35251585810432.000000
35214348779520.000000
35177227091968.000000
35140155736064.000000
35103258443776.000000
35066212253696.000000
35029119926272.000000
34992197468160.000000
34955262427136.000000
34918694387712.000000
34881832747008.000000
34845036118016.000000
34808667308032.000000
34771954565120.000000
34735237627904.000000
34698826874880.000000
34662288195584.000000
34626087157760.000000
34589498146816.000000
34553129336832.000000
34516775206912.000000
34480335093760.000000
34444299730944.000000
34408255979520.000000
34372210130944.000000
34335876972544.000000
34299770306560.000000
34263766401024.000000
34227913490432.000000
34192192700416.000000
34156343984128.000000
34120503656448.000000
34084608802816.000000
34049345191936.000000
34013548904448.000000
33978419511296.000000
33942950379520.000000
33907554648064.000000
33872018407424.000000
33837205684224.000000
33801587654656.000000
33766674268160.000000
33731263856640.000000
33696052674560.000000
33661510483968.000000
33626674692096.000000
33591901814784.000000
33556694827008.000000
33522488180736.000000
33487444770816.000000
33452724322304.000000
33418186326016.000000
33383683981312.000000
33349005475840.000000
33313989328896.000000
33280401342464.000000
33245274046464.000000
33211308572672.000000
33176627970048.000000
33142473752576.000000
33108116111360.000000
33073773150208.000000
33039985934336.000000
33005517144064.000000
32971302109184.000000
32937487630336.000000
32903287275520.000000
32869351161856.000000
32835515711488.000000
32801325842432.000000
32767421186048.000000
32733879336960.000000
32699748188160.000000
32666009206784.000000
32632165367808.000000
32598560604160.000000
32564888731648.000000
32531458031616.000000
32497473683456.000000
32464284155904.000000
32430511620096.000000
32397322092544.000000
32363761369088.000000
32330393583616.000000
32296788819968.000000
32263337148416.000000
32230281838592.000000
32196983259136.000000
32163636445184.000000
32130333671424.000000
32097087520768.000000
32064212566016.000000
32031117410304.000000
31998477336576.000000
31965482844160.000000
31932985376768.000000
31900179628032.000000
31867843641344.000000
31835220344832.000000
31803058421760.000000
31770735017984.000000
31738241744896.000000
31706002227200.000000
31674249248768.000000
31641758072832.000000
31609594052608.000000
31577492946944.000000
31545456852992.000000
31513594822656.000000
31481405636608.000000
31449560383488.000000
31417694158848.000000
31385978929152.000000
31353936543744.000000
31322210828288.000000
31290134888448.000000
31258725842944.000000
31227010613248.000000
31195161165824.000000
31164024750080.000000
31132064153600.000000
31100632039424.000000
31068944072704.000000
31037400809472.000000
31006142758912.000000
30974605787136.000000
30943263850496.000000
30912196640768.000000
30880913424384.000000
30849542127616.000000
30818577678336.000000
30787365765120.000000
30756292263936.000000
30724843372544.000000
30693847465984.000000
30663008845824.000000
30631987773440.000000
30600576630784.000000
30569769467904.000000
30539163631616.000000
30508299845632.000000
30477320716288.000000
30446136066048.000000
30416130015232.000000
30385169760256.000000
30354062704640.000000
30323807092736.000000
30293115273216.000000
30262645751808.000000
30027185913856.000000
28878867267584.000000
27420136570880.000000
25827735502848.000000
24199854817280.000000
22597095915520.000000
21056091848704.000000
19599351349248.000000
18238683480064.000000
16977918689280.000000
15818284859392.000000
14755715612672.000000
13785764986880.000000
12902048202752.000000
12098138537984.000000
11367309377536.000000
10703012364288.000000
10099390152704.000000
9550048526336.000000
