15504692352122880.000000
13782837815672832.000000
11403694369144832.000000
9958139373813760.000000
8445465850806272.000000
7370006039887872.000000
6416483571728384.000000
5508263881736192.000000
4814275549855744.000000
4226193326866432.000000
3730503903477760.000000
3482506586226688.000000
3399357361553408.000000
2530467492397056.000000
2442369123221504.000000
2007190286106624.000000
1822970548846592.000000
1628938824581120.000000
1464957241655296.000000
1484932731895808.000000
1413255633305600.000000
1111900326723584.000000
1104458020814848.000000
944361772679168.000000
876318484856832.000000
857846166061056.000000
857315267837952.000000
731437628129280.000000
687027666288640.000000
630698163568640.000000
653726972903424.000000
598607375892480.000000
748446571036672.000000
523304486043648.000000
648790646194176.000000
537062105153536.000000
513627354300416.000000
430124432359424.000000
413902844198912.000000
398959780560896.000000
385158205145088.000000
372391918174208.000000
481209914228736.000000
437369740197888.000000
339315938820096.000000
329742691598336.000000
321654597091328.000000
370663663599616.000000
315048870281216.000000
297083391180800.000000
336118402777088.000000
283460828659712.000000
295704941559808.000000
287864914968576.000000
293826296020992.000000
260257737605120.000000
300297301786624.000000
423607222140928.000000
245584652926976.000000
242146464497664.000000
236830268063744.000000
296431227240448.000000
230106698088448.000000
224964447830016.000000
230676519452672.000000
217767760363520.000000
218300839624704.000000
227487523012608.000000
215448092147712.000000
240064143556608.000000
221415630438400.000000
260581537873920.000000
232988252045312.000000
215887269330944.000000
278738461786112.000000
198796571049984.000000
202649207046144.000000
183028202602496.000000
180624967073792.000000
178284042125312.000000
222769786650624.000000
193151859949568.000000
188374463807488.000000
165235042287616.000000
163130374094848.000000
191211843354624.000000
151521547255808.000000
162170935443456.000000
155764001865728.000000
139248896311296.000000
144330027171840.000000
129624268865536.000000
125629269803008.000000
121783537631232.000000
118088892678144.000000
114542877081600.000000
130454078357504.000000
145463093231616.000000
104788452704256.000000
103510850928640.000000
135872867467264.000000
109593732579328.000000
95500426543104.000000
101855501746176.000000
125662388027392.000000
87502450851840.000000
98219962925056.000000
112101917982720.000000
87322892697600.000000
94293406515200.000000
100011165614080.000000
74962899566592.000000
167740518170624.000000
71717791727616.000000
70196760936448.000000
68762275414016.000000
67263222775808.000000
82776267161600.000000
64186499465216.000000
71568759717888.000000
86410623188992.000000
64353436958720.000000
61695644925952.000000
57772934692864.000000
88342360227840.000000
54402828206080.000000
53177353240576.000000
65589343158272.000000
50986630512640.000000
77157577523200.000000
62794451910656.000000
83019704565760.000000
52639236620288.000000
48812429148160.000000
66027329159168.000000
43983925411840.000000
46118171836416.000000
42325183037440.000000
54559481266176.000000
40780727058432.000000
48747983667200.000000
39343364243456.000000
53507101032448.000000
39870428872704.000000
51570825756672.000000
47696857530368.000000
38040399511552.000000
49026695168000.000000
35012164452352.000000
43187133480960.000000
34488774033408.000000
38121471213568.000000
32940532695040.000000
40812305973248.000000
32673147912192.000000
31541329657856.000000
32449776058368.000000
57533213442048.000000
38659264872448.000000
36115666960384.000000
38037803237376.000000
31712000081920.000000
30947518971904.000000
55816358985728.000000
27978578788352.000000
44565427912704.000000
28952292753408.000000
53524570308608.000000
44010706042880.000000
28404875264000.000000
37829157584896.000000
25717920235520.000000
34438025052160.000000
27123439894528.000000
35053363003392.000000
36675572989952.000000
24433999740928.000000
24047763062784.000000
27678476337152.000000
30602524884992.000000
26656771145728.000000
23208973565952.000000
43305047949312.000000
36716710723584.000000
105675397005312.000000
22121250029568.000000
21901395099648.000000
21685377957888.000000
21472896614400.000000
21264896884736.000000
33410821128192.000000
22059816058880.000000
21858497855488.000000
27998071816192.000000
20280095277056.000000
27576267440128.000000
33267881345024.000000
23004950036480.000000
25357965066240.000000
19525122654208.000000
19202530344960.000000
19033231458304.000000
19229629743104.000000
20026895630336.000000
19046766477312.000000
20783015395328.000000
34702767423488.000000
18900748075008.000000
30831045246976.000000
20726910287872.000000
20802351136768.000000
17480649015296.000000
18498940043264.000000
17197833388032.000000
19122641436672.000000
19635340574720.000000
16788836319232.000000
17887519571968.000000
16525689880576.000000
30431915278336.000000
16758644670464.000000
17210050347008.000000
19769531039744.000000
15897490096128.000000
16115026624512.000000
16003383689216.000000
26887380271104.000000
21670303629312.000000
35882178445312.000000
15853379649536.000000
18650222297088.000000
17315161702400.000000
15738948550656.000000
36618505289728.000000
15253037383680.000000
14552457543680.000000
15300231692288.000000
26010556825600.000000
14247315636224.000000
14648182046720.000000
30857737797632.000000
32342374612992.000000
30658996994048.000000
17445970509824.000000
13785591971840.000000
13776996794368.000000
27650743599104.000000
21146751729664.000000
15569145298944.000000
13220624465920.000000
16039392837632.000000
14115783311360.000000
13757159833600.000000
18688650510336.000000
13609800302592.000000
12712205615104.000000
12630712385536.000000
12549793775616.000000
16622654849024.000000
15220237926400.000000
17895727824896.000000
13658790821888.000000
21188843667456.000000
20494591983616.000000
12009315762176.000000
11935834701824.000000
16427982520320.000000
13829061738496.000000
24910564950016.000000
14437100552192.000000
13708249006080.000000
12259547938816.000000
35527357104128.000000
24033219313664.000000
11660811042816.000000
40483728392192.000000
14715458682880.000000
30405445025792.000000
17609508519936.000000
13343492407296.000000
14871946067968.000000
13135436054528.000000
26630313476096.000000
10729152315392.000000
11258366525440.000000
15769644564480.000000
75677961289728.000000
12418310733824.000000
33048376639488.000000
10372753915904.000000
10315160879104.000000
11401466740736.000000
11725632962560.000000
10145398521856.000000
19081734389760.000000
11839389827072.000000
28609060274176.000000
13289192947712.000000
10865898160128.000000
10121485746176.000000
9997014532096.000000
15518826233856.000000
9662376181760.000000
23169280770048.000000
13488626860032.000000
10594827632640.000000
11345590222848.000000
9409243643904.000000
12071362101248.000000
9956272111616.000000
10147808149504.000000
9214209556480.000000
13885776068608.000000
11410534825984.000000
24108637093888.000000
39725536641024.000000
8977466261504.000000
11261971529728.000000
9052533817344.000000
9140594278400.000000
9655983013888.000000
9581968228352.000000
8705552678912.000000
14917509840896.000000
9744812081152.000000
11559870922752.000000
10221213712384.000000
17327374467072.000000
9522038964224.000000
9664469139456.000000
15243656822784.000000
11011163684864.000000
11713169588224.000000
8795814625280.000000
19004867477504.000000
8161527857152.000000
8121883295744.000000
8082512412672.000000
11638232055808.000000
32397573750784.000000
7989827207168.000000
14651492401152.000000
12759566647296.000000
7853632913408.000000
9046444736512.000000
8979984941056.000000
9248901693440.000000
7706773553152.000000
8756936048640.000000
7635488210944.000000
15087068774400.000000
8369359290368.000000
7529672736768.000000
13806373699584.000000
7460728864768.000000
14470902448128.000000
12429526302720.000000
7359204687872.000000
7687525892096.000000
39128469078016.000000
8506800340992.000000
7227313225728.000000
24686173880320.000000
7328699514880.000000
7474084577280.000000
9485194100736.000000
12087401119744.000000
7811648454656.000000
12018554765312.000000
6974961876992.000000
7158263971840.000000
7180041846784.000000
9694007525376.000000
13864630484992.000000
6825079472128.000000
7143793098752.000000
9193740304384.000000
7494883082240.000000
9365567307776.000000
6680050925568.000000
6651849998336.000000
6623863504896.000000
20555998691328.000000
7201297006592.000000
8977861574656.000000
6512752197632.000000
8661643034624.000000
15757362593792.000000
6431666864128.000000
6788307484672.000000
6631180992512.000000
16841378365440.000000
6478267678720.000000
15039796871168.000000
8446839619584.000000
6248378400768.000000
8541800759296.000000
10520437456896.000000
6201976291328.000000
6147019374592.000000
19714245918720.000000
6097268113408.000000
6072706793472.000000
8584417509376.000000
6023965310976.000000
8112574038016.000000
6852988370944.000000
6717400154112.000000
5928507146240.000000
10943434063872.000000
7927631970304.000000
6628947525632.000000
11450485571584.000000
7931432534016.000000
14909391765504.000000
5776348282880.000000
9984377094144.000000
5721786155008.000000
5699577839616.000000
5804075253760.000000
6096754835456.000000
5633606680576.000000
9681569316864.000000
6318899331072.000000
5568968261632.000000
8526208434176.000000
5998071250944.000000
11802008092672.000000
5843478118400.000000
6070955147264.000000
7340994068480.000000
5581659701248.000000
18611196395520.000000
6144780140544.000000
9636955553792.000000
5696351895552.000000
7806379884544.000000
5341757571072.000000
5283237593088.000000
9177239912448.000000
7065851920384.000000
5567879839744.000000
7593559851008.000000
5319404552192.000000
13539523690496.000000
5149081731072.000000
11129925402624.000000
10904637800448.000000
5182358290432.000000
11661802995712.000000
8433947377664.000000
5656258019328.000000
5136139157504.000000
18086667223040.000000
5658733182976.000000
12556289703936.000000
6133210152960.000000
4999318339584.000000
10718204133376.000000
4896587251712.000000
5552726867968.000000
10023400898560.000000
5661015408640.000000
9341979590656.000000
9147201355776.000000
10378405740544.000000
5752091574272.000000
6067085377536.000000
4874355343360.000000
6723075047424.000000
6765453246464.000000
4695931748352.000000
5610335109120.000000
5687448961024.000000
5976178556928.000000
5578875731968.000000
4616419278848.000000
4600689065984.000000
14439387496448.000000
4773347065856.000000
13236862713856.000000
9268825686016.000000
5874013700096.000000
4508426436608.000000
4914477531136.000000
14706961022976.000000
7576268832768.000000
4448441597952.000000
4434143739904.000000
9403961966592.000000
6207006834688.000000
4389881249792.000000
4375460184064.000000
4361149743104.000000
4936817967104.000000
6386481627136.000000
4318249615360.000000
4657329995776.000000
4290164817920.000000
7501559889920.000000
11248146055168.000000
4248514592768.000000
8517907906560.000000
8330292494336.000000
4518468124672.000000
4193915240448.000000
5188572151808.000000
4530491621376.000000
9296671670272.000000
5534209015808.000000
12084705230848.000000
4114096324608.000000
16708749230080.000000
4088048386048.000000
4075135696896.000000
5428406124544.000000
4049510334464.000000
6319171960832.000000
4024459329536.000000
5856679690240.000000
5165705330688.000000
7565790412800.000000
4805345935360.000000
3962276937728.000000
3949778436096.000000
3937603682304.000000
6574871412736.000000
4889973882880.000000
3901460578304.000000
3889500520448.000000
3877735759872.000000
4462217265152.000000
3922000084992.000000
3979469914112.000000
7594162257920.000000
3819146575872.000000
3807531761664.000000
6140757278720.000000
3784802041856.000000
7920289841152.000000
12628807122944.000000
3750665388032.000000
4925432004608.000000
3783620820992.000000
5125480382464.000000
5107058999296.000000
4106467934208.000000
3684314382336.000000
3673363578880.000000
4777880059904.000000
4654411808768.000000
3640809750528.000000
15395434004480.000000
6201424740352.000000
11746374844416.000000
37099935891456.000000
9500177203200.000000
3577254248448.000000
3707475853312.000000
3662191525888.000000
4502034841600.000000
8194904031232.000000
4309841346560.000000
3597948157952.000000
3505264263168.000000
3522622914560.000000
3485120593920.000000
16568056545280.000000
3696928751616.000000
4075867340800.000000
3848015183872.000000
3764085850112.000000
3953908514816.000000
3415950491648.000000
9738708320256.000000
3396516446208.000000
6077603119104.000000
15718503415808.000000
3817072492544.000000
3630603698176.000000
4827620835328.000000
4128688046080.000000
9680577363968.000000
5676312035328.000000
9405290512384.000000
3302076186624.000000
3292835872768.000000
5441003192320.000000
3274468229120.000000
3637127151616.000000
3256306368512.000000
3864308219904.000000
3415143350272.000000
18614172254208.000000
4115227213824.000000
3569727832064.000000
3202611937280.000000
5418108059648.000000
5961354313728.000000
5891504472064.000000
3602139054080.000000
3254185885696.000000
3807699795968.000000
3495379599360.000000
3645830594560.000000
3462404243456.000000
5318888128512.000000
4593090035712.000000
6465951105024.000000
12297198108672.000000
5168674373632.000000
3074117861376.000000
11794716295168.000000
5569340506112.000000
3110000656384.000000
3041065172992.000000
3032968855552.000000
8059655553024.000000
4196777066496.000000
5451958190080.000000
5325178535936.000000
4843522490368.000000
2984745893888.000000
4712593096704.000000
5789969285120.000000
2961086349312.000000
3645865984000.000000
2945498218496.000000
8218246905856.000000
3068197863424.000000
19601691770880.000000
3810693742592.000000
10324449165312.000000
3272202256384.000000
4553332752384.000000
9825012416512.000000
2796503433216.000000
7839816876032.000000
2707483525120.000000
2561130102784.000000
2512992600064.000000
19545913819136.000000
2663310163968.000000
2371366420480.000000
2325730295808.000000
2602858446848.000000
5313066958848.000000
2194647416832.000000
2153190785024.000000
2644597014528.000000
2298120765440.000000
2557863002112.000000
2012831547392.000000
2689431240704.000000
2666347364352.000000
2935890378752.000000
1904627154944.000000
2597925683200.000000
2595662331904.000000
2553066029056.000000
1744641458176.000000
4467820331008.000000
11474510544896.000000
9097853272064.000000
6398871601152.000000
2890420191232.000000
3835851964416.000000
1937284923392.000000
1930669588480.000000
2935175512064.000000
2039744954368.000000
9588549091328.000000
2061997178880.000000
7072144949248.000000
2106988167168.000000
1799863009280.000000
1648807510016.000000
5199380873216.000000
1361532420096.000000
1345580433408.000000
5093268127744.000000
2845961355264.000000
3037182558208.000000
1285706219520.000000
2194744410112.000000
1257950674944.000000
2070417768448.000000
1575196295168.000000
1361486938112.000000
9341325279232.000000
2293723824128.000000
1914462535680.000000
1238339682304.000000
2434458976256.000000
1280669253632.000000
2815690539008.000000
1935191310336.000000
7552451477504.000000
1105815273472.000000
2480922951680.000000
2981086887936.000000
1076320927744.000000
1586634031104.000000
1728045645824.000000
1143610015744.000000
4651790893056.000000
2399672991744.000000
3888556277760.000000
1978298662912.000000
1056899989504.000000
997499338752.000000
989523214336.000000
981672525824.000000
4136166227968.000000
966396477440.000000
958935662592.000000
1068874924032.000000
1073018765312.000000
3050717052928.000000
930343354368.000000
2180485218304.000000
916704133120.000000
3069556817920.000000
1372526215168.000000
2829473546240.000000
1708712001536.000000
1739762827264.000000
1439141199872.000000
1574631899136.000000
2729798270976.000000
860281831424.000000
1249731018752.000000
848773709824.000000
5765985730560.000000
845957955584.000000
2900360953856.000000
826578501632.000000
1691861123072.000000
3571094913024.000000
1231046049792.000000
1627716321280.000000
800454410240.000000
2101919350784.000000
934987956224.000000
2054038749184.000000
1906271059968.000000
1808830300160.000000
771313172480.000000
1030490750976.000000
792224464896.000000
757629255680.000000
892128067584.000000
748634046464.000000
744270069760.000000
4429077020672.000000
1801827385344.000000
3159984439296.000000
727252992000.000000
1608667103232.000000
1892161683456.000000
740197400576.000000
1003461541888.000000
1042929025024.000000
703194136576.000000
1935151726592.000000
767579389952.000000
809210216448.000000
764930490368.000000
948119207936.000000
1009575788544.000000
677142200320.000000
754258345984.000000
1985534230528.000000
666540769280.000000
1850018627584.000000
659656736768.000000
676278042624.000000
1706229235712.000000
2236219392000.000000
4466267389952.000000
819300663296.000000
859446575104.000000
3550729469952.000000
622041563136.000000
606629658624.000000
589748174848.000000
572099395584.000000
554213834752.000000
1151959040000.000000
1517217513472.000000
585830891520.000000
707230498816.000000
2789244928000.000000
3043048554496.000000
2632198914048.000000
570712129536.000000
412957540352.000000
400560816128.000000
1516289654784.000000
424013266944.000000
2046887460864.000000
373841657856.000000
551460536320.000000
411261075456.000000
525903396864.000000
908286492672.000000
1941236088832.000000
952400347136.000000
486651035648.000000
871492812800.000000
2524124020736.000000
283380252672.000000
770349465600.000000
272740876288.000000
267844878336.000000
1360221437952.000000
1873076289536.000000
416778878976.000000
1278238261248.000000
246726754304.000000
264264220672.000000
328334114816.000000
2949030084608.000000
882082775040.000000
227880681472.000000
224054050816.000000
314931675136.000000
378382680064.000000
213084995584.000000
240108535808.000000
206280867840.000000
1157800001536.000000
1022426742784.000000
197626200064.000000
296207581184.000000
190837211136.000000
1891439738880.000000
429105119232.000000
221361520640.000000
1517033619456.000000
177510203392.000000
2062663680000.000000
172690341888.000000
170384031744.000000
184706367488.000000
958427299840.000000
307649642496.000000
2092043206656.000000
274708955136.000000
157829300224.000000
5486908276736.000000
171683512320.000000
435947208704.000000
413056696320.000000
148785856512.000000
235149901824.000000
1312643088384.000000
389034213376.000000
1487613460480.000000
272405594112.000000
750926168064.000000
138865737728.000000
500880048128.000000
354379005952.000000
172345507840.000000
132416995328.000000
175524741120.000000
184684281856.000000
177411620864.000000
148627292160.000000
126217281536.000000
125054148608.000000
249900515328.000000
1169574854656.000000
301666402304.000000
120622333952.000000
153486786560.000000
462016544768.000000
573174185984.000000
122964475904.000000
1015451877376.000000
118012944384.000000
113657044992.000000
117652340736.000000
722003558400.000000
440169463808.000000
247206445056.000000
109459324928.000000
1747573538816.000000
186076233728.000000
109055639552.000000
523287265280.000000
107495178240.000000
104296783872.000000
844564791296.000000
135406174208.000000
126433566720.000000
134700048384.000000
2045461790720.000000
232980201472.000000
108753117184.000000
1652783710208.000000
146217582592.000000
750433992704.000000
131500138496.000000
118805700608.000000
136302247936.000000
307202719744.000000
205403291648.000000
538560823296.000000
215037739008.000000
114008965120.000000
320690585600.000000
1264286302208.000000
103861714944.000000
277945319424.000000
438601711616.000000
303589588992.000000
131550134272.000000
91279630336.000000
190666883072.000000
155850899456.000000
355313319936.000000
85450891264.000000
721685839872.000000
139895832576.000000
256909279232.000000
191579455488.000000
257347895296.000000
82510233600.000000
92521291776.000000
125835059200.000000
82121089024.000000
80641507328.000000
80190939136.000000
79745974272.000000
144152264704.000000
78890369024.000000
78444199936.000000
382890672128.000000
199818379264.000000
138561798144.000000
83646259200.000000
76358615040.000000
75955625984.000000
96119209984.000000
75188150272.000000
76171894784.000000
1685519859712.000000
78075281408.000000
185837191168.000000
588200804352.000000
1479051706368.000000
72512937984.000000
409339887616.000000
782540865536.000000
151215112192.000000
181533229056.000000
285744431104.000000
70386294784.000000
70044033024.000000
448043286528.000000
183031988224.000000
95042781184.000000
255496929280.000000
146768445440.000000
310570614784.000000
67738603520.000000
260420026368.000000
71475994624.000000
132375166976.000000
66497339392.000000
66196729856.000000
526738882560.000000
440912248832.000000
1121275215872.000000
112644612096.000000
106260004864.000000
95997485056.000000
457284288512.000000
63832772608.000000
89638944768.000000
64449150976.000000
71757873152.000000
2667490574336.000000
134650806272.000000
1018908246016.000000
61930889216.000000
70571220992.000000
61401579520.000000
61119676416.000000
279347167232.000000
60604469248.000000
60349775872.000000
80034742272.000000
638621450240.000000
71289995264.000000
99166961664.000000
59104559104.000000
122987905024.000000
88019009536.000000
855567564800.000000
67157344256.000000
151714463744.000000
84337999872.000000
62810112000.000000
57215811584.000000
518621822976.000000
1281114767360.000000
868630003712.000000
109107855360.000000
72130027520.000000
55874641920.000000
332113412096.000000
166928400384.000000
309701181440.000000
55014076416.000000
54807916544.000000
64303099904.000000
54384881664.000000
82888081408.000000
75974803456.000000
1482228236288.000000
1089307344896.000000
1915245166592.000000
81068007424.000000
93956358144.000000
52785946624.000000
52588064768.000000
149884960768.000000
61908439040.000000
367887548416.000000
64542056448.000000
59927556096.000000
155344240640.000000
240074915840.000000
51065749504.000000
54856527872.000000
57865080832.000000
1458107842560.000000
50340626432.000000
90737688576.000000
57131364352.000000
289664434176.000000
69632368640.000000
564810809344.000000
518794313728.000000
418484420608.000000
614110527488.000000
48778387456.000000
132919754752.000000
913325096960.000000
48278880256.000000
259208839168.000000
1020350431232.000000
51198738432.000000
47627448320.000000
554008838144.000000
1439347900416.000000
156237676544.000000
83924221952.000000
46833102848.000000
107618213888.000000
633107120128.000000
53398294528.000000
361894936576.000000
106735321088.000000
163359391744.000000
45775716352.000000
827448950784.000000
111518785536.000000
45337481216.000000
55186448384.000000
77056196608.000000
46424145920.000000
493836238848.000000
128098795520.000000
77978304512.000000
44329234432.000000
409335103488.000000
597877850112.000000
201537781760.000000
1210900283392.000000
562227380224.000000
43486167040.000000
43350650880.000000
122952712192.000000
306815664128.000000
48824483840.000000
645211422720.000000
42695344128.000000
103284506624.000000
73915244544.000000
368479830016.000000
42166984704.000000
42038448128.000000
74294788096.000000
315295432704.000000
43177246720.000000
41538637824.000000
207481044992.000000
41289400320.000000
179060228096.000000
577127710720.000000
136271880192.000000
675061956608.000000
784441737216.000000
48579428352.000000
151567532032.000000
40337743872.000000
81316495360.000000
41621078016.000000
50499366912.000000
79872606208.000000
99073392640.000000
704254836736.000000
39510188032.000000
300403097600.000000
39285518336.000000
39171735552.000000
39059726336.000000
59016855552.000000
38838128640.000000
38736371712.000000
57389367296.000000
215291281408.000000
114500329472.000000
38294605824.000000
447167725568.000000
38694006784.000000
37974675456.000000
226079047680.000000
153508298752.000000
72341291008.000000
37555748864.000000
381476405248.000000
37357002752.000000
37248143360.000000
37149089792.000000
41349939200.000000
39568515072.000000
308768243712.000000
36749365248.000000
36656656384.000000
120168480768.000000
40474259456.000000
185923764224.000000
36276850688.000000
243817971712.000000
39502921728.000000
355498360832.000000
35866402816.000000
887957487616.000000
35683381248.000000
35586056192.000000
95179628544.000000
35395362816.000000
35677310976.000000
128292323328.000000
70094225408.000000
201769385984.000000
48237883392.000000
75892260864.000000
37536194560.000000
41856528384.000000
295788937216.000000
41298620416.000000
526270857216.000000
34309404672.000000
100026384384.000000
42094772224.000000
263030505472.000000
52697116672.000000
33874761728.000000
54990471168.000000
33703665664.000000
447761711104.000000
272907632640.000000
33449676800.000000
799758286848.000000
41155919872.000000
129360576512.000000
50347147264.000000
323522199552.000000
32952313856.000000
32874717184.000000
32790317056.000000
32708005888.000000
70624575488.000000
32547215360.000000
1862402965504.000000
56987795456.000000
33425715200.000000
37930598400.000000
90527956992.000000
73273524224.000000
31997112320.000000
84537745408.000000
415401312256.000000
102033448960.000000
673054851072.000000
32021129216.000000
31535288320.000000
74201341952.000000
31389673472.000000
31313344512.000000
180354023424.000000
31169417216.000000
31090857984.000000
605837459456.000000
301787185152.000000
30867468288.000000
451061972992.000000
71541350400.000000
648722055168.000000
30578305024.000000
30512750592.000000
137514172416.000000
273569497088.000000
40562999296.000000
67314733056.000000
95832858624.000000
30084075520.000000
30014533632.000000
29946370048.000000
1126038634496.000000
29807917056.000000
40300740608.000000
552723677184.000000
38377938944.000000
34398638080.000000
52971143168.000000
271577219072.000000
30381449216.000000
1073139613696.000000
55306559488.000000
143902048256.000000
29077415936.000000
29005996032.000000
33271386112.000000
338838126592.000000
777745072128.000000
29135265792.000000
44054515712.000000
230881656832.000000
28595656704.000000
30174947328.000000
28448038912.000000
65384710144.000000
428921323520.000000
28240908288.000000
358394003456.000000
129573781504.000000
258299412480.000000
306001608704.000000
113186562048.000000
27871522816.000000
27815962624.000000
27754475520.000000
27690037248.000000
28449456128.000000
45466910720.000000
365954727936.000000
222135205888.000000
151495901184.000000
492762103808.000000
45750906880.000000
49553530880.000000
43174481920.000000
403755401216.000000
53506646016.000000
36582539264.000000
26926876672.000000
31161810944.000000
154891157504.000000
27189223424.000000
26699309056.000000
26877048832.000000
81220935680.000000
651582832640.000000
41863651328.000000
26419736576.000000
26380808192.000000
1434624983040.000000
33671108608.000000
76360835072.000000
27883157504.000000
26097029120.000000
65773846528.000000
492817383424.000000
42596741120.000000
330233020416.000000
266111008768.000000
37564706816.000000
45312172032.000000
34620383232.000000
25613481984.000000
62625431552.000000
25519644672.000000
25457743872.000000
41253478400.000000
31179460608.000000
26209603584.000000
25248827392.000000
527790604288.000000
28572475392.000000
40245661696.000000
102287384576.000000
119255187456.000000
39529164800.000000
24904620032.000000
278714908672.000000
67147862016.000000
346529562624.000000
24693913600.000000
24644706304.000000
616683208704.000000
31667847168.000000
107391606784.000000
380834807808.000000
24401143808.000000
24352727040.000000
27716743168.000000
623097348096.000000
109324935168.000000
29900640256.000000
169065922560.000000
36686426112.000000
24021395456.000000
117116624896.000000
23926802432.000000
23878758400.000000
825988415488.000000
23785951232.000000
440782159872.000000
49831100416.000000
23654107136.000000
23602094080.000000
232854732800.000000
40469245952.000000
23465764864.000000
85487599616.000000
23379386368.000000
23330783232.000000
23286106112.000000
23242854400.000000
2307506831360.000000
78139981824.000000
133415460864.000000
23064875008.000000
23021780992.000000
72478695424.000000
38402117632.000000
241162584064.000000
1406926716928.000000
32861007872.000000
22772426752.000000
22718507008.000000
22678140928.000000
22632923136.000000
22590582784.000000
689994530816.000000
36907253760.000000
115415146496.000000
87261216768.000000
22380025856.000000
35381829632.000000
125984219136.000000
395973951488.000000
66466471936.000000
31841878016.000000
57963384832.000000
87068327936.000000
50961334272.000000
22290565120.000000
26048980992.000000
45507076096.000000
21980491776.000000
23810099200.000000
21825822720.000000
89393233920.000000
145762385920.000000
21689427968.000000
38603694080.000000
250012221440.000000
21571399680.000000
21532239872.000000
52611366912.000000
45592621056.000000
82805792768.000000
256497614848.000000
76202418176.000000
71377985536.000000
34203484160.000000
26498541568.000000
21185228800.000000
234022780928.000000
37726830592.000000
83446095872.000000
32291799040.000000
26673647616.000000
918310289408.000000
21709797376.000000
184853774336.000000
29852243968.000000
211329499136.000000
679118897152.000000
35326435328.000000
20700241920.000000
48061308928.000000
55487311872.000000
562147753984.000000
26130931712.000000
151783178240.000000
217283690496.000000
77108994048.000000
37955145728.000000
41271853056.000000
23712600064.000000
20314195968.000000
311928848384.000000
51896647680.000000
34676436992.000000
35833581568.000000
44864126976.000000
31990091776.000000
20060119040.000000
49867153408.000000
140674744320.000000
19956248576.000000
19921989632.000000
31062421504.000000
19852453888.000000
210371051520.000000
19784321024.000000
225646051328.000000
33707413504.000000
36115689472.000000
365644677120.000000
41340526592.000000
19582328832.000000
23963383808.000000
490680614912.000000
19487418368.000000
125166239744.000000
19419138048.000000
50403508224.000000
23557294080.000000
24668291072.000000
61455777792.000000
38225301504.000000
174630846464.000000
19193927680.000000
19156643840.000000
19125571584.000000
19220195328.000000
24443142144.000000
29440999424.000000
197519261696.000000
30724698112.000000
152979570688.000000
239752544256.000000
45274349568.000000
596189708288.000000
248208195584.000000
19975657472.000000
221689970688.000000
18714896384.000000
30866051072.000000
18653255680.000000
18634993664.000000
20046110720.000000
18561333248.000000
18532960256.000000
122751139840.000000
99150839808.000000
18439776256.000000
40941723648.000000
36500824064.000000
18354870272.000000
35654778880.000000
18289649664.000000
19678068736.000000
50050310144.000000
191669485568.000000
43178307584.000000
33271531520.000000
26041024512.000000
18083170304.000000
181656666112.000000
18024669184.000000
515411443712.000000
151115677696.000000
245099184128.000000
24545548288.000000
17882875904.000000
17851625472.000000
17824501760.000000
352963264512.000000
18758533120.000000
246526115840.000000
58827792384.000000
60331835392.000000
29361125376.000000
147852279808.000000
283848245248.000000
45299990528.000000
17772118016.000000
127633801216.000000
17487204352.000000
202682302464.000000
588076941312.000000
17404739584.000000
201130393600.000000
129141366784.000000
383773376512.000000
20069814272.000000
24454023168.000000
290736537600.000000
75645542400.000000
141708132352.000000
42252693504.000000
17131455488.000000
17104845824.000000
36120571904.000000
25258465280.000000
17024951296.000000
32451338240.000000
16981015552.000000
16945800192.000000
16919856128.000000
29221896192.000000
21593905152.000000
391465140224.000000
16815096832.000000
20524761088.000000
16771373056.000000
21193349120.000000
83584712704.000000
16685969408.000000
20166803456.000000
17000393728.000000
16609300480.000000
24367532032.000000
236646137856.000000
16556924928.000000
22232725504.000000
42623709184.000000
91675033600.000000
25103431680.000000
43173634048.000000
17389127680.000000
89809854464.000000
17941571584.000000
137081135104.000000
38941515776.000000
135715856384.000000
29325049856.000000
1449216180224.000000
16190059520.000000
30389899264.000000
16143781888.000000
19320817664.000000
24624642048.000000
67365150720.000000
339319685120.000000
20220956672.000000
66168418304.000000
18942586880.000000
46015885312.000000
15920289792.000000
20889210880.000000
15877195776.000000
16522980352.000000
45669523456.000000
17662287872.000000
181224931328.000000
369820663808.000000
404598358016.000000
67711410176.000000
507960623104.000000
15662169088.000000
15639029760.000000
137263095808.000000
16860649472.000000
29166698496.000000
35138150400.000000
240636166144.000000
176564731904.000000
47316381696.000000
21312536576.000000
211521388544.000000
442096484352.000000
22190174208.000000
15365561344.000000
94315593728.000000
49399099392.000000
44166991872.000000
561648107520.000000
15254001664.000000
15234202624.000000
48903987200.000000
15187656704.000000
15166852096.000000
113821057024.000000
123673198592.000000
15136538624.000000
20528050176.000000
29010466816.000000
62630416384.000000
15013145600.000000
16408678400.000000
54084136960.000000
20647550976.000000
33765156864.000000
33804361728.000000
14893378560.000000
14862751744.000000
16036563968.000000
129398030336.000000
14801480704.000000
41243688960.000000
14832050176.000000
22218014720.000000
488400977920.000000
15889238016.000000
75220467712.000000
14652085248.000000
48467075072.000000
16783912960.000000
20999286784.000000
20020742144.000000
95332319232.000000
207896805376.000000
14519240704.000000
14486914048.000000
47145336832.000000
272120184832.000000
22448390144.000000
136769150976.000000
15581731840.000000
186538180608.000000
351957155840.000000
19604271104.000000
17529894912.000000
26193502208.000000
122217250816.000000
14245563392.000000
14230582272.000000
14205244416.000000
97983217664.000000
475151040512.000000
372672954368.000000
212758675456.000000
96543727616.000000
18449768448.000000
14067454976.000000
346957643776.000000
31613587456.000000
277136801792.000000
337103716352.000000
14165045248.000000
13951122432.000000
238643118080.000000
13915025408.000000
88838324224.000000
203912380416.000000
302092517376.000000
168316731392.000000
13818202112.000000
696309514240.000000
13779360768.000000
13760688128.000000
481391280128.000000
13723538432.000000
66469720064.000000
36742799360.000000
34427551744.000000
13648964608.000000
26098855936.000000
177396695040.000000
13592548352.000000
26086952960.000000
901689901056.000000
217411026944.000000
19942526976.000000
13508708352.000000
53378359296.000000
13470065664.000000
178051710976.000000
420117413888.000000
16093985792.000000
13559632896.000000
15985091584.000000
13355318272.000000
31039987712.000000
13327197184.000000
250403635200.000000
22719754240.000000
633054494720.000000
13248226304.000000
13234479104.000000
47712604160.000000
109654589440.000000
417273217024.000000
19735728128.000000
26923079680.000000
20140107776.000000
13110867968.000000
16578159616.000000
298156326912.000000
13055114240.000000
212636876800.000000
225303003136.000000
64629116928.000000
493626490880.000000
35021664256.000000
12951593984.000000
12934392832.000000
399067840512.000000
28647108608.000000
17776439296.000000
99032113152.000000
100991164416.000000
34709147648.000000
12815616000.000000
12810877952.000000
543576981504.000000
16154653696.000000
312345427968.000000
40333889536.000000
12718362624.000000
19189911552.000000
449969291264.000000
102017048576.000000
20945029120.000000
91739209728.000000
85326053376.000000
63949778944.000000
59461615616.000000
71305601024.000000
18970562560.000000
13122140160.000000
73602793472.000000
12501596160.000000
12485332992.000000
51860766720.000000
52832649216.000000
19037102080.000000
21665787904.000000
12405570560.000000
12676501504.000000
57686089728.000000
62816342016.000000
12340723712.000000
18872459264.000000
12309003264.000000
16035470336.000000
52917940224.000000
34969681920.000000
261330173952.000000
12633647104.000000
12214579200.000000
13702332416.000000
170423697408.000000
57118302208.000000
465970593792.000000
12136712192.000000
31159222272.000000
409652199424.000000
22145470464.000000
12416430080.000000
91979972608.000000
21161787392.000000
12029106176.000000
25026695168.000000
11998456832.000000
33571184640.000000
116236509184.000000
126448992256.000000
269779402752.000000
21320212480.000000
47869313024.000000
205800210432.000000
383933153280.000000
12520348672.000000
13964670976.000000
120283234304.000000
41860399104.000000
16276573184.000000
11788297216.000000
14346165248.000000
772522901504.000000
127034785792.000000
13294849024.000000
12758013952.000000
11702324224.000000
208793731072.000000
15567803392.000000
116575985664.000000
22750048256.000000
23258144768.000000
21034706944.000000
46643347456.000000
31393581056.000000
11569210368.000000
111347752960.000000
13021147136.000000
28896813056.000000
15595059200.000000
11497603072.000000
59024519168.000000
82036867072.000000
56579735552.000000
16757248000.000000
11428228096.000000
83667484672.000000
167792754688.000000
26153949184.000000
21012328448.000000
90541154304.000000
17026354176.000000
11448209408.000000
211218284544.000000
203716919296.000000
11288010752.000000
11273412608.000000
11259910144.000000
30420307968.000000
26745100288.000000
54773993472.000000
11204248576.000000
13101770752.000000
166517276672.000000
108757901312.000000
14842507264.000000
11136584704.000000
22331035648.000000
39086149632.000000
11095314432.000000
418695839744.000000
17073172480.000000
26410160128.000000
675208298496.000000
11028143104.000000
26811000832.000000
53119107072.000000
70501122048.000000
339635372032.000000
10964998144.000000
241697456128.000000
27397146624.000000
138742136832.000000
342154739712.000000
10895679488.000000
10991835136.000000
11080068096.000000
11687241728.000000
11830011904.000000
10830704640.000000
30736764928.000000
269538557952.000000
10791511040.000000
10780702720.000000
10765585408.000000
16340348928.000000
10739816448.000000
86131187712.000000
101817368576.000000
10703362048.000000
10688547840.000000
10675817472.000000
136393490432.000000
10650362880.000000
35910279168.000000
10628567040.000000
10612454400.000000
67423694848.000000
524050006016.000000
10574703616.000000
13103859712.000000
22178291712.000000
19246678016.000000
12707903488.000000
10513904640.000000
23669358592.000000
59099373568.000000
13392261120.000000
125988143104.000000
84408049664.000000
21385912320.000000
10425910272.000000
12286319616.000000
14035493888.000000
45483802624.000000
90541015040.000000
244188020736.000000
118498828288.000000
96983171072.000000
19377534976.000000
14642659328.000000
10304000000.000000
389726273536.000000
94627250176.000000
28373266432.000000
10258484224.000000
34355175424.000000
23924928512.000000
11008096256.000000
12039921664.000000
10196286464.000000
10188737536.000000
133076566016.000000
74691100672.000000
237029261312.000000
46911254528.000000
208867753984.000000
193124794368.000000
13221287936.000000
24430424064.000000
28697221120.000000
47314395136.000000
10055438336.000000
10047191040.000000
14637860864.000000
587592105984.000000
10902903808.000000
9997387776.000000
36314693632.000000
9974414336.000000
16524674048.000000
219822194688.000000
143736619008.000000
34782339072.000000
17437634560.000000
10630941696.000000
79608283136.000000
18494164992.000000
127304916992.000000
12151018496.000000
83739541504.000000
21748670464.000000
77745848320.000000
22946572288.000000
23881437184.000000
9795096576.000000
243051151360.000000
11032761344.000000
49821990912.000000
29865967616.000000
12018608128.000000
9360772096.000000
13204822016.000000
11429563392.000000
84495785984.000000
8248728576.000000
7916450304.000000
8126550528.000000
31803408384.000000
35049467904.000000
55175622656.000000
11480822784.000000
9264889856.000000
167879360512.000000
6548495360.000000
14406084608.000000
74565328896.000000
5347699200.000000
39197712384.000000
15389164544.000000
13682540544.000000
5257490432.000000
19117228032.000000
5021342720.000000
6033867264.000000
9760399360.000000
5312400896.000000
4373573632.000000
7753686016.000000
4350992896.000000
4204347136.000000
25934299136.000000
20743845888.000000
90889338880.000000
4050678528.000000
4678891008.000000
4785609216.000000
15884346368.000000
17088249856.000000
5801168384.000000
9656213504.000000
75803516928.000000
6164170240.000000
8333188608.000000
4035631104.000000
15871120384.000000
18200309760.000000
3677999104.000000
6428313600.000000
13378647040.000000
