59424562719976834090401792.000000
59425180685903303360380928.000000
59425093063868953240010752.000000
59424562719976834090401792.000000
59424562719976834090401792.000000
59424562719976834090401792.000000
59424562719976834090401792.000000
59424645730325165783384064.000000
59424562719976834090401792.000000
59424608836837018364280832.000000
59424562719976834090401792.000000
59424562719976834090401792.000000
59424825586079884451512320.000000
59425070005438861103071232.000000
59424562719976834090401792.000000
59424714905615442194202624.000000
59424562719976834090401792.000000
59424562719976834090401792.000000
59425259084565616625975296.000000
59424562719976834090401792.000000
59415044200034799961767936.000000
59415044200034799961767936.000000
59415076481836928953483264.000000
59415044200034799961767936.000000
59415076481836928953483264.000000
59415044200034799961767936.000000
59415048811720818389155840.000000
59415058035092855243931648.000000
59415044200034799961767936.000000
59415196385673408065568768.000000
59415117987011094799974400.000000
59415062646778873671319552.000000
59415044200034799961767936.000000
59415237890847573912059904.000000
59415316289509887177654272.000000
59415237890847573912059904.000000
59415044200034799961767936.000000
59415044200034799961767936.000000
59415330124567942459817984.000000
59415044200034799961767936.000000
59415044200034799961767936.000000
59415044200034799961767936.000000
59415044200034799961767936.000000
59415081093522947380871168.000000
59415044200034799961767936.000000
59415058035092855243931648.000000
59415044200034799961767936.000000
59415044200034799961767936.000000
59415044200034799961767936.000000
59415044200034799961767936.000000
59415053423406836816543744.000000
59415044200034799961767936.000000
59415044200034799961767936.000000
59415044200034799961767936.000000
59415044200034799961767936.000000
59415196385673408065568768.000000
59415394688172200443248640.000000
59415588378984974393540608.000000
59415085705208965808259072.000000
59415205609045444920344576.000000
59415094928581002663034880.000000
59415062646778873671319552.000000
59415044200034799961767936.000000
59415044200034799961767936.000000
59415173327243315928629248.000000
59415353182998034596757504.000000
59415044200034799961767936.000000
59415320901195905605042176.000000
59415044200034799961767936.000000
59415417746602292580188160.000000
59415141045441186936913920.000000
59415159492185260646465536.000000
59415044200034799961767936.000000
59415200997359426492956672.000000
59415085705208965808259072.000000
59415044200034799961767936.000000
59415053423406836816543744.000000
59415053423406836816543744.000000
59415053423406836816543744.000000
59415044200034799961767936.000000
59415044200034799961767936.000000
59415044200034799961767936.000000
59415127210383131654750208.000000
59415122598697113227362304.000000
59415071870150910526095360.000000
59415044200034799961767936.000000
59415048811720818389155840.000000
59415044200034799961767936.000000
59415048811720818389155840.000000
59415136433755168509526016.000000
59415044200034799961767936.000000
59415044200034799961767936.000000
59415044200034799961767936.000000
59415076481836928953483264.000000
59415058035092855243931648.000000
59415044200034799961767936.000000
59415044200034799961767936.000000
59415085705208965808259072.000000
59415044200034799961767936.000000
59415044200034799961767936.000000
59415099540267021090422784.000000
59415150268813223791689728.000000
59415044200034799961767936.000000
59415099540267021090422784.000000
59415044200034799961767936.000000
59415058035092855243931648.000000
59415048811720818389155840.000000
59415044200034799961767936.000000
59415044200034799961767936.000000
59415044200034799961767936.000000
59415090316894984235646976.000000
59415044200034799961767936.000000
59415154880499242219077632.000000
59415044200034799961767936.000000
59415085705208965808259072.000000
59415044200034799961767936.000000
59415067258464892098707456.000000
59415237890847573912059904.000000
59415071870150910526095360.000000
59415044200034799961767936.000000
59415044200034799961767936.000000
59415067258464892098707456.000000
59415085705208965808259072.000000
59415104151953039517810688.000000
59415044200034799961767936.000000
59415044200034799961767936.000000
59415044200034799961767936.000000
59415099540267021090422784.000000
59415044200034799961767936.000000
59415048811720818389155840.000000
59415044200034799961767936.000000
59415044200034799961767936.000000
59415044200034799961767936.000000
59415044200034799961767936.000000
59415044200034799961767936.000000
59415044200034799961767936.000000
59415044200034799961767936.000000
59415048811720818389155840.000000
59415062646778873671319552.000000
59415071870150910526095360.000000
59415173327243315928629248.000000
59415044200034799961767936.000000
59415044200034799961767936.000000
59415058035092855243931648.000000
59415071870150910526095360.000000
59415122598697113227362304.000000
59415044200034799961767936.000000
59415071870150910526095360.000000
59415044200034799961767936.000000
59415044200034799961767936.000000
59415108763639057945198592.000000
59415044200034799961767936.000000
59415044200034799961767936.000000
59415044200034799961767936.000000
59415044200034799961767936.000000
59415044200034799961767936.000000
59415044200034799961767936.000000
59415044200034799961767936.000000
59415044200034799961767936.000000
59415048811720818389155840.000000
59415044200034799961767936.000000
59415044200034799961767936.000000
59415081093522947380871168.000000
59415044200034799961767936.000000
59415044200034799961767936.000000
59415141045441186936913920.000000
59415122598697113227362304.000000
59415154880499242219077632.000000
59415090316894984235646976.000000
59415062646778873671319552.000000
59415044200034799961767936.000000
59415071870150910526095360.000000
59415044200034799961767936.000000
59415053423406836816543744.000000
59415044200034799961767936.000000
59415058035092855243931648.000000
59415210220731463347732480.000000
59415044200034799961767936.000000
59415053423406836816543744.000000
59415044200034799961767936.000000
59415044200034799961767936.000000
59415044200034799961767936.000000
59415044200034799961767936.000000
59415044200034799961767936.000000
59415044200034799961767936.000000
59415141045441186936913920.000000
59415090316894984235646976.000000
59415044200034799961767936.000000
59415062646778873671319552.000000
59415090316894984235646976.000000
59415044200034799961767936.000000
59415048811720818389155840.000000
59415127210383131654750208.000000
59415076481836928953483264.000000
59415044200034799961767936.000000
59415081093522947380871168.000000
59415233279161555484672000.000000
59415044200034799961767936.000000
59415071870150910526095360.000000
59415044200034799961767936.000000
59415062646778873671319552.000000
59415053423406836816543744.000000
59415048811720818389155840.000000
59415053423406836816543744.000000
59415044200034799961767936.000000
59415219444103500202508288.000000
59415044200034799961767936.000000
59415099540267021090422784.000000
59415044200034799961767936.000000
59415044200034799961767936.000000
59415044200034799961767936.000000
59415044200034799961767936.000000
59415044200034799961767936.000000
59415090316894984235646976.000000
59415076481836928953483264.000000
59415044200034799961767936.000000
59415044200034799961767936.000000
59415067258464892098707456.000000
59415122598697113227362304.000000
59415044200034799961767936.000000
59415044200034799961767936.000000
59415044200034799961767936.000000
59415044200034799961767936.000000
59415154880499242219077632.000000
59415044200034799961767936.000000
59415044200034799961767936.000000
59415085705208965808259072.000000
59415099540267021090422784.000000
59415044200034799961767936.000000
59415108763639057945198592.000000
59415044200034799961767936.000000
59415044200034799961767936.000000
59415104151953039517810688.000000
59415044200034799961767936.000000
59415044200034799961767936.000000
59415113375325076372586496.000000
59415265560963684476387328.000000
59415044200034799961767936.000000
59415062646778873671319552.000000
59415113375325076372586496.000000
59415044200034799961767936.000000
59415062646778873671319552.000000
59415044200034799961767936.000000
59415071870150910526095360.000000
59415131822069150082138112.000000
59415044200034799961767936.000000
59415094928581002663034880.000000
59415044200034799961767936.000000
59415044200034799961767936.000000
59415044200034799961767936.000000
59415044200034799961767936.000000
59415044200034799961767936.000000
59415228667475537057284096.000000
59415104151953039517810688.000000
59415044200034799961767936.000000
59415044200034799961767936.000000
59415053423406836816543744.000000
59415044200034799961767936.000000
59415044200034799961767936.000000
59415044200034799961767936.000000
59415044200034799961767936.000000
59415099540267021090422784.000000
59415058035092855243931648.000000
59415048811720818389155840.000000
59415048811720818389155840.000000
59415044200034799961767936.000000
59415067258464892098707456.000000
59415044200034799961767936.000000
59415085705208965808259072.000000
59415044200034799961767936.000000
59415048811720818389155840.000000
59415067258464892098707456.000000
59415067258464892098707456.000000
59415058035092855243931648.000000
59415173327243315928629248.000000
59415085705208965808259072.000000
59415053423406836816543744.000000
59415044200034799961767936.000000
59415044200034799961767936.000000
59415145657127205364301824.000000
59415044200034799961767936.000000
59415044200034799961767936.000000
59415127210383131654750208.000000
59415062646778873671319552.000000
59415044200034799961767936.000000
59415071870150910526095360.000000
59415044200034799961767936.000000
59415067258464892098707456.000000
59415108763639057945198592.000000
59415044200034799961767936.000000
59415062646778873671319552.000000
59415044200034799961767936.000000
59415048811720818389155840.000000
59415044200034799961767936.000000
59415044200034799961767936.000000
59415044200034799961767936.000000
59415044200034799961767936.000000
59415081093522947380871168.000000
59415053423406836816543744.000000
59415044200034799961767936.000000
59415044200034799961767936.000000
59415044200034799961767936.000000
59415071870150910526095360.000000
59415044200034799961767936.000000
59415044200034799961767936.000000
59415044200034799961767936.000000
59415044200034799961767936.000000
59415071870150910526095360.000000
59415044200034799961767936.000000
59415044200034799961767936.000000
59415099540267021090422784.000000
59415044200034799961767936.000000
59415044200034799961767936.000000
59415071870150910526095360.000000
59415076481836928953483264.000000
59415044200034799961767936.000000
59415094928581002663034880.000000
59415048811720818389155840.000000
59415044200034799961767936.000000
59415044200034799961767936.000000
59415044200034799961767936.000000
59415113375325076372586496.000000
59415044200034799961767936.000000
59415044200034799961767936.000000
59415085705208965808259072.000000
59415071870150910526095360.000000
59415048811720818389155840.000000
59415062646778873671319552.000000
59415044200034799961767936.000000
59415058035092855243931648.000000
59415044200034799961767936.000000
59415113375325076372586496.000000
59415058035092855243931648.000000
59415044200034799961767936.000000
59415044200034799961767936.000000
59415044200034799961767936.000000
59415044200034799961767936.000000
59415071870150910526095360.000000
59415044200034799961767936.000000
59415044200034799961767936.000000
59415044200034799961767936.000000
59415044200034799961767936.000000
59415044200034799961767936.000000
59415044200034799961767936.000000
59415044200034799961767936.000000
59415067258464892098707456.000000
59415048811720818389155840.000000
59415044200034799961767936.000000
59415044200034799961767936.000000
59415044200034799961767936.000000
59415044200034799961767936.000000
59415154880499242219077632.000000
59415044200034799961767936.000000
59415044200034799961767936.000000
59415048811720818389155840.000000
59415071870150910526095360.000000
59415044200034799961767936.000000
59415044200034799961767936.000000
59415048811720818389155840.000000
59415131822069150082138112.000000
59415058035092855243931648.000000
59415044200034799961767936.000000
59415044200034799961767936.000000
59415048811720818389155840.000000
59415191773987389638180864.000000
59415044200034799961767936.000000
59415062646778873671319552.000000
59415044200034799961767936.000000
59415053423406836816543744.000000
59415044200034799961767936.000000
59415044200034799961767936.000000
59415067258464892098707456.000000
59415058035092855243931648.000000
59415044200034799961767936.000000
59415117987011094799974400.000000
59415048811720818389155840.000000
59415044200034799961767936.000000
59415154880499242219077632.000000
59415044200034799961767936.000000
59415044200034799961767936.000000
59415058035092855243931648.000000
59415099540267021090422784.000000
59415044200034799961767936.000000
59415044200034799961767936.000000
59415044200034799961767936.000000
59415044200034799961767936.000000
59415058035092855243931648.000000
59415062646778873671319552.000000
59415044200034799961767936.000000
59415044200034799961767936.000000
59415044200034799961767936.000000
59415044200034799961767936.000000
59415044200034799961767936.000000
59415048811720818389155840.000000
59415044200034799961767936.000000
59415044200034799961767936.000000
59415044200034799961767936.000000
59415058035092855243931648.000000
59415044200034799961767936.000000
59415044200034799961767936.000000
59415044200034799961767936.000000
59415062646778873671319552.000000
59415044200034799961767936.000000
59415108763639057945198592.000000
59415076481836928953483264.000000
59415044200034799961767936.000000
59415044200034799961767936.000000
59415044200034799961767936.000000
59415058035092855243931648.000000
59415117987011094799974400.000000
59415044200034799961767936.000000
59415044200034799961767936.000000
59415044200034799961767936.000000
59415067258464892098707456.000000
59415044200034799961767936.000000
59415044200034799961767936.000000
59415044200034799961767936.000000
59415048811720818389155840.000000
59415062646778873671319552.000000
59415058035092855243931648.000000
59415053423406836816543744.000000
59415104151953039517810688.000000
59415044200034799961767936.000000
59415044200034799961767936.000000
59415113375325076372586496.000000
59415067258464892098707456.000000
59415048811720818389155840.000000
59415044200034799961767936.000000
59415044200034799961767936.000000
59415048811720818389155840.000000
59415044200034799961767936.000000
59415048811720818389155840.000000
59415044200034799961767936.000000
59415044200034799961767936.000000
59415044200034799961767936.000000
59415058035092855243931648.000000
59415044200034799961767936.000000
59415044200034799961767936.000000
59415044200034799961767936.000000
59415044200034799961767936.000000
59415044200034799961767936.000000
59415168715557297501241344.000000
59415136433755168509526016.000000
59415044200034799961767936.000000
59415044200034799961767936.000000
59415104151953039517810688.000000
59415048811720818389155840.000000
59415044200034799961767936.000000
59415053423406836816543744.000000
59415044200034799961767936.000000
59415044200034799961767936.000000
59415062646778873671319552.000000
59415081093522947380871168.000000
59415044200034799961767936.000000
59415048811720818389155840.000000
59415094928581002663034880.000000
59415044200034799961767936.000000
59415062646778873671319552.000000
59415044200034799961767936.000000
59415044200034799961767936.000000
59415081093522947380871168.000000
59415044200034799961767936.000000
59415071870150910526095360.000000
59415048811720818389155840.000000
59415044200034799961767936.000000
59415044200034799961767936.000000
59415053423406836816543744.000000
59415044200034799961767936.000000
59415071870150910526095360.000000
59415058035092855243931648.000000
59415131822069150082138112.000000
59415044200034799961767936.000000
59415099540267021090422784.000000
59415044200034799961767936.000000
59415048811720818389155840.000000
59415044200034799961767936.000000
59415044200034799961767936.000000
59415044200034799961767936.000000
59415085705208965808259072.000000
59415044200034799961767936.000000
59415048811720818389155840.000000
59415044200034799961767936.000000
59415044200034799961767936.000000
59415085705208965808259072.000000
59415067258464892098707456.000000
59415044200034799961767936.000000
59415058035092855243931648.000000
59415044200034799961767936.000000
59415099540267021090422784.000000
59415044200034799961767936.000000
59415044200034799961767936.000000
59415044200034799961767936.000000
59415048811720818389155840.000000
59415044200034799961767936.000000
59415044200034799961767936.000000
59415044200034799961767936.000000
59415044200034799961767936.000000
59415044200034799961767936.000000
59415044200034799961767936.000000
59415044200034799961767936.000000
59415044200034799961767936.000000
59415058035092855243931648.000000
59415044200034799961767936.000000
59415044200034799961767936.000000
59415076481836928953483264.000000
59415044200034799961767936.000000
59415058035092855243931648.000000
59415044200034799961767936.000000
59415071870150910526095360.000000
59415044200034799961767936.000000
59415044200034799961767936.000000
59415044200034799961767936.000000
59415044200034799961767936.000000
59415044200034799961767936.000000
59415044200034799961767936.000000
59415090316894984235646976.000000
59415044200034799961767936.000000
59415044200034799961767936.000000
59415044200034799961767936.000000
59415044200034799961767936.000000
59415044200034799961767936.000000
59415044200034799961767936.000000
59415044200034799961767936.000000
59415044200034799961767936.000000
59415044200034799961767936.000000
59415044200034799961767936.000000
59415048811720818389155840.000000
59415062646778873671319552.000000
59415044200034799961767936.000000
59415104151953039517810688.000000
59415048811720818389155840.000000
59415242502533592339447808.000000
59415071870150910526095360.000000
59415094928581002663034880.000000
59415044200034799961767936.000000
59415044200034799961767936.000000
59415044200034799961767936.000000
59415053423406836816543744.000000
59415048811720818389155840.000000
59415044200034799961767936.000000
59415044200034799961767936.000000
59415044200034799961767936.000000
59415067258464892098707456.000000
59415044200034799961767936.000000
59415048811720818389155840.000000
59413227195743539570933760.000000
59413227195743539570933760.000000
59413236419115576425709568.000000
59413231807429557998321664.000000
59413227195743539570933760.000000
59413227195743539570933760.000000
59413227195743539570933760.000000
59413227195743539570933760.000000
59413227195743539570933760.000000
59413227195743539570933760.000000
59413273312603723844812800.000000
59413227195743539570933760.000000
59413227195743539570933760.000000
59413236419115576425709568.000000
59413227195743539570933760.000000
59413227195743539570933760.000000
59413227195743539570933760.000000
59413227195743539570933760.000000
59413227195743539570933760.000000
59413241030801594853097472.000000
59413227195743539570933760.000000
59413227195743539570933760.000000
59413227195743539570933760.000000
59413231807429557998321664.000000
59413231807429557998321664.000000
59413264089231686990036992.000000
59413227195743539570933760.000000
59413227195743539570933760.000000
59413250254173631707873280.000000
59413231807429557998321664.000000
59413273312603723844812800.000000
59413236419115576425709568.000000
59413227195743539570933760.000000
59413227195743539570933760.000000
59413227195743539570933760.000000
59413227195743539570933760.000000
59413365546324092392570880.000000
59413227195743539570933760.000000
59413227195743539570933760.000000
59413227195743539570933760.000000
59413227195743539570933760.000000
59413268700917705417424896.000000
59413227195743539570933760.000000
59413227195743539570933760.000000
59413236419115576425709568.000000
59413231807429557998321664.000000
59413231807429557998321664.000000
59413227195743539570933760.000000
59413227195743539570933760.000000
59413227195743539570933760.000000
59413300982719834409140224.000000
59413236419115576425709568.000000
59413227195743539570933760.000000
59413231807429557998321664.000000
59413227195743539570933760.000000
59413254865859650135261184.000000
59413227195743539570933760.000000
59413250254173631707873280.000000
59413227195743539570933760.000000
59413254865859650135261184.000000
59413231807429557998321664.000000
59413231807429557998321664.000000
59413259477545668562649088.000000
59413227195743539570933760.000000
59413227195743539570933760.000000
59413227195743539570933760.000000
59413227195743539570933760.000000
59413236419115576425709568.000000
59413250254173631707873280.000000
59413227195743539570933760.000000
59413227195743539570933760.000000
59413245642487613280485376.000000
59413245642487613280485376.000000
59413227195743539570933760.000000
59413227195743539570933760.000000
59413241030801594853097472.000000
59413227195743539570933760.000000
59413227195743539570933760.000000
59413245642487613280485376.000000
59413227195743539570933760.000000
59413259477545668562649088.000000
59413227195743539570933760.000000
59413254865859650135261184.000000
59413227195743539570933760.000000
59413227195743539570933760.000000
59413227195743539570933760.000000
59413227195743539570933760.000000
59413227195743539570933760.000000
59413227195743539570933760.000000
59413254865859650135261184.000000
59413227195743539570933760.000000
59413227195743539570933760.000000
59413227195743539570933760.000000
59413277924289742272200704.000000
59413227195743539570933760.000000
59413227195743539570933760.000000
59413227195743539570933760.000000
59413245642487613280485376.000000
59413231807429557998321664.000000
59413227195743539570933760.000000
59413227195743539570933760.000000
59413227195743539570933760.000000
59413227195743539570933760.000000
59413287147661779126976512.000000
59413245642487613280485376.000000
59413227195743539570933760.000000
59413236419115576425709568.000000
59413236419115576425709568.000000
59413227195743539570933760.000000
59413227195743539570933760.000000
59413236419115576425709568.000000
59413236419115576425709568.000000
59413236419115576425709568.000000
59413227195743539570933760.000000
59413227195743539570933760.000000
59413227195743539570933760.000000
59413227195743539570933760.000000
59413241030801594853097472.000000
59413227195743539570933760.000000
59413227195743539570933760.000000
59413236419115576425709568.000000
59413231807429557998321664.000000
59413227195743539570933760.000000
59413227195743539570933760.000000
59413227195743539570933760.000000
59413227195743539570933760.000000
59413227195743539570933760.000000
58374426473348696736006144.000000
58374426473348696736006144.000000
58374426473348696736006144.000000
58374426473348696736006144.000000
58374426473348696736006144.000000
58374426473348696736006144.000000
58374426473348696736006144.000000
58374426473348696736006144.000000
58374426473348696736006144.000000
58374431085034715163394048.000000
58374440308406752018169856.000000
58374426473348696736006144.000000
58374440308406752018169856.000000
58374426473348696736006144.000000
58374440308406752018169856.000000
58374454143464807300333568.000000
58374431085034715163394048.000000
58374458755150825727721472.000000
58374426473348696736006144.000000
58374435696720733590781952.000000
58374426473348696736006144.000000
58374444920092770445557760.000000
58374426473348696736006144.000000
58374426473348696736006144.000000
58374426473348696736006144.000000
58374426473348696736006144.000000
58374431085034715163394048.000000
58374426473348696736006144.000000
58374426473348696736006144.000000
58374426473348696736006144.000000
58374440308406752018169856.000000
58374426473348696736006144.000000
58374426473348696736006144.000000
58374426473348696736006144.000000
58374458755150825727721472.000000
58374440308406752018169856.000000
58374431085034715163394048.000000
58374426473348696736006144.000000
58374426473348696736006144.000000
58374435696720733590781952.000000
58374426473348696736006144.000000
58374426473348696736006144.000000
58374426473348696736006144.000000
58374426473348696736006144.000000
58374426473348696736006144.000000
58374426473348696736006144.000000
58374426473348696736006144.000000
58374426473348696736006144.000000
58374426473348696736006144.000000
58374435696720733590781952.000000
58374435696720733590781952.000000
58374426473348696736006144.000000
58374440308406752018169856.000000
58374444920092770445557760.000000
58374426473348696736006144.000000
58374435696720733590781952.000000
58374426473348696736006144.000000
58374435696720733590781952.000000
58374426473348696736006144.000000
58374426473348696736006144.000000
58374426473348696736006144.000000
58374426473348696736006144.000000
58374426473348696736006144.000000
58374431085034715163394048.000000
58374431085034715163394048.000000
58374454143464807300333568.000000
58374426473348696736006144.000000
58374426473348696736006144.000000
58374426473348696736006144.000000
58374426473348696736006144.000000
58374431085034715163394048.000000
58374426473348696736006144.000000
58374426473348696736006144.000000
58374426473348696736006144.000000
58374426473348696736006144.000000
58374426473348696736006144.000000
58374426473348696736006144.000000
58374435696720733590781952.000000
58374431085034715163394048.000000
58374426473348696736006144.000000
58374477201894899437273088.000000
58374435696720733590781952.000000
58374426473348696736006144.000000
58374440308406752018169856.000000
58374426473348696736006144.000000
58374426473348696736006144.000000
58374426473348696736006144.000000
58374435696720733590781952.000000
58374426473348696736006144.000000
58374426473348696736006144.000000
58374426473348696736006144.000000
58374426473348696736006144.000000
58374444920092770445557760.000000
58374444920092770445557760.000000
58374426473348696736006144.000000
58374431085034715163394048.000000
58374426473348696736006144.000000
58374426473348696736006144.000000
58374426473348696736006144.000000
58374426473348696736006144.000000
58374426473348696736006144.000000
58374426473348696736006144.000000
58374440308406752018169856.000000
58374426473348696736006144.000000
58374426473348696736006144.000000
58374431085034715163394048.000000
58374431085034715163394048.000000
58374426473348696736006144.000000
58374435696720733590781952.000000
58374426473348696736006144.000000
58374426473348696736006144.000000
58374426473348696736006144.000000
58374426473348696736006144.000000
58374426473348696736006144.000000
58374426473348696736006144.000000
58374426473348696736006144.000000
58374426473348696736006144.000000
58374431085034715163394048.000000
58374426473348696736006144.000000
58374431085034715163394048.000000
58374426473348696736006144.000000
58374426473348696736006144.000000
58374426473348696736006144.000000
58374426473348696736006144.000000
58374426473348696736006144.000000
58374426473348696736006144.000000
58374426473348696736006144.000000
58374426473348696736006144.000000
58374426473348696736006144.000000
58374426473348696736006144.000000
58374431085034715163394048.000000
58374435696720733590781952.000000
58374426473348696736006144.000000
58374426473348696736006144.000000
58374426473348696736006144.000000
58374426473348696736006144.000000
58374426473348696736006144.000000
58374426473348696736006144.000000
58374426473348696736006144.000000
58374435696720733590781952.000000
58374426473348696736006144.000000
58374431085034715163394048.000000
58374426473348696736006144.000000
58374440308406752018169856.000000
58374426473348696736006144.000000
58374435696720733590781952.000000
58374426473348696736006144.000000
58374426473348696736006144.000000
58374426473348696736006144.000000
58374426473348696736006144.000000
58374426473348696736006144.000000
58374426473348696736006144.000000
58374454143464807300333568.000000
58374426473348696736006144.000000
58374426473348696736006144.000000
58374426473348696736006144.000000
58374440308406752018169856.000000
58374426473348696736006144.000000
58374426473348696736006144.000000
58374426473348696736006144.000000
58374426473348696736006144.000000
58374426473348696736006144.000000
58374426473348696736006144.000000
58374426473348696736006144.000000
58374426473348696736006144.000000
58374426473348696736006144.000000
58374431085034715163394048.000000
58374426473348696736006144.000000
58374426473348696736006144.000000
58374431085034715163394048.000000
58374426473348696736006144.000000
58374431085034715163394048.000000
58374431085034715163394048.000000
58374431085034715163394048.000000
58374426473348696736006144.000000
58374431085034715163394048.000000
58374426473348696736006144.000000
58374426473348696736006144.000000
58374426473348696736006144.000000
58374440308406752018169856.000000
58374426473348696736006144.000000
58374426473348696736006144.000000
58374431085034715163394048.000000
58374426473348696736006144.000000
58374426473348696736006144.000000
58374426473348696736006144.000000
58374426473348696736006144.000000
58374426473348696736006144.000000
58374426473348696736006144.000000
58374426473348696736006144.000000
58374486425266936292048896.000000
58374426473348696736006144.000000
58374454143464807300333568.000000
58374426473348696736006144.000000
58374426473348696736006144.000000
58374426473348696736006144.000000
58374449531778788872945664.000000
58374426473348696736006144.000000
58374426473348696736006144.000000
58374426473348696736006144.000000
58374426473348696736006144.000000
58374426473348696736006144.000000
58374426473348696736006144.000000
58374426473348696736006144.000000
58374426473348696736006144.000000
58374426473348696736006144.000000
58374426473348696736006144.000000
58374426473348696736006144.000000
58374426473348696736006144.000000
58374426473348696736006144.000000
58374426473348696736006144.000000
58374426473348696736006144.000000
58374426473348696736006144.000000
58374426473348696736006144.000000
58374431085034715163394048.000000
58374431085034715163394048.000000
58374431085034715163394048.000000
58374431085034715163394048.000000
58374431085034715163394048.000000
58374426473348696736006144.000000
58374426473348696736006144.000000
58374435696720733590781952.000000
58374463366836844155109376.000000
58374426473348696736006144.000000
58374463366836844155109376.000000
58374426473348696736006144.000000
58374426473348696736006144.000000
58374426473348696736006144.000000
58374426473348696736006144.000000
58374426473348696736006144.000000
58374426473348696736006144.000000
58374431085034715163394048.000000
58374426473348696736006144.000000
58374426473348696736006144.000000
58374431085034715163394048.000000
58374426473348696736006144.000000
58374426473348696736006144.000000
58374444920092770445557760.000000
58374444920092770445557760.000000
58374426473348696736006144.000000
58374435696720733590781952.000000
58374426473348696736006144.000000
58374426473348696736006144.000000
58374431085034715163394048.000000
58374426473348696736006144.000000
58374426473348696736006144.000000
58374426473348696736006144.000000
58374426473348696736006144.000000
58374426473348696736006144.000000
58374444920092770445557760.000000
58374426473348696736006144.000000
58374426473348696736006144.000000
58374435696720733590781952.000000
58374435696720733590781952.000000
58374440308406752018169856.000000
58374426473348696736006144.000000
58374431085034715163394048.000000
58374463366836844155109376.000000
58374426473348696736006144.000000
58374435696720733590781952.000000
58374426473348696736006144.000000
58374426473348696736006144.000000
58374431085034715163394048.000000
58374426473348696736006144.000000
58374426473348696736006144.000000
58374426473348696736006144.000000
58374431085034715163394048.000000
58374454143464807300333568.000000
58374426473348696736006144.000000
58374426473348696736006144.000000
58374431085034715163394048.000000
58374426473348696736006144.000000
58374426473348696736006144.000000
58374435696720733590781952.000000
58374431085034715163394048.000000
58374426473348696736006144.000000
58374440308406752018169856.000000
58374426473348696736006144.000000
58374431085034715163394048.000000
58374431085034715163394048.000000
58374431085034715163394048.000000
58374426473348696736006144.000000
58374426473348696736006144.000000
58374426473348696736006144.000000
58374426473348696736006144.000000
58374426473348696736006144.000000
58374426473348696736006144.000000
58374426473348696736006144.000000
58374426473348696736006144.000000
58374431085034715163394048.000000
58374426473348696736006144.000000
58374435696720733590781952.000000
58374426473348696736006144.000000
58374435696720733590781952.000000
58374426473348696736006144.000000
58374426473348696736006144.000000
58374431085034715163394048.000000
58374426473348696736006144.000000
58374426473348696736006144.000000
58374426473348696736006144.000000
58374426473348696736006144.000000
58374426473348696736006144.000000
58374431085034715163394048.000000
58374444920092770445557760.000000
58374426473348696736006144.000000
58374426473348696736006144.000000
58374431085034715163394048.000000
58374426473348696736006144.000000
58374431085034715163394048.000000
58374458755150825727721472.000000
58374426473348696736006144.000000
58374426473348696736006144.000000
58374426473348696736006144.000000
58374426473348696736006144.000000
58374426473348696736006144.000000
58374440308406752018169856.000000
58374426473348696736006144.000000
58374431085034715163394048.000000
58374426473348696736006144.000000
58374444920092770445557760.000000
58374431085034715163394048.000000
58374444920092770445557760.000000
58374431085034715163394048.000000
58374426473348696736006144.000000
58374426473348696736006144.000000
58374426473348696736006144.000000
58374426473348696736006144.000000
58374435696720733590781952.000000
58374444920092770445557760.000000
58374426473348696736006144.000000
58374431085034715163394048.000000
58346382810670639790161920.000000
58346368975612584507998208.000000
58346368975612584507998208.000000
58346373587298602935386112.000000
58346368975612584507998208.000000
58346392034042676644937728.000000
58346368975612584507998208.000000
58346368975612584507998208.000000
58346368975612584507998208.000000
58346368975612584507998208.000000
58346368975612584507998208.000000
58346387422356658217549824.000000
58346373587298602935386112.000000
58346368975612584507998208.000000
58346373587298602935386112.000000
58346368975612584507998208.000000
58346368975612584507998208.000000
58346368975612584507998208.000000
58346392034042676644937728.000000
58346368975612584507998208.000000
58346368975612584507998208.000000
58346368975612584507998208.000000
58346368975612584507998208.000000
58346368975612584507998208.000000
58346373587298602935386112.000000
58346368975612584507998208.000000
58346368975612584507998208.000000
58346410480786750354489344.000000
58346368975612584507998208.000000
58346368975612584507998208.000000
58346368975612584507998208.000000
58346378198984621362774016.000000
58346368975612584507998208.000000
58346368975612584507998208.000000
58346368975612584507998208.000000
58346387422356658217549824.000000
58346373587298602935386112.000000
58346368975612584507998208.000000
58346368975612584507998208.000000
58346378198984621362774016.000000
58346368975612584507998208.000000
58346368975612584507998208.000000
58346368975612584507998208.000000
58346368975612584507998208.000000
58346387422356658217549824.000000
58346368975612584507998208.000000
58346368975612584507998208.000000
58346387422356658217549824.000000
58346387422356658217549824.000000
58346373587298602935386112.000000
58346401257414713499713536.000000
58346368975612584507998208.000000
58346368975612584507998208.000000
58346368975612584507998208.000000
58346373587298602935386112.000000
58346368975612584507998208.000000
58346368975612584507998208.000000
58346373587298602935386112.000000
58346368975612584507998208.000000
58346373587298602935386112.000000
58346373587298602935386112.000000
58346368975612584507998208.000000
58346368975612584507998208.000000
58346368975612584507998208.000000
58346368975612584507998208.000000
58346368975612584507998208.000000
58346368975612584507998208.000000
58346378198984621362774016.000000
58346373587298602935386112.000000
58346373587298602935386112.000000
58346368975612584507998208.000000
58346368975612584507998208.000000
58346373587298602935386112.000000
58346368975612584507998208.000000
58346368975612584507998208.000000
58346387422356658217549824.000000
58346368975612584507998208.000000
58346401257414713499713536.000000
58346382810670639790161920.000000
58346368975612584507998208.000000
58346373587298602935386112.000000
58346373587298602935386112.000000
58346378198984621362774016.000000
58346368975612584507998208.000000
58346373587298602935386112.000000
58346368975612584507998208.000000
58346368975612584507998208.000000
58346382810670639790161920.000000
58346368975612584507998208.000000
58346368975612584507998208.000000
58346368975612584507998208.000000
58346368975612584507998208.000000
58346378198984621362774016.000000
58346368975612584507998208.000000
58346368975612584507998208.000000
58346378198984621362774016.000000
58346368975612584507998208.000000
58346368975612584507998208.000000
58346368975612584507998208.000000
58346368975612584507998208.000000
58346373587298602935386112.000000
58346378198984621362774016.000000
58346368975612584507998208.000000
58346368975612584507998208.000000
58346368975612584507998208.000000
58346373587298602935386112.000000
58346368975612584507998208.000000
58346368975612584507998208.000000
58346368975612584507998208.000000
58346373587298602935386112.000000
58346378198984621362774016.000000
58346373587298602935386112.000000
58346368975612584507998208.000000
58346368975612584507998208.000000
58346368975612584507998208.000000
58346368975612584507998208.000000
58346368975612584507998208.000000
58346368975612584507998208.000000
58346368975612584507998208.000000
58346382810670639790161920.000000
58346387422356658217549824.000000
58346373587298602935386112.000000
58346368975612584507998208.000000
58346373587298602935386112.000000
58346368975612584507998208.000000
58346368975612584507998208.000000
58346368975612584507998208.000000
58346368975612584507998208.000000
58346373587298602935386112.000000
58346368975612584507998208.000000
58346368975612584507998208.000000
58346368975612584507998208.000000
58346368975612584507998208.000000
58346368975612584507998208.000000
58346378198984621362774016.000000
58346368975612584507998208.000000
58346373587298602935386112.000000
58346368975612584507998208.000000
58346368975612584507998208.000000
58346368975612584507998208.000000
58346368975612584507998208.000000
58346368975612584507998208.000000
58346373587298602935386112.000000
58346378198984621362774016.000000
58346373587298602935386112.000000
58346368975612584507998208.000000
58346378198984621362774016.000000
58346368975612584507998208.000000
58346368975612584507998208.000000
58346368975612584507998208.000000
58346368975612584507998208.000000
58346368975612584507998208.000000
58346368975612584507998208.000000
58346368975612584507998208.000000
58346387422356658217549824.000000
56940888486206561633435648.000000
56940888486206561633435648.000000
56940888486206561633435648.000000
56940902321264616915599360.000000
56940888486206561633435648.000000
56940888486206561633435648.000000
56940888486206561633435648.000000
56940888486206561633435648.000000
56940888486206561633435648.000000
56940893097892580060823552.000000
56940893097892580060823552.000000
56940893097892580060823552.000000
56940888486206561633435648.000000
56940888486206561633435648.000000
56940888486206561633435648.000000
56940888486206561633435648.000000
56940888486206561633435648.000000
56940888486206561633435648.000000
56940888486206561633435648.000000
56940888486206561633435648.000000
56940888486206561633435648.000000
56940888486206561633435648.000000
56940888486206561633435648.000000
56940888486206561633435648.000000
56940888486206561633435648.000000
56940888486206561633435648.000000
56940897709578598488211456.000000
56940888486206561633435648.000000
56940893097892580060823552.000000
56940888486206561633435648.000000
56940888486206561633435648.000000
56940888486206561633435648.000000
56940888486206561633435648.000000
56940888486206561633435648.000000
56940893097892580060823552.000000
56940888486206561633435648.000000
56940888486206561633435648.000000
56940893097892580060823552.000000
56940888486206561633435648.000000
56940888486206561633435648.000000
56940888486206561633435648.000000
56940888486206561633435648.000000
56940893097892580060823552.000000
56940929991380727479926784.000000
56940888486206561633435648.000000
56940888486206561633435648.000000
56940888486206561633435648.000000
56940893097892580060823552.000000
56940888486206561633435648.000000
56940888486206561633435648.000000
56940906932950635342987264.000000
56940893097892580060823552.000000
56940888486206561633435648.000000
56940888486206561633435648.000000
56940888486206561633435648.000000
56940893097892580060823552.000000
56940888486206561633435648.000000
56940893097892580060823552.000000
56940888486206561633435648.000000
56940888486206561633435648.000000
56940888486206561633435648.000000
56940888486206561633435648.000000
56940893097892580060823552.000000
56940893097892580060823552.000000
56940893097892580060823552.000000
56940906932950635342987264.000000
56940893097892580060823552.000000
56940888486206561633435648.000000
56940888486206561633435648.000000
56940888486206561633435648.000000
56940888486206561633435648.000000
56940893097892580060823552.000000
56940888486206561633435648.000000
56940888486206561633435648.000000
56940888486206561633435648.000000
56940888486206561633435648.000000
56940902321264616915599360.000000
56940888486206561633435648.000000
56940888486206561633435648.000000
56940888486206561633435648.000000
56940888486206561633435648.000000
56940888486206561633435648.000000
56940888486206561633435648.000000
56940888486206561633435648.000000
56940888486206561633435648.000000
56940906932950635342987264.000000
56940897709578598488211456.000000
56940893097892580060823552.000000
56940893097892580060823552.000000
56940888486206561633435648.000000
56940893097892580060823552.000000
56940888486206561633435648.000000
56940888486206561633435648.000000
56940888486206561633435648.000000
56940888486206561633435648.000000
56940893097892580060823552.000000
56940893097892580060823552.000000
56940888486206561633435648.000000
56940893097892580060823552.000000
56940888486206561633435648.000000
56940888486206561633435648.000000
56940888486206561633435648.000000
56940888486206561633435648.000000
56940888486206561633435648.000000
56940888486206561633435648.000000
56940888486206561633435648.000000
56940888486206561633435648.000000
56940888486206561633435648.000000
56940897709578598488211456.000000
56940888486206561633435648.000000
56940888486206561633435648.000000
56940888486206561633435648.000000
56940888486206561633435648.000000
56940888486206561633435648.000000
56940888486206561633435648.000000
56940888486206561633435648.000000
56940888486206561633435648.000000
56940893097892580060823552.000000
56940888486206561633435648.000000
56940888486206561633435648.000000
56940888486206561633435648.000000
56940888486206561633435648.000000
56940888486206561633435648.000000
56940888486206561633435648.000000
56940888486206561633435648.000000
56940888486206561633435648.000000
56940888486206561633435648.000000
56940888486206561633435648.000000
56940888486206561633435648.000000
56940888486206561633435648.000000
56940888486206561633435648.000000
56940897709578598488211456.000000
56940888486206561633435648.000000
56940888486206561633435648.000000
56940888486206561633435648.000000
56940888486206561633435648.000000
56940888486206561633435648.000000
56940893097892580060823552.000000
56940888486206561633435648.000000
56940902321264616915599360.000000
56940888486206561633435648.000000
56940897709578598488211456.000000
56940888486206561633435648.000000
56940893097892580060823552.000000
56940888486206561633435648.000000
56940888486206561633435648.000000
56940888486206561633435648.000000
56940888486206561633435648.000000
56940888486206561633435648.000000
56940888486206561633435648.000000
56940888486206561633435648.000000
56940888486206561633435648.000000
56940888486206561633435648.000000
56940888486206561633435648.000000
56940888486206561633435648.000000
56940888486206561633435648.000000
56940888486206561633435648.000000
56940888486206561633435648.000000
56940888486206561633435648.000000
56940893097892580060823552.000000
56940893097892580060823552.000000
56940893097892580060823552.000000
56940897709578598488211456.000000
56940888486206561633435648.000000
56940888486206561633435648.000000
56940888486206561633435648.000000
56940888486206561633435648.000000
56940888486206561633435648.000000
56940893097892580060823552.000000
56940888486206561633435648.000000
56940888486206561633435648.000000
56940888486206561633435648.000000
56940888486206561633435648.000000
56940888486206561633435648.000000
56940888486206561633435648.000000
56940893097892580060823552.000000
56940888486206561633435648.000000
56940888486206561633435648.000000
56940888486206561633435648.000000
56940888486206561633435648.000000
56940888486206561633435648.000000
56940888486206561633435648.000000
56940888486206561633435648.000000
56940902321264616915599360.000000
56940888486206561633435648.000000
56940893097892580060823552.000000
56940888486206561633435648.000000
56940893097892580060823552.000000
56940888486206561633435648.000000
56940888486206561633435648.000000
56940888486206561633435648.000000
56940888486206561633435648.000000
56940888486206561633435648.000000
56940888486206561633435648.000000
56940888486206561633435648.000000
56940893097892580060823552.000000
56940888486206561633435648.000000
56940888486206561633435648.000000
56940902321264616915599360.000000
56940888486206561633435648.000000
56940893097892580060823552.000000
56940888486206561633435648.000000
56940888486206561633435648.000000
56940893097892580060823552.000000
56940888486206561633435648.000000
56940902321264616915599360.000000
56940888486206561633435648.000000
56940888486206561633435648.000000
56940888486206561633435648.000000
56940888486206561633435648.000000
56940888486206561633435648.000000
56940906932950635342987264.000000
56940888486206561633435648.000000
56940888486206561633435648.000000
56940888486206561633435648.000000
56940888486206561633435648.000000
56940888486206561633435648.000000
56940888486206561633435648.000000
56940888486206561633435648.000000
56940897709578598488211456.000000
56940888486206561633435648.000000
56940888486206561633435648.000000
56940888486206561633435648.000000
56940888486206561633435648.000000
56940893097892580060823552.000000
56940888486206561633435648.000000
56940888486206561633435648.000000
56940888486206561633435648.000000
56940888486206561633435648.000000
56940888486206561633435648.000000
56940893097892580060823552.000000
56940888486206561633435648.000000
56940888486206561633435648.000000
56940888486206561633435648.000000
56940888486206561633435648.000000
56940888486206561633435648.000000
56940893097892580060823552.000000
56940893097892580060823552.000000
56940888486206561633435648.000000
56940897709578598488211456.000000
56940897709578598488211456.000000
56940893097892580060823552.000000
56940888486206561633435648.000000
56940893097892580060823552.000000
56940888486206561633435648.000000
56940888486206561633435648.000000
56940893097892580060823552.000000
56940888486206561633435648.000000
56940888486206561633435648.000000
56940888486206561633435648.000000
56940893097892580060823552.000000
56940888486206561633435648.000000
56940888486206561633435648.000000
56940893097892580060823552.000000
56940893097892580060823552.000000
56940888486206561633435648.000000
56940888486206561633435648.000000
56940888486206561633435648.000000
56940893097892580060823552.000000
56940888486206561633435648.000000
56940902321264616915599360.000000
56940911544636653770375168.000000
56940888486206561633435648.000000
56940888486206561633435648.000000
56940888486206561633435648.000000
56940888486206561633435648.000000
56940888486206561633435648.000000
56940897709578598488211456.000000
56940893097892580060823552.000000
56940888486206561633435648.000000
56940888486206561633435648.000000
56940888486206561633435648.000000
56940888486206561633435648.000000
56940888486206561633435648.000000
56940888486206561633435648.000000
56940893097892580060823552.000000
56940893097892580060823552.000000
56940888486206561633435648.000000
56940888486206561633435648.000000
56940888486206561633435648.000000
56940888486206561633435648.000000
56940888486206561633435648.000000
56940888486206561633435648.000000
56940888486206561633435648.000000
56940897709578598488211456.000000
56940888486206561633435648.000000
56940888486206561633435648.000000
56940888486206561633435648.000000
56940888486206561633435648.000000
56940902321264616915599360.000000
56940888486206561633435648.000000
56940888486206561633435648.000000
56940906932950635342987264.000000
56940888486206561633435648.000000
56940893097892580060823552.000000
56940888486206561633435648.000000
56940888486206561633435648.000000
56940888486206561633435648.000000
56940893097892580060823552.000000
56940888486206561633435648.000000
56940893097892580060823552.000000
56940888486206561633435648.000000
56940911544636653770375168.000000
56940888486206561633435648.000000
56940893097892580060823552.000000
56940888486206561633435648.000000
56940888486206561633435648.000000
56940888486206561633435648.000000
56940888486206561633435648.000000
56940893097892580060823552.000000
56940888486206561633435648.000000
56940893097892580060823552.000000
56940888486206561633435648.000000
56940888486206561633435648.000000
56940888486206561633435648.000000
56940888486206561633435648.000000
56940888486206561633435648.000000
56940888486206561633435648.000000
56940888486206561633435648.000000
56940893097892580060823552.000000
56940888486206561633435648.000000
56940893097892580060823552.000000
56940888486206561633435648.000000
56940888486206561633435648.000000
56940888486206561633435648.000000
56940888486206561633435648.000000
56940897709578598488211456.000000
56940888486206561633435648.000000
56940888486206561633435648.000000
56940888486206561633435648.000000
56940888486206561633435648.000000
56940888486206561633435648.000000
56940888486206561633435648.000000
56940888486206561633435648.000000
56940888486206561633435648.000000
56940888486206561633435648.000000
56940888486206561633435648.000000
56940888486206561633435648.000000
56940893097892580060823552.000000
56940888486206561633435648.000000
56940888486206561633435648.000000
56940893097892580060823552.000000
56940888486206561633435648.000000
56940888486206561633435648.000000
56940888486206561633435648.000000
56940888486206561633435648.000000
56940888486206561633435648.000000
56940902321264616915599360.000000
56940893097892580060823552.000000
56940888486206561633435648.000000
56940888486206561633435648.000000
56940888486206561633435648.000000
56940888486206561633435648.000000
56940888486206561633435648.000000
56940888486206561633435648.000000
56940888486206561633435648.000000
56940888486206561633435648.000000
56940888486206561633435648.000000
56940888486206561633435648.000000
56940888486206561633435648.000000
56940893097892580060823552.000000
56940888486206561633435648.000000
56940906932950635342987264.000000
56940888486206561633435648.000000
56940888486206561633435648.000000
56940888486206561633435648.000000
56940888486206561633435648.000000
56940893097892580060823552.000000
56940888486206561633435648.000000
56940888486206561633435648.000000
56940893097892580060823552.000000
56940888486206561633435648.000000
56940897709578598488211456.000000
56940888486206561633435648.000000
56940888486206561633435648.000000
56940888486206561633435648.000000
56940888486206561633435648.000000
56940888486206561633435648.000000
56940888486206561633435648.000000
56940893097892580060823552.000000
56940888486206561633435648.000000
56940888486206561633435648.000000
56940888486206561633435648.000000
56940897709578598488211456.000000
56940893097892580060823552.000000
56940888486206561633435648.000000
56940888486206561633435648.000000
56940888486206561633435648.000000
56940888486206561633435648.000000
56940888486206561633435648.000000
56940888486206561633435648.000000
56940893097892580060823552.000000
56940888486206561633435648.000000
56940888486206561633435648.000000
56940893097892580060823552.000000
56940888486206561633435648.000000
56940888486206561633435648.000000
56940888486206561633435648.000000
56940893097892580060823552.000000
56940888486206561633435648.000000
56940888486206561633435648.000000
56940888486206561633435648.000000
56940888486206561633435648.000000
56940888486206561633435648.000000
56940888486206561633435648.000000
56940888486206561633435648.000000
56940897709578598488211456.000000
56940888486206561633435648.000000
56940893097892580060823552.000000
56940888486206561633435648.000000
56940888486206561633435648.000000
56940888486206561633435648.000000
56940888486206561633435648.000000
56940888486206561633435648.000000
56940888486206561633435648.000000
56940888486206561633435648.000000
56940888486206561633435648.000000
56940888486206561633435648.000000
56940888486206561633435648.000000
56940888486206561633435648.000000
56940888486206561633435648.000000
56940897709578598488211456.000000
56940888486206561633435648.000000
56940888486206561633435648.000000
56940888486206561633435648.000000
56940888486206561633435648.000000
56940888486206561633435648.000000
56940888486206561633435648.000000
56940893097892580060823552.000000
56940888486206561633435648.000000
56940888486206561633435648.000000
56940893097892580060823552.000000
56940897709578598488211456.000000
56940888486206561633435648.000000
56940888486206561633435648.000000
56940888486206561633435648.000000
56940888486206561633435648.000000
56940888486206561633435648.000000
56940893097892580060823552.000000
56940893097892580060823552.000000
56940888486206561633435648.000000
56940893097892580060823552.000000
56940888486206561633435648.000000
56940888486206561633435648.000000
56940888486206561633435648.000000
56940893097892580060823552.000000
56940888486206561633435648.000000
56940897709578598488211456.000000
56940888486206561633435648.000000
56940888486206561633435648.000000
56940893097892580060823552.000000
56940893097892580060823552.000000
56940888486206561633435648.000000
56940888486206561633435648.000000
56940897709578598488211456.000000
56940888486206561633435648.000000
56940888486206561633435648.000000
56940888486206561633435648.000000
56940911544636653770375168.000000
56940888486206561633435648.000000
56940888486206561633435648.000000
56940888486206561633435648.000000
56940888486206561633435648.000000
56940893097892580060823552.000000
56940888486206561633435648.000000
56940888486206561633435648.000000
56940897709578598488211456.000000
56940888486206561633435648.000000
56940888486206561633435648.000000
56940888486206561633435648.000000
56940888486206561633435648.000000
56940888486206561633435648.000000
56940893097892580060823552.000000
56940888486206561633435648.000000
56940888486206561633435648.000000
56940888486206561633435648.000000
56940888486206561633435648.000000
56940893097892580060823552.000000
56940911544636653770375168.000000
56940888486206561633435648.000000
56940897709578598488211456.000000
56940888486206561633435648.000000
56940893097892580060823552.000000
56940888486206561633435648.000000
56940888486206561633435648.000000
56940888486206561633435648.000000
56940888486206561633435648.000000
56940888486206561633435648.000000
56940888486206561633435648.000000
56940893097892580060823552.000000
56940888486206561633435648.000000
56940888486206561633435648.000000
56940888486206561633435648.000000
56940888486206561633435648.000000
56940888486206561633435648.000000
56940888486206561633435648.000000
56940888486206561633435648.000000
56940888486206561633435648.000000
56940888486206561633435648.000000
56940893097892580060823552.000000
56940888486206561633435648.000000
56940888486206561633435648.000000
56940888486206561633435648.000000
56940893097892580060823552.000000
56940893097892580060823552.000000
56940888486206561633435648.000000
56940888486206561633435648.000000
56940888486206561633435648.000000
56940888486206561633435648.000000
56940888486206561633435648.000000
56940888486206561633435648.000000
56940888486206561633435648.000000
56940888486206561633435648.000000
56940888486206561633435648.000000
56940888486206561633435648.000000
56940888486206561633435648.000000
56940888486206561633435648.000000
56940888486206561633435648.000000
56940888486206561633435648.000000
56940897709578598488211456.000000
56940902321264616915599360.000000
56940888486206561633435648.000000
56940888486206561633435648.000000
56940888486206561633435648.000000
56940888486206561633435648.000000
56940888486206561633435648.000000
56940902321264616915599360.000000
56940888486206561633435648.000000
56940893097892580060823552.000000
56940893097892580060823552.000000
56940888486206561633435648.000000
56940897709578598488211456.000000
56940893097892580060823552.000000
56940888486206561633435648.000000
56940888486206561633435648.000000
56940888486206561633435648.000000
56940888486206561633435648.000000
56940888486206561633435648.000000
56940888486206561633435648.000000
56940888486206561633435648.000000
56940893097892580060823552.000000
56940888486206561633435648.000000
56940888486206561633435648.000000
56940888486206561633435648.000000
56940897709578598488211456.000000
56940888486206561633435648.000000
56940888486206561633435648.000000
56940888486206561633435648.000000
56940888486206561633435648.000000
56940888486206561633435648.000000
56940888486206561633435648.000000
56940893097892580060823552.000000
56940888486206561633435648.000000
56940893097892580060823552.000000
56940888486206561633435648.000000
56940897709578598488211456.000000
56940888486206561633435648.000000
56940888486206561633435648.000000
56940888486206561633435648.000000
56940888486206561633435648.000000
56940888486206561633435648.000000
56940888486206561633435648.000000
56940888486206561633435648.000000
56940893097892580060823552.000000
56940888486206561633435648.000000
56940888486206561633435648.000000
56940888486206561633435648.000000
56940888486206561633435648.000000
56940888486206561633435648.000000
56940888486206561633435648.000000
56940888486206561633435648.000000
56940888486206561633435648.000000
56940888486206561633435648.000000
56940888486206561633435648.000000
56940888486206561633435648.000000
56940888486206561633435648.000000
56940888486206561633435648.000000
56940888486206561633435648.000000
56940888486206561633435648.000000
56940893097892580060823552.000000
56940888486206561633435648.000000
56940888486206561633435648.000000
56940893097892580060823552.000000
56940893097892580060823552.000000
56940888486206561633435648.000000
56940888486206561633435648.000000
56940888486206561633435648.000000
56940888486206561633435648.000000
56940888486206561633435648.000000
56940893097892580060823552.000000
56940888486206561633435648.000000
56940888486206561633435648.000000
56940888486206561633435648.000000
56940888486206561633435648.000000
56940888486206561633435648.000000
56940893097892580060823552.000000
56940888486206561633435648.000000
56940888486206561633435648.000000
56940888486206561633435648.000000
56940888486206561633435648.000000
56940893097892580060823552.000000
56940888486206561633435648.000000
56940888486206561633435648.000000
56940888486206561633435648.000000
56940888486206561633435648.000000
56940888486206561633435648.000000
56940888486206561633435648.000000
56940888486206561633435648.000000
56940888486206561633435648.000000
56940888486206561633435648.000000
56940888486206561633435648.000000
56940888486206561633435648.000000
56940893097892580060823552.000000
56940888486206561633435648.000000
56940902321264616915599360.000000
56940897709578598488211456.000000
56940888486206561633435648.000000
56940888486206561633435648.000000
56940897709578598488211456.000000
56940888486206561633435648.000000
56940888486206561633435648.000000
56940888486206561633435648.000000
56940888486206561633435648.000000
56940893097892580060823552.000000
56940888486206561633435648.000000
56940888486206561633435648.000000
56940888486206561633435648.000000
56940888486206561633435648.000000
56940897709578598488211456.000000
56940888486206561633435648.000000
56940897709578598488211456.000000
56940897709578598488211456.000000
56940888486206561633435648.000000
56940888486206561633435648.000000
56940888486206561633435648.000000
56940888486206561633435648.000000
56940893097892580060823552.000000
56940888486206561633435648.000000
56940888486206561633435648.000000
56940888486206561633435648.000000
56940888486206561633435648.000000
56940888486206561633435648.000000
56940888486206561633435648.000000
56940888486206561633435648.000000
56940888486206561633435648.000000
56940888486206561633435648.000000
56940888486206561633435648.000000
56940893097892580060823552.000000
56940888486206561633435648.000000
56940888486206561633435648.000000
56940888486206561633435648.000000
56940888486206561633435648.000000
56940888486206561633435648.000000
56940888486206561633435648.000000
56940888486206561633435648.000000
56940888486206561633435648.000000
56940888486206561633435648.000000
56940893097892580060823552.000000
56940888486206561633435648.000000
56940888486206561633435648.000000
56940888486206561633435648.000000
56940888486206561633435648.000000
56940897709578598488211456.000000
56940888486206561633435648.000000
56940888486206561633435648.000000
56940888486206561633435648.000000
56940888486206561633435648.000000
56940888486206561633435648.000000
56940888486206561633435648.000000
56940897709578598488211456.000000
56940888486206561633435648.000000
56940902321264616915599360.000000
56940888486206561633435648.000000
56940893097892580060823552.000000
56940888486206561633435648.000000
56940893097892580060823552.000000
56940888486206561633435648.000000
56940888486206561633435648.000000
56940888486206561633435648.000000
56940893097892580060823552.000000
56940888486206561633435648.000000
56940888486206561633435648.000000
56940888486206561633435648.000000
56940888486206561633435648.000000
56940888486206561633435648.000000
56940888486206561633435648.000000
56940893097892580060823552.000000
56940893097892580060823552.000000
56940888486206561633435648.000000
56940897709578598488211456.000000
56940888486206561633435648.000000
56940893097892580060823552.000000
56940888486206561633435648.000000
56940897709578598488211456.000000
56940897709578598488211456.000000
56940888486206561633435648.000000
56940888486206561633435648.000000
56940893097892580060823552.000000
56940888486206561633435648.000000
56940888486206561633435648.000000
56940893097892580060823552.000000
56940888486206561633435648.000000
56940893097892580060823552.000000
56940888486206561633435648.000000
56940888486206561633435648.000000
56940888486206561633435648.000000
56940888486206561633435648.000000
56940888486206561633435648.000000
56940888486206561633435648.000000
56940888486206561633435648.000000
56940888486206561633435648.000000
56940888486206561633435648.000000
56940893097892580060823552.000000
56940888486206561633435648.000000
56940893097892580060823552.000000
56940888486206561633435648.000000
56940893097892580060823552.000000
56940888486206561633435648.000000
56940888486206561633435648.000000
56940888486206561633435648.000000
56940897709578598488211456.000000
56940888486206561633435648.000000
56940888486206561633435648.000000
56940888486206561633435648.000000
56940888486206561633435648.000000
56940888486206561633435648.000000
56940888486206561633435648.000000
56940888486206561633435648.000000
56940888486206561633435648.000000
56940893097892580060823552.000000
56940893097892580060823552.000000
56940888486206561633435648.000000
56940888486206561633435648.000000
56940888486206561633435648.000000
56940888486206561633435648.000000
56940888486206561633435648.000000
56940888486206561633435648.000000
56940888486206561633435648.000000
56940888486206561633435648.000000
56940888486206561633435648.000000
56940888486206561633435648.000000
56940888486206561633435648.000000
56940888486206561633435648.000000
56940888486206561633435648.000000
56940888486206561633435648.000000
56940888486206561633435648.000000
56940888486206561633435648.000000
56940888486206561633435648.000000
56940888486206561633435648.000000
56940888486206561633435648.000000
56940888486206561633435648.000000
56940888486206561633435648.000000
56940888486206561633435648.000000
56940888486206561633435648.000000
56940888486206561633435648.000000
56940893097892580060823552.000000
56940902321264616915599360.000000
56940888486206561633435648.000000
56940906932950635342987264.000000
56940888486206561633435648.000000
56940888486206561633435648.000000
56940888486206561633435648.000000
56940888486206561633435648.000000
56940888486206561633435648.000000
56940888486206561633435648.000000
56940888486206561633435648.000000
56940888486206561633435648.000000
56940888486206561633435648.000000
56940893097892580060823552.000000
56940888486206561633435648.000000
56940888486206561633435648.000000
56940888486206561633435648.000000
56940888486206561633435648.000000
56940888486206561633435648.000000
56940893097892580060823552.000000
56940888486206561633435648.000000
56940888486206561633435648.000000
56940888486206561633435648.000000
56940888486206561633435648.000000
56940888486206561633435648.000000
56940888486206561633435648.000000
56940888486206561633435648.000000
56940888486206561633435648.000000
56940893097892580060823552.000000
56940888486206561633435648.000000
56940888486206561633435648.000000
56940893097892580060823552.000000
56940888486206561633435648.000000
56940888486206561633435648.000000
56940893097892580060823552.000000
56940888486206561633435648.000000
56940888486206561633435648.000000
56940888486206561633435648.000000
56940888486206561633435648.000000
56940893097892580060823552.000000
56940888486206561633435648.000000
56940888486206561633435648.000000
56940888486206561633435648.000000
56940888486206561633435648.000000
56940888486206561633435648.000000
56940888486206561633435648.000000
56940888486206561633435648.000000
56940888486206561633435648.000000
56940888486206561633435648.000000
56940888486206561633435648.000000
56940888486206561633435648.000000
56940888486206561633435648.000000
56940888486206561633435648.000000
56940888486206561633435648.000000
56940888486206561633435648.000000
56940888486206561633435648.000000
56940888486206561633435648.000000
56940888486206561633435648.000000
56940893097892580060823552.000000
56940888486206561633435648.000000
56940888486206561633435648.000000
56940888486206561633435648.000000
56940888486206561633435648.000000
56940897709578598488211456.000000
56940888486206561633435648.000000
56940888486206561633435648.000000
56940888486206561633435648.000000
56940888486206561633435648.000000
56940888486206561633435648.000000
56940888486206561633435648.000000
56940888486206561633435648.000000
56940888486206561633435648.000000
56940888486206561633435648.000000
56940888486206561633435648.000000
56940893097892580060823552.000000
56940888486206561633435648.000000
56940888486206561633435648.000000
56940888486206561633435648.000000
56940888486206561633435648.000000
56940888486206561633435648.000000
56940897709578598488211456.000000
56940888486206561633435648.000000
56940888486206561633435648.000000
56940888486206561633435648.000000
56940888486206561633435648.000000
56940888486206561633435648.000000
56940888486206561633435648.000000
