1 2 0.987911
1 3 0.976374
1 5 0.965325
1 8 0.996356
1 12 0.963597
1 16 0.922505
1 17 0.959807
1 19 0.997752
2 1 0.987911
2 8 0.994333
2 19 0.996847
3 1 0.976374
3 8 0.989118
4 17 0.771039
5 1 0.965325
5 8 0.987711
8 1 0.996356
8 2 0.994333
8 3 0.989118
8 5 0.987711
8 12 0.981983
8 13 0.974684
8 14 0.978650
8 15 0.500000
8 16 0.961087
8 17 0.981554
8 19 0.999344
10 19 0.500000
12 1 0.963597
12 8 0.981983
13 8 0.974684
14 8 0.978650
15 8 0.500000
16 1 0.922505
16 8 0.961087
17 1 0.959807
17 4 0.771039
17 8 0.981554
17 19 0.986008
18 19 0.994328
19 1 0.997752
19 2 0.996847
19 8 0.999344
19 10 0.500000
19 17 0.986008
19 18 0.994328
1 1 0.991204
1 4 0.827716
1 6 0.951072
1 7 0.502751
1 9 0.686739
1 10 0.500000
1 11 0.802472
1 13 0.946052
1 14 0.947693
1 15 0.500000
1 18 0.978942
2 2 0.985148
2 3 0.967236
2 4 0.814651
2 5 0.955822
2 6 0.925079
2 7 0.502521
2 9 0.670366
2 10 0.500000
2 11 0.782845
2 12 0.953860
2 13 0.937038
2 14 0.934530
2 15 0.500000
2 16 0.904907
2 17 0.951833
2 18 0.973959
3 2 0.967236
3 3 0.960465
3 4 0.784211
3 5 0.941148
3 6 0.948859
3 7 0.501851
3 9 0.658779
3 10 0.500000
3 11 0.762720
3 12 0.936877
3 13 0.908625
3 14 0.921431
3 15 0.500000
3 16 0.889366
3 17 0.928476
3 18 0.948071
3 19 0.991920
4 1 0.827716
4 2 0.814651
4 3 0.784211
4 4 0.660665
4 5 0.776791
4 6 0.734740
4 7 0.500888
4 8 0.883980
4 9 0.570546
4 10 0.500000
4 11 0.637372
4 12 0.760686
4 13 0.744023
4 14 0.760014
4 15 0.500000
4 16 0.712979
4 18 0.792449
4 19 0.896000
5 2 0.955822
5 3 0.941148
5 4 0.776791
5 5 0.953066
5 6 0.973016
5 7 0.501474
5 9 0.633442
5 10 0.500000
5 11 0.747050
5 12 0.918997
5 13 0.903684
5 14 0.905054
5 15 0.500000
5 16 0.877067
5 17 0.918314
5 18 0.927231
5 19 0.986635
6 1 0.951072
6 2 0.925079
6 3 0.948859
6 4 0.734740
6 5 0.973016
6 6 1.000000
6 7 0.497894
6 8 0.981628
6 9 0.670800
6 10 0.500000
6 11 0.834063
6 12 0.890895
6 13 0.798827
6 14 0.882117
6 15 0.500000
6 16 0.868881
6 17 0.873263
6 18 0.763863
6 19 0.956104
7 1 0.502751
7 2 0.502521
7 3 0.501851
7 4 0.500888
7 5 0.501474
7 6 0.497894
7 7 0.500018
7 8 0.503337
7 9 0.500443
7 10 0.500000
7 11 0.500802
7 12 0.501808
7 13 0.501775
7 14 0.501533
7 15 0.500000
7 16 0.501346
7 17 0.501773
7 18 0.502857
7 19 0.503715
8 4 0.883980
8 6 0.981628
8 7 0.503337
8 8 0.999261
8 9 0.724151
8 10 0.500000
8 11 0.864085
8 18 0.990449
9 1 0.686739
9 2 0.670366
9 3 0.658779
9 4 0.570546
9 5 0.633442
9 6 0.670800
9 7 0.500443
9 8 0.724151
9 9 0.541093
9 10 0.500000
9 11 0.577788
9 12 0.637134
9 13 0.614462
9 14 0.637736
9 15 0.500000
9 16 0.607583
9 17 0.633658
9 18 0.654685
9 19 0.734793
10 1 0.500000
10 2 0.500000
10 3 0.500000
10 4 0.500000
10 5 0.500000
10 6 0.500000
10 7 0.500000
10 8 0.500000
10 9 0.500000
10 10 0.500000
10 11 0.500000
10 12 0.500000
10 13 0.500000
10 14 0.500000
10 15 0.500000
10 16 0.500000
10 17 0.500000
10 18 0.500000
11 1 0.802472
11 2 0.782845
11 3 0.762720
11 4 0.637372
11 5 0.747050
11 6 0.834063
11 7 0.500802
11 8 0.864085
11 9 0.577788
11 10 0.500000
11 11 0.676466
11 12 0.736888
11 13 0.708587
11 14 0.755496
11 15 0.500000
11 16 0.695069
11 17 0.740882
11 18 0.770829
11 19 0.868629
12 2 0.953860
12 3 0.936877
12 4 0.760686
12 5 0.918997
12 6 0.890895
12 7 0.501808
12 9 0.637134
12 10 0.500000
12 11 0.736888
12 12 0.912845
12 13 0.886895
12 14 0.896060
12 15 0.500000
12 16 0.858633
12 17 0.907822
12 18 0.934288
12 19 0.986435
13 1 0.946052
13 2 0.937038
13 3 0.908625
13 4 0.744023
13 5 0.903684
13 6 0.798827
13 7 0.501775
13 9 0.614462
13 10 0.500000
13 11 0.708587
13 12 0.886895
13 13 0.876332
13 14 0.874341
13 15 0.500000
13 16 0.835160
13 17 0.888003
13 18 0.917509
13 19 0.978923
14 1 0.947693
14 2 0.934530
14 3 0.921431
14 4 0.760014
14 5 0.905054
14 6 0.882117
14 7 0.501533
14 9 0.637736
14 10 0.500000
14 11 0.755496
14 12 0.896060
14 13 0.874341
14 14 0.908019
14 15 0.500000
14 16 0.852493
14 17 0.898725
14 18 0.921195
14 19 0.980471
15 1 0.500000
15 2 0.500000
15 3 0.500000
15 4 0.500000
15 5 0.500000
15 6 0.500000
15 7 0.500000
15 9 0.500000
15 10 0.500000
15 11 0.500000
15 12 0.500000
15 13 0.500000
15 14 0.500000
15 15 0.500000
15 16 0.500000
15 17 0.500000
15 18 0.500000
15 19 0.500000
16 2 0.904907
16 3 0.889366
16 4 0.712979
16 5 0.877067
16 6 0.868881
16 7 0.501346
16 9 0.607583
16 10 0.500000
16 11 0.695069
16 12 0.858633
16 13 0.835160
16 14 0.852493
16 15 0.500000
16 16 0.813065
16 17 0.854699
16 18 0.883039
16 19 0.962672
17 2 0.951833
17 3 0.928476
17 5 0.918314
17 6 0.873263
17 7 0.501773
17 9 0.633658
17 10 0.500000
17 11 0.740882
17 12 0.907822
17 13 0.888003
17 14 0.898725
17 15 0.500000
17 16 0.854699
17 17 0.910831
17 18 0.934923
18 1 0.978942
18 2 0.973959
18 3 0.948071
18 4 0.792449
18 5 0.927231
18 6 0.763863
18 7 0.502857
18 8 0.990449
18 9 0.654685
18 10 0.500000
18 11 0.770829
18 12 0.934288
18 13 0.917509
18 14 0.921195
18 15 0.500000
18 16 0.883039
18 17 0.934923
18 18 0.970239
19 3 0.991920
19 4 0.896000
19 5 0.986635
19 6 0.956104
19 7 0.503715
19 9 0.734793
19 11 0.868629
19 12 0.986435
19 13 0.978923
19 14 0.980471
19 15 0.500000
19 16 0.962672
19 19 0.999701
