1 2 0.936466
1 3 0.958131
1 5 0.946680
1 8 0.984297
1 12 0.905813
1 16 0.918870
1 17 0.978496
1 19 0.998490
2 1 0.936466
2 8 0.922254
2 19 0.977708
3 1 0.958131
3 8 0.948925
4 17 0.500000
5 1 0.946680
5 8 0.917313
8 1 0.984297
8 2 0.922254
8 3 0.948925
8 5 0.917313
8 12 0.889196
8 13 0.846467
8 14 0.874352
8 15 0.500000
8 16 0.902274
8 17 0.965899
8 19 0.996570
10 19 0.995788
12 1 0.905813
12 8 0.889196
13 8 0.846467
14 8 0.874352
15 8 0.500000
16 1 0.918870
16 8 0.902274
17 1 0.978496
17 4 0.500000
17 8 0.965899
17 19 0.996180
18 19 0.998482
19 1 0.998490
19 2 0.977708
19 8 0.996570
19 10 0.995788
19 17 0.996180
19 18 0.998482
1 1 0.991001
1 4 0.500000
1 6 0.999642
1 7 0.503856
1 9 0.616071
1 10 0.974871
1 11 0.719005
1 13 0.852236
1 14 0.889089
1 15 0.500000
1 18 0.986722
2 2 0.846377
2 3 0.858159
2 4 0.500000
2 5 0.831851
2 6 0.990719
2 7 0.501811
2 9 0.566103
2 10 0.891695
2 11 0.647319
2 12 0.795128
2 13 0.762540
2 14 0.781293
2 15 0.500000
2 16 0.809611
2 17 0.899057
2 18 0.928329
3 2 0.858159
3 3 0.927596
3 4 0.500000
3 5 0.873907
3 6 0.996881
3 7 0.503137
3 9 0.577300
3 10 0.918894
3 11 0.636402
3 12 0.828048
3 13 0.789766
3 14 0.806065
3 15 0.500000
3 16 0.837946
3 17 0.926339
3 18 0.950696
3 19 0.988171
4 1 0.500000
4 2 0.500000
4 3 0.500000
4 4 0.500000
4 5 0.500000
4 6 0.500000
4 7 0.500000
4 8 0.500000
4 9 0.500000
4 10 0.500000
4 11 0.500000
4 12 0.500000
4 13 0.500000
4 14 0.500000
4 15 0.500000
4 16 0.500000
4 18 0.500000
4 19 0.500000
5 2 0.831851
5 3 0.873907
5 4 0.500000
5 5 0.875245
5 6 0.989613
5 7 0.502736
5 9 0.564890
5 10 0.895967
5 11 0.648186
5 12 0.795024
5 13 0.737093
5 14 0.778883
5 15 0.500000
5 16 0.807485
5 17 0.905319
5 18 0.926222
5 19 0.979597
6 1 0.999642
6 2 0.990719
6 3 0.996881
6 4 0.500000
6 5 0.989613
6 6 1.000000
6 7 0.505612
6 8 0.999240
6 9 0.719436
6 10 0.998355
6 11 0.746400
6 12 0.980639
6 13 0.954213
6 14 0.967921
6 15 0.500000
6 16 0.986349
6 17 0.998700
6 18 0.999399
6 19 0.999988
7 1 0.503856
7 2 0.501811
7 3 0.503137
7 4 0.500000
7 5 0.502736
7 6 0.505612
7 7 0.500027
7 8 0.503314
7 9 0.500271
7 10 0.502853
7 11 0.500598
7 12 0.501765
7 13 0.501285
7 14 0.501830
7 15 0.500000
7 16 0.501749
7 17 0.502986
7 18 0.503281
7 19 0.505170
8 4 0.500000
8 6 0.999240
8 7 0.503314
8 8 0.980468
8 9 0.599729
8 10 0.959873
8 11 0.694116
8 18 0.979092
9 1 0.616071
9 2 0.566103
9 3 0.577300
9 4 0.500000
9 5 0.564890
9 6 0.719436
9 7 0.500271
9 8 0.599729
9 9 0.523221
9 10 0.596385
9 11 0.530010
9 12 0.557221
9 13 0.535737
9 14 0.548095
9 15 0.500000
9 16 0.563933
9 17 0.602102
9 18 0.607602
9 19 0.664269
10 1 0.974871
10 2 0.891695
10 3 0.918894
10 4 0.500000
10 5 0.895967
10 6 0.998355
10 7 0.502853
10 8 0.959873
10 9 0.596385
10 10 0.957363
10 11 0.668538
10 12 0.850925
10 13 0.800568
10 14 0.827460
10 15 0.500000
10 16 0.866530
10 17 0.959322
10 18 0.974843
11 1 0.719005
11 2 0.647319
11 3 0.636402
11 4 0.500000
11 5 0.648186
11 6 0.746400
11 7 0.500598
11 8 0.694116
11 9 0.530010
11 10 0.668538
11 11 0.608574
11 12 0.613787
11 13 0.589437
11 14 0.617366
11 15 0.500000
11 16 0.621410
11 17 0.677726
11 18 0.702898
11 19 0.780332
12 2 0.795128
12 3 0.828048
12 4 0.500000
12 5 0.795024
12 6 0.980639
12 7 0.501765
12 9 0.557221
12 10 0.850925
12 11 0.613787
12 12 0.756994
12 13 0.715040
12 14 0.740582
12 15 0.500000
12 16 0.770402
12 17 0.862573
12 18 0.890976
12 19 0.957765
13 1 0.852236
13 2 0.762540
13 3 0.789766
13 4 0.500000
13 5 0.737093
13 6 0.954213
13 7 0.501285
13 9 0.535737
13 10 0.800568
13 11 0.589437
13 12 0.715040
13 13 0.712614
13 14 0.704719
13 15 0.500000
13 16 0.722535
13 17 0.804728
13 18 0.852643
13 19 0.927189
14 1 0.889089
14 2 0.781293
14 3 0.806065
14 4 0.500000
14 5 0.778883
14 6 0.967921
14 7 0.501830
14 9 0.548095
14 10 0.827460
14 11 0.617366
14 12 0.740582
14 13 0.704719
14 14 0.742790
14 15 0.500000
14 16 0.750636
14 17 0.840094
14 18 0.866959
14 19 0.943655
15 1 0.500000
15 2 0.500000
15 3 0.500000
15 4 0.500000
15 5 0.500000
15 6 0.500000
15 7 0.500000
15 9 0.500000
15 10 0.500000
15 11 0.500000
15 12 0.500000
15 13 0.500000
15 14 0.500000
15 15 0.500000
15 16 0.500000
15 17 0.500000
15 18 0.500000
15 19 0.500000
16 2 0.809611
16 3 0.837946
16 4 0.500000
16 5 0.807485
16 6 0.986349
16 7 0.501749
16 9 0.563933
16 10 0.866530
16 11 0.621410
16 12 0.770402
16 13 0.722535
16 14 0.750636
16 15 0.500000
16 16 0.786476
16 17 0.878128
16 18 0.903892
16 19 0.965516
17 2 0.899057
17 3 0.926339
17 5 0.905319
17 6 0.998700
17 7 0.502986
17 9 0.602102
17 10 0.959322
17 11 0.677726
17 12 0.862573
17 13 0.804728
17 14 0.840094
17 15 0.500000
17 16 0.878128
17 17 0.963191
17 18 0.976438
18 1 0.986722
18 2 0.928329
18 3 0.950696
18 4 0.500000
18 5 0.926222
18 6 0.999399
18 7 0.503281
18 8 0.979092
18 9 0.607602
18 10 0.974843
18 11 0.702898
18 12 0.890976
18 13 0.852643
18 14 0.866959
18 15 0.500000
18 16 0.903892
18 17 0.976438
18 18 0.988407
19 3 0.988171
19 4 0.500000
19 5 0.979597
19 6 0.999988
19 7 0.505170
19 9 0.664269
19 11 0.780332
19 12 0.957765
19 13 0.927189
19 14 0.943655
19 15 0.500000
19 16 0.965516
19 19 0.999937
