1 2 0.865530
1 3 0.783221
1 5 0.939184
1 8 0.861972
1 12 0.667478
1 16 0.775187
1 17 0.827348
1 19 0.874685
2 1 0.865530
2 8 0.855884
2 19 0.877313
3 1 0.783221
3 8 0.776569
4 17 0.621259
5 1 0.939184
5 8 0.938069
8 1 0.861972
8 2 0.855884
8 3 0.776569
8 5 0.938069
8 12 0.668922
8 13 0.719445
8 14 0.901995
8 15 0.500000
8 16 0.767730
8 17 0.818466
8 19 0.865426
10 19 0.500000
12 1 0.667478
12 8 0.668922
13 8 0.719445
14 8 0.901995
15 8 0.500000
16 1 0.775187
16 8 0.767730
17 1 0.827348
17 4 0.621259
17 8 0.818466
17 19 0.840276
18 19 0.679402
19 1 0.874685
19 2 0.877313
19 8 0.865426
19 10 0.500000
19 17 0.840276
19 18 0.679402
1 1 0.869896
1 4 0.636787
1 6 0.908199
1 7 0.500897
1 9 0.572157
1 10 0.500000
1 11 0.620612
1 13 0.715503
1 14 0.902881
1 15 0.500000
1 18 0.658858
2 2 0.868249
2 3 0.773846
2 4 0.639511
2 5 0.951297
2 6 0.918448
2 7 0.500886
2 9 0.571639
2 10 0.500000
2 11 0.606900
2 12 0.659956
2 13 0.717295
2 14 0.908855
2 15 0.500000
2 16 0.769738
2 17 0.830099
2 18 0.668204
3 2 0.773846
3 3 0.719825
3 4 0.585205
3 5 0.890966
3 6 0.848995
3 7 0.500745
3 9 0.553581
3 10 0.500000
3 11 0.606775
3 12 0.620592
3 13 0.651670
3 14 0.827033
3 15 0.500000
3 16 0.699030
3 17 0.736458
3 18 0.593994
3 19 0.780403
4 1 0.636787
4 2 0.639511
4 3 0.585205
4 4 0.549236
4 5 0.692034
4 6 0.666654
4 7 0.500243
4 8 0.632723
4 9 0.517571
4 10 0.500000
4 11 0.522548
4 12 0.547802
4 13 0.574608
4 14 0.679440
4 15 0.500000
4 16 0.589053
4 18 0.561420
4 19 0.647708
5 2 0.951297
5 3 0.890966
5 4 0.692034
5 5 0.999989
5 6 0.998639
5 7 0.501946
5 9 0.596342
5 10 0.500000
5 11 0.820179
5 12 0.749149
5 13 0.859397
5 14 0.994837
5 15 0.500000
5 16 0.862032
5 17 0.923052
5 18 0.538085
5 19 0.952945
6 1 0.908199
6 2 0.918448
6 3 0.848995
6 4 0.666654
6 5 0.998639
6 6 0.999831
6 7 0.501893
6 8 0.905417
6 9 0.612269
6 10 0.500000
6 11 0.716452
6 12 0.694665
6 13 0.808741
6 14 0.988665
6 15 0.500000
6 16 0.806326
6 17 0.883085
6 18 0.830412
6 19 0.922899
7 1 0.500897
7 2 0.500886
7 3 0.500745
7 4 0.500243
7 5 0.501946
7 6 0.501893
7 7 0.500006
7 8 0.500862
7 9 0.500258
7 10 0.500000
7 11 0.500301
7 12 0.500318
7 13 0.500469
7 14 0.501028
7 15 0.500000
7 16 0.500551
7 17 0.500741
7 18 0.500499
7 19 0.500900
8 4 0.632723
8 6 0.905417
8 7 0.500862
8 8 0.858699
8 9 0.564628
8 10 0.500000
8 11 0.624427
8 18 0.674124
9 1 0.572157
9 2 0.571639
9 3 0.553581
9 4 0.517571
9 5 0.596342
9 6 0.612269
9 7 0.500258
9 8 0.564628
9 9 0.524681
9 10 0.500000
9 11 0.520366
9 12 0.523050
9 13 0.528104
9 14 0.561299
9 15 0.500000
9 16 0.546598
9 17 0.557890
9 18 0.526718
9 19 0.572775
10 1 0.500000
10 2 0.500000
10 3 0.500000
10 4 0.500000
10 5 0.500000
10 6 0.500000
10 7 0.500000
10 8 0.500000
10 9 0.500000
10 10 0.500000
10 11 0.500000
10 12 0.500000
10 13 0.500000
10 14 0.500000
10 15 0.500000
10 16 0.500000
10 17 0.500000
10 18 0.500000
11 1 0.620612
11 2 0.606900
11 3 0.606775
11 4 0.522548
11 5 0.820179
11 6 0.716452
11 7 0.500301
11 8 0.624427
11 9 0.520366
11 10 0.500000
11 11 0.610415
11 12 0.561203
11 13 0.563052
11 14 0.730483
11 15 0.500000
11 16 0.585525
11 17 0.587168
11 18 0.449211
11 19 0.605039
12 2 0.659956
12 3 0.620592
12 4 0.547802
12 5 0.749149
12 6 0.694665
12 7 0.500318
12 9 0.523050
12 10 0.500000
12 11 0.561203
12 12 0.574076
12 13 0.589082
12 14 0.695404
12 15 0.500000
12 16 0.613786
12 17 0.635677
12 18 0.566840
12 19 0.665018
13 1 0.715503
13 2 0.717295
13 3 0.651670
13 4 0.574608
13 5 0.859397
13 6 0.808741
13 7 0.500469
13 9 0.528104
13 10 0.500000
13 11 0.563052
13 12 0.589082
13 13 0.642074
13 14 0.800160
13 15 0.500000
13 16 0.644965
13 17 0.690052
13 18 0.622142
13 19 0.726611
14 1 0.902881
14 2 0.908855
14 3 0.827033
14 4 0.679440
14 5 0.994837
14 6 0.988665
14 7 0.501028
14 9 0.561299
14 10 0.500000
14 11 0.730483
14 12 0.695404
14 13 0.800160
14 14 0.996810
14 15 0.500000
14 16 0.810872
14 17 0.879847
14 18 0.550843
14 19 0.916346
15 1 0.500000
15 2 0.500000
15 3 0.500000
15 4 0.500000
15 5 0.500000
15 6 0.500000
15 7 0.500000
15 9 0.500000
15 10 0.500000
15 11 0.500000
15 12 0.500000
15 13 0.500000
15 14 0.500000
15 15 0.500000
15 16 0.500000
15 17 0.500000
15 18 0.500000
15 19 0.500000
16 2 0.769738
16 3 0.699030
16 4 0.589053
16 5 0.862032
16 6 0.806326
16 7 0.500551
16 9 0.546598
16 10 0.500000
16 11 0.585525
16 12 0.613786
16 13 0.644965
16 14 0.810872
16 15 0.500000
16 16 0.693197
16 17 0.733994
16 18 0.588260
16 19 0.778447
17 2 0.830099
17 3 0.736458
17 5 0.923052
17 6 0.883085
17 7 0.500741
17 9 0.557890
17 10 0.500000
17 11 0.587168
17 12 0.635677
17 13 0.690052
17 14 0.879847
17 15 0.500000
17 16 0.733994
17 17 0.792957
17 18 0.645653
18 1 0.658858
18 2 0.668204
18 3 0.593994
18 4 0.561420
18 5 0.538085
18 6 0.830412
18 7 0.500499
18 8 0.674124
18 9 0.526718
18 10 0.500000
18 11 0.449211
18 12 0.566840
18 13 0.622142
18 14 0.550843
18 15 0.500000
18 16 0.588260
18 17 0.645653
18 18 0.884454
19 3 0.780403
19 4 0.647708
19 5 0.952945
19 6 0.922899
19 7 0.500900
19 9 0.572775
19 11 0.605039
19 12 0.665018
19 13 0.726611
19 14 0.916346
19 15 0.500000
19 16 0.778447
19 19 0.886844
