3.373964
3.661292
4.600538
2.605049
2.459886
4.105354
4.375412
2.707572
3.164104
3.001626
5.029639
3.002774
3.643585
3.589821
3.040560
2.114756
2.740922
3.395328
2.538948
4.722260
3.791055
3.472928
3.406972
2.405709
4.736020
3.336691
2.967383
3.085762
4.326587
4.040013
3.366600
3.006353
2.474578
3.973138
2.506202
2.527905
3.137477
2.681921
3.398601
4.263579
3.722682
3.871153
2.606347
2.665747
3.478873
3.125020
2.803157
3.836967
2.464544
2.423226
2.572782
3.340724
2.507920
3.561759
2.567061
2.631075
3.042805
3.731447
3.138746
2.144718
2.640200
3.178059
3.595125
3.273362
4.720932
2.201268
3.353981
2.796295
3.212998
1.938852
5.526710
2.695246
2.197093
2.790850
3.166184
2.850026
2.750753
2.720582
3.763670
2.526793
2.379360
3.142275
3.407001
4.584352
4.255020
1.952775
2.289256
4.074009
2.204283
3.709303
2.435921
3.452341
2.376581
2.314603
2.223930
2.658346
2.447289
2.376079
2.715728
1.820428
2.107241
2.597771
5.086429
2.276393
2.064819
2.958568
2.430765
3.041868
3.241767
2.906401
1.998994
2.513084
2.512857
4.114949
2.503670
2.754116
3.602338
3.291195
4.227798
3.518038
2.472896
1.921602
3.130647
2.149359
1.972365
2.175232
1.624053
3.257060
2.625499
2.435551
1.407229
2.899272
2.815787
2.637190
2.862602
3.767070
3.650471
3.083798
2.118597
2.830006
2.390748
3.045832
2.750965
1.899414
2.694490
2.921600
3.694843
3.355770
2.330755
2.240880
2.942289
2.244522
4.796325
1.951734
2.372662
