2.545133
2.660094
2.796960
3.711605
3.393776
2.808320
3.042624
2.876072
2.725716
2.493154
4.297907
2.586398
3.311785
3.188607
3.087275
2.806429
2.433692
2.457896
2.423383
3.317507
2.632310
2.013527
2.615273
3.029620
3.306223
2.553719
3.304219
2.337428
3.242521
2.324281
2.014584
2.988791
2.777234
2.339529
3.142359
2.255076
2.607859
2.938058
3.211525
3.528118
2.882592
2.594966
2.724053
3.213511
2.162035
2.543023
2.253721
2.721102
2.577316
2.609799
2.116730
2.788200
2.553268
2.703751
2.732775
2.503988
2.639987
2.764804
2.516642
2.257333
2.326395
3.139492
2.525852
2.554675
2.312744
2.538374
2.741519
2.573631
2.561776
1.797269
3.013275
3.056761
2.359985
2.035049
2.117528
2.855882
3.275655
2.389868
2.574841
2.229932
3.219321
2.338384
2.204784
2.653957
3.224574
2.099838
2.163527
2.421324
2.620884
2.765952
2.918292
2.635373
3.554214
1.990917
2.483436
2.383127
2.589989
2.643083
3.329663
2.512269
2.450271
2.491846
1.817575
2.186638
2.465229
2.030185
