1.706292
1.731965
1.979606
2.431655
2.938271
2.723868
1.966390
2.537353
2.051144
2.250391
2.198688
2.027894
2.556509
1.730516
2.270450
1.761648
2.503316
2.268383
1.918048
2.388743
2.363428
1.752155
2.626230
1.866101
2.489944
2.689942
2.357511
2.113494
1.787527
2.387004
1.927197
1.882253
2.137992
1.757694
2.867390
1.998276
1.950402
2.759445
1.886348
1.981095
2.237261
1.828172
2.362375
2.090145
3.156895
1.682925
1.867278
4.843886
1.802779
1.877555
3.541005
2.739592
2.009555
2.755501
2.657258
2.120925
2.858863
2.383193
2.328225
2.337121
1.796400
2.699353
2.247444
2.640882
2.060188
2.179426
1.824787
1.745198
2.701975
1.887490
2.224758
1.314139
2.410846
1.856747
1.497695
1.697459
1.781402
1.861209
2.048394
1.912397
2.549824
2.299975
2.205450
1.977495
2.243792
2.213023
1.985823
2.949911
1.691456
2.570362
1.481068
1.913536
1.959428
2.907251
1.545994
1.777515
2.696481
2.107563
2.015052
2.450413
2.042329
2.369853
2.142848
1.648840
1.873337
1.784191
2.601134
1.731570
1.759829
2.069042
1.428396
2.430429
2.049684
2.204292
1.663123
2.681306
1.627441
1.601717
2.814395
1.816687
1.993884
1.742660
2.191873
1.898707
1.924560
1.468636
1.732494
2.416766
1.494420
1.336728
2.004445
1.689281
1.758900
1.599516
1.980621
