3.669761
3.403076
2.376132
3.352102
3.809823
3.879718
2.314548
4.735974
3.918513
5.246509
2.878140
3.617327
3.530773
2.569241
3.438892
2.327951
4.160089
4.895847
2.103935
2.708164
3.477842
2.962363
2.011635
4.456153
2.684472
2.972018
2.634259
3.504107
2.710349
2.854620
3.865216
3.220075
2.842924
2.709074
4.094710
2.153094
2.785744
2.727051
3.277734
3.242442
2.351845
2.631466
1.854338
2.013856
2.635465
2.427642
2.866740
2.067747
3.164125
3.244118
2.817386
2.947351
5.152286
2.562946
3.899942
3.513412
2.479699
2.912076
3.786149
2.586118
3.260454
2.579466
2.486693
2.555792
2.247716
2.350317
3.630221
2.519745
2.175705
2.564074
2.916116
2.785633
2.185835
2.533627
2.886741
2.723173
2.244514
2.422647
3.452672
2.531206
2.768408
1.828077
2.667496
1.880269
2.349267
1.599770
3.218296
4.416869
3.082529
3.600887
2.654905
2.402166
3.442005
2.835040
1.825895
3.345652
2.145119
2.373366
3.891324
2.249662
2.264920
2.971080
2.900173
3.333435
2.500228
2.331763
3.197983
2.671434
2.342498
3.065319
2.279626
2.646559
2.588842
3.197172
