1 2 0.532659
1 4 0.682023
1 5 0.678618
1 6 0.671162
1 7 0.691189
1 8 0.747133
1 9 0.645324
1 11 0.592357
1 13 0.605205
1 14 0.500000
2 1 0.532659
4 1 0.682023
4 14 0.500000
5 1 0.678618
6 1 0.671162
7 1 0.691189
7 14 0.500000
8 1 0.747133
8 14 0.500000
9 1 0.645324
11 1 0.592357
11 14 0.500000
13 1 0.605205
13 14 0.500000
14 1 0.500000
14 4 0.500000
14 7 0.500000
14 8 0.500000
14 11 0.500000
14 13 0.500000
1 1 0.748263
1 3 0.500000
1 10 0.520487
1 12 0.500000
2 2 0.522950
2 3 0.500000
2 4 0.521584
2 5 0.514634
2 6 0.511540
2 7 0.536502
2 8 0.509717
2 9 0.515056
2 10 0.509920
2 11 0.511272
2 12 0.500000
2 13 0.511479
2 14 0.500000
3 1 0.500000
3 2 0.500000
3 3 0.500000
3 4 0.500000
3 5 0.500000
3 6 0.500000
3 7 0.500000
3 8 0.500000
3 9 0.500000
3 10 0.500000
3 11 0.500000
3 12 0.500000
3 13 0.500000
3 14 0.500000
4 2 0.521584
4 3 0.500000
4 4 0.648712
4 5 0.635160
4 6 0.637403
4 7 0.631434
4 8 0.718065
4 9 0.588313
4 10 0.509718
4 11 0.564216
4 12 0.500000
4 13 0.571176
5 2 0.514634
5 3 0.500000
5 4 0.635160
5 5 0.644873
5 6 0.631200
5 7 0.636506
5 8 0.706510
5 9 0.595131
5 10 0.511150
5 11 0.564346
5 12 0.500000
5 13 0.570904
5 14 0.500000
6 2 0.511540
6 3 0.500000
6 4 0.637403
6 5 0.631200
6 6 0.655031
6 7 0.583501
6 8 0.748055
6 9 0.599456
6 10 0.506531
6 11 0.568249
6 12 0.500000
6 13 0.575501
6 14 0.500000
7 2 0.536502
7 3 0.500000
7 4 0.631434
7 5 0.636506
7 6 0.583501
7 7 0.813274
7 8 0.640016
7 9 0.623930
7 10 0.520944
7 11 0.563806
7 12 0.500000
7 13 0.576082
8 2 0.509717
8 3 0.500000
8 4 0.718065
8 5 0.706510
8 6 0.748055
8 7 0.640016
8 8 0.950479
8 9 0.648696
8 10 0.513443
8 11 0.611297
8 12 0.500000
8 13 0.627798
9 2 0.515056
9 3 0.500000
9 4 0.588313
9 5 0.595131
9 6 0.599456
9 7 0.623930
9 8 0.648696
9 9 0.614812
9 10 0.512349
9 11 0.559365
9 12 0.500000
9 13 0.569146
9 14 0.500000
10 1 0.520487
10 2 0.509920
10 3 0.500000
10 4 0.509718
10 5 0.511150
10 6 0.506531
10 7 0.520944
10 8 0.513443
10 9 0.512349
10 10 0.508181
10 11 0.508280
10 12 0.500000
10 13 0.509038
10 14 0.500000
11 2 0.511272
11 3 0.500000
11 4 0.564216
11 5 0.564346
11 6 0.568249
11 7 0.563806
11 8 0.611297
11 9 0.559365
11 10 0.508280
11 11 0.536447
11 12 0.500000
11 13 0.540973
12 1 0.500000
12 2 0.500000
12 3 0.500000
12 4 0.500000
12 5 0.500000
12 6 0.500000
12 7 0.500000
12 8 0.500000
12 9 0.500000
12 10 0.500000
12 11 0.500000
12 12 0.500000
12 13 0.500000
12 14 0.500000
13 2 0.511479
13 3 0.500000
13 4 0.571176
13 5 0.570904
13 6 0.575501
13 7 0.576082
13 8 0.627798
13 9 0.569146
13 10 0.509038
13 11 0.540973
13 12 0.500000
13 13 0.547653
14 2 0.500000
14 3 0.500000
14 5 0.500000
14 6 0.500000
14 9 0.500000
14 10 0.500000
14 12 0.500000
14 14 0.500000
