1 2 0.729776
1 4 0.759301
1 5 0.798070
1 6 0.836929
1 7 0.764635
1 8 0.771764
1 9 0.747011
1 11 0.500000
1 13 0.726043
1 14 0.500000
2 1 0.729776
4 1 0.759301
4 14 0.500000
5 1 0.798070
6 1 0.836929
7 1 0.764635
7 14 0.500000
8 1 0.771764
8 14 0.500000
9 1 0.747011
11 1 0.500000
11 14 0.500000
13 1 0.726043
13 14 0.500000
14 1 0.500000
14 4 0.500000
14 7 0.500000
14 8 0.500000
14 11 0.500000
14 13 0.500000
1 1 0.931471
1 3 0.500000
1 10 0.584798
1 12 0.500000
2 2 0.597548
2 3 0.500000
2 4 0.614090
2 5 0.621822
2 6 0.649922
2 7 0.591937
2 8 0.616264
2 9 0.569142
2 10 0.530028
2 11 0.500000
2 12 0.500000
2 13 0.594890
2 14 0.500000
3 1 0.500000
3 2 0.500000
3 3 0.500000
3 4 0.500000
3 5 0.500000
3 6 0.500000
3 7 0.500000
3 8 0.500000
3 9 0.500000
3 10 0.500000
3 11 0.500000
3 12 0.500000
3 13 0.500000
3 14 0.500000
4 2 0.614090
4 3 0.500000
4 4 0.654677
4 5 0.628587
4 6 0.671071
4 7 0.630997
4 8 0.647124
4 9 0.520954
4 10 0.529045
4 11 0.500000
4 12 0.500000
4 13 0.615966
5 2 0.621822
5 3 0.500000
5 4 0.628587
5 5 0.709602
5 6 0.704143
5 7 0.638793
5 8 0.629761
5 9 0.714134
5 10 0.558080
5 11 0.500000
5 12 0.500000
5 13 0.612825
5 14 0.500000
6 2 0.649922
6 3 0.500000
6 4 0.671071
6 5 0.704143
6 6 0.767796
6 7 0.705525
6 8 0.675663
6 9 0.691083
6 10 0.551160
6 11 0.500000
6 12 0.500000
6 13 0.642283
6 14 0.500000
7 2 0.591937
7 3 0.500000
7 4 0.630997
7 5 0.638793
7 6 0.705525
7 7 0.952786
7 8 0.594999
7 9 0.820305
7 10 0.525946
7 11 0.500000
7 12 0.500000
7 13 0.592900
8 2 0.616264
8 3 0.500000
8 4 0.647124
8 5 0.629761
8 6 0.675663
8 7 0.594999
8 8 0.678041
8 9 0.538222
8 10 0.535460
8 11 0.500000
8 12 0.500000
8 13 0.619929
9 2 0.569142
9 3 0.500000
9 4 0.520954
9 5 0.714134
9 6 0.691083
9 7 0.820305
9 8 0.538222
9 9 0.947847
9 10 0.579571
9 11 0.500000
9 12 0.500000
9 13 0.544485
9 14 0.500000
10 1 0.584798
10 2 0.530028
10 3 0.500000
10 4 0.529045
10 5 0.558080
10 6 0.551160
10 7 0.525946
10 8 0.535460
10 9 0.579571
10 10 0.519292
10 11 0.500000
10 12 0.500000
10 13 0.525600
10 14 0.500000
11 2 0.500000
11 3 0.500000
11 4 0.500000
11 5 0.500000
11 6 0.500000
11 7 0.500000
11 8 0.500000
11 9 0.500000
11 10 0.500000
11 11 0.500000
11 12 0.500000
11 13 0.500000
12 1 0.500000
12 2 0.500000
12 3 0.500000
12 4 0.500000
12 5 0.500000
12 6 0.500000
12 7 0.500000
12 8 0.500000
12 9 0.500000
12 10 0.500000
12 11 0.500000
12 12 0.500000
12 13 0.500000
12 14 0.500000
13 2 0.594890
13 3 0.500000
13 4 0.615966
13 5 0.612825
13 6 0.642283
13 7 0.592900
13 8 0.619929
13 9 0.544485
13 10 0.525600
13 11 0.500000
13 12 0.500000
13 13 0.598786
14 2 0.500000
14 3 0.500000
14 5 0.500000
14 6 0.500000
14 9 0.500000
14 10 0.500000
14 12 0.500000
14 14 0.500000
