1 2 0.593312
1 4 0.670833
1 5 0.646003
1 6 0.660982
1 7 0.603867
1 8 0.627190
1 9 0.708963
1 11 0.590483
1 13 0.592241
1 14 0.500000
2 1 0.593312
4 1 0.670833
4 14 0.500000
5 1 0.646003
6 1 0.660982
7 1 0.603867
7 14 0.500000
8 1 0.627190
8 14 0.500000
9 1 0.708963
11 1 0.590483
11 14 0.500000
13 1 0.592241
13 14 0.500000
14 1 0.500000
14 4 0.500000
14 7 0.500000
14 8 0.500000
14 11 0.500000
14 13 0.500000
1 1 0.742541
1 3 0.500000
1 10 0.507084
1 12 0.500000
2 2 0.541274
2 3 0.500000
2 4 0.565232
2 5 0.554617
2 6 0.508327
2 7 0.533181
2 8 0.552263
2 9 0.561323
2 10 0.502532
2 11 0.534051
2 12 0.500000
2 13 0.536660
2 14 0.500000
3 1 0.500000
3 2 0.500000
3 3 0.500000
3 4 0.500000
3 5 0.500000
3 6 0.500000
3 7 0.500000
3 8 0.500000
3 9 0.500000
3 10 0.500000
3 11 0.500000
3 12 0.500000
3 13 0.500000
3 14 0.500000
4 2 0.565232
4 3 0.500000
4 4 0.694137
4 5 0.570022
4 6 0.678492
4 7 0.550129
4 8 0.571295
4 9 0.528923
4 10 0.506363
4 11 0.562451
4 12 0.500000
4 13 0.562864
5 2 0.554617
5 3 0.500000
5 4 0.570022
5 5 0.626703
5 6 0.611110
5 7 0.551870
5 8 0.590682
5 9 0.622183
5 10 0.502343
5 11 0.549949
5 12 0.500000
5 13 0.544098
5 14 0.500000
6 2 0.508327
6 3 0.500000
6 4 0.678492
6 5 0.611110
6 6 0.988332
6 7 0.548887
6 8 0.549909
6 9 0.385923
6 10 0.491666
6 11 0.542103
6 12 0.500000
6 13 0.538019
6 14 0.500000
7 2 0.533181
7 3 0.500000
7 4 0.550129
7 5 0.551870
7 6 0.548887
7 7 0.569878
7 8 0.548702
7 9 0.673507
7 10 0.499338
7 11 0.536890
7 12 0.500000
7 13 0.544198
8 2 0.552263
8 3 0.500000
8 4 0.571295
8 5 0.590682
8 6 0.549909
8 7 0.548702
8 8 0.581046
8 9 0.605776
8 10 0.500684
8 11 0.543778
8 12 0.500000
8 13 0.544572
9 2 0.561323
9 3 0.500000
9 4 0.528923
9 5 0.622183
9 6 0.385923
9 7 0.673507
9 8 0.605776
9 9 0.994632
9 10 0.535856
9 11 0.560061
9 12 0.500000
9 13 0.589038
9 14 0.500000
10 1 0.507084
10 2 0.502532
10 3 0.500000
10 4 0.506363
10 5 0.502343
10 6 0.491666
10 7 0.499338
10 8 0.500684
10 9 0.535856
10 10 0.506502
10 11 0.502427
10 12 0.500000
10 13 0.501766
10 14 0.500000
11 2 0.534051
11 3 0.500000
11 4 0.562451
11 5 0.549949
11 6 0.542103
11 7 0.536890
11 8 0.543778
11 9 0.560061
11 10 0.502427
11 11 0.533105
11 12 0.500000
11 13 0.533677
12 1 0.500000
12 2 0.500000
12 3 0.500000
12 4 0.500000
12 5 0.500000
12 6 0.500000
12 7 0.500000
12 8 0.500000
12 9 0.500000
12 10 0.500000
12 11 0.500000
12 12 0.500000
12 13 0.500000
12 14 0.500000
13 2 0.536660
13 3 0.500000
13 4 0.562864
13 5 0.544098
13 6 0.538019
13 7 0.544198
13 8 0.544572
13 9 0.589038
13 10 0.501766
13 11 0.533677
13 12 0.500000
13 13 0.541750
14 2 0.500000
14 3 0.500000
14 5 0.500000
14 6 0.500000
14 9 0.500000
14 10 0.500000
14 12 0.500000
14 14 0.500000
