1 2 0.786701
1 4 0.878106
1 5 0.880079
1 6 0.863569
1 7 0.841979
1 8 0.793170
1 9 0.799527
1 11 0.500000
1 13 0.804076
1 14 0.500000
2 1 0.786701
4 1 0.878106
4 14 0.500000
5 1 0.880079
6 1 0.863569
7 1 0.841979
7 14 0.500000
8 1 0.793170
8 14 0.500000
9 1 0.799527
11 1 0.500000
11 14 0.500000
13 1 0.804076
13 14 0.500000
14 1 0.500000
14 4 0.500000
14 7 0.500000
14 8 0.500000
14 11 0.500000
14 13 0.500000
1 1 0.966922
1 3 0.500000
1 10 0.514315
1 12 0.500000
2 2 0.630018
2 3 0.500000
2 4 0.678619
2 5 0.688383
2 6 0.671914
2 7 0.657881
2 8 0.621325
2 9 0.645445
2 10 0.498848
2 11 0.500000
2 12 0.500000
2 13 0.639773
2 14 0.500000
3 1 0.500000
3 2 0.500000
3 3 0.500000
3 4 0.500000
3 5 0.500000
3 6 0.500000
3 7 0.500000
3 8 0.500000
3 9 0.500000
3 10 0.500000
3 11 0.500000
3 12 0.500000
3 13 0.500000
3 14 0.500000
4 2 0.678619
4 3 0.500000
4 4 0.817146
4 5 0.752520
4 6 0.754807
4 7 0.704339
4 8 0.511422
4 9 0.655513
4 10 0.509271
4 11 0.500000
4 12 0.500000
4 13 0.689286
5 2 0.688383
5 3 0.500000
5 4 0.752520
5 5 0.787590
5 6 0.759764
5 7 0.740253
5 8 0.715109
5 9 0.694224
5 10 0.501630
5 11 0.500000
5 12 0.500000
5 13 0.701574
5 14 0.500000
6 2 0.671914
6 3 0.500000
6 4 0.754807
6 5 0.759764
6 6 0.765147
6 7 0.713976
6 8 0.624113
6 9 0.664619
6 10 0.499934
6 11 0.500000
6 12 0.500000
6 13 0.686364
6 14 0.500000
7 2 0.657881
7 3 0.500000
7 4 0.704339
7 5 0.740253
7 6 0.713976
7 7 0.720856
7 8 0.723669
7 9 0.669941
7 10 0.507503
7 11 0.500000
7 12 0.500000
7 13 0.672017
8 2 0.621325
8 3 0.500000
8 4 0.511422
8 5 0.715109
8 6 0.624113
8 7 0.723669
8 8 0.947494
8 9 0.654841
8 10 0.522964
8 11 0.500000
8 12 0.500000
8 13 0.633646
9 2 0.645445
9 3 0.500000
9 4 0.655513
9 5 0.694224
9 6 0.664619
9 7 0.669941
9 8 0.654841
9 9 0.861053
9 10 0.495314
9 11 0.500000
9 12 0.500000
9 13 0.666281
9 14 0.500000
10 1 0.514315
10 2 0.498848
10 3 0.500000
10 4 0.509271
10 5 0.501630
10 6 0.499934
10 7 0.507503
10 8 0.522964
10 9 0.495314
10 10 0.510514
10 11 0.500000
10 12 0.500000
10 13 0.497843
10 14 0.500000
11 2 0.500000
11 3 0.500000
11 4 0.500000
11 5 0.500000
11 6 0.500000
11 7 0.500000
11 8 0.500000
11 9 0.500000
11 10 0.500000
11 11 0.500000
11 12 0.500000
11 13 0.500000
12 1 0.500000
12 2 0.500000
12 3 0.500000
12 4 0.500000
12 5 0.500000
12 6 0.500000
12 7 0.500000
12 8 0.500000
12 9 0.500000
12 10 0.500000
12 11 0.500000
12 12 0.500000
12 13 0.500000
12 14 0.500000
13 2 0.639773
13 3 0.500000
13 4 0.689286
13 5 0.701574
13 6 0.686364
13 7 0.672017
13 8 0.633646
13 9 0.666281
13 10 0.497843
13 11 0.500000
13 12 0.500000
13 13 0.652752
14 2 0.500000
14 3 0.500000
14 5 0.500000
14 6 0.500000
14 9 0.500000
14 10 0.500000
14 12 0.500000
14 14 0.500000
