1 2 0.599103
1 4 0.659367
1 5 0.686113
1 6 0.685311
1 7 0.605257
1 8 0.613101
1 9 0.672281
1 11 0.591168
1 13 0.612668
1 14 0.500000
2 1 0.599103
4 1 0.659367
4 14 0.500000
5 1 0.686113
6 1 0.685311
7 1 0.605257
7 14 0.500000
8 1 0.613101
8 14 0.500000
9 1 0.672281
11 1 0.591168
11 14 0.500000
13 1 0.612668
13 14 0.500000
14 1 0.500000
14 4 0.500000
14 7 0.500000
14 8 0.500000
14 11 0.500000
14 13 0.500000
1 1 0.735692
1 3 0.500000
1 10 0.514301
1 12 0.500000
2 2 0.544217
2 3 0.500000
2 4 0.565967
2 5 0.567950
2 6 0.553407
2 7 0.544075
2 8 0.548624
2 9 0.563137
2 10 0.502620
2 11 0.538330
2 12 0.500000
2 13 0.549514
2 14 0.500000
3 1 0.500000
3 2 0.500000
3 3 0.500000
3 4 0.500000
3 5 0.500000
3 6 0.500000
3 7 0.500000
3 8 0.500000
3 9 0.500000
3 10 0.500000
3 11 0.500000
3 12 0.500000
3 13 0.500000
3 14 0.500000
4 2 0.565967
4 3 0.500000
4 4 0.640123
4 5 0.593536
4 6 0.597773
4 7 0.551228
4 8 0.567249
4 9 0.466921
4 10 0.507866
4 11 0.560172
4 12 0.500000
4 13 0.583441
5 2 0.567950
5 3 0.500000
5 4 0.593536
5 5 0.985232
5 6 0.874055
5 7 0.567800
5 8 0.635494
5 9 0.857623
5 10 0.566043
5 11 0.577481
5 12 0.500000
5 13 0.590215
5 14 0.500000
6 2 0.553407
6 3 0.500000
6 4 0.597773
6 5 0.874055
6 6 0.989760
6 7 0.552871
6 8 0.594983
6 9 0.915470
6 10 0.577466
6 11 0.567203
6 12 0.500000
6 13 0.558086
6 14 0.500000
7 2 0.544075
7 3 0.500000
7 4 0.551228
7 5 0.567800
7 6 0.552871
7 7 0.562641
7 8 0.548668
7 9 0.645155
7 10 0.502473
7 11 0.539010
7 12 0.500000
7 13 0.543465
8 2 0.548624
8 3 0.500000
8 4 0.567249
8 5 0.635494
8 6 0.594983
8 7 0.548668
8 8 0.572367
8 9 0.632227
8 10 0.508829
8 11 0.545186
8 12 0.500000
8 13 0.554122
9 2 0.563137
9 3 0.500000
9 4 0.466921
9 5 0.857623
9 6 0.915470
9 7 0.645155
9 8 0.632227
9 9 0.991518
9 10 0.564564
9 11 0.564608
9 12 0.500000
9 13 0.534003
9 14 0.500000
10 1 0.514301
10 2 0.502620
10 3 0.500000
10 4 0.507866
10 5 0.566043
10 6 0.577466
10 7 0.502473
10 8 0.508829
10 9 0.564564
10 10 0.511265
10 11 0.504313
10 12 0.500000
10 13 0.504290
10 14 0.500000
11 2 0.538330
11 3 0.500000
11 4 0.560172
11 5 0.577481
11 6 0.567203
11 7 0.539010
11 8 0.545186
11 9 0.564608
11 10 0.504313
11 11 0.534669
11 12 0.500000
11 13 0.543452
12 1 0.500000
12 2 0.500000
12 3 0.500000
12 4 0.500000
12 5 0.500000
12 6 0.500000
12 7 0.500000
12 8 0.500000
12 9 0.500000
12 10 0.500000
12 11 0.500000
12 12 0.500000
12 13 0.500000
12 14 0.500000
13 2 0.549514
13 3 0.500000
13 4 0.583441
13 5 0.590215
13 6 0.558086
13 7 0.543465
13 8 0.554122
13 9 0.534003
13 10 0.504290
13 11 0.543452
13 12 0.500000
13 13 0.560241
14 2 0.500000
14 3 0.500000
14 5 0.500000
14 6 0.500000
14 9 0.500000
14 10 0.500000
14 12 0.500000
14 14 0.500000
