1 2 0.707961
1 4 0.879764
1 5 0.744527
1 6 0.717251
1 7 0.716070
1 8 0.744418
1 9 0.672426
1 11 0.647567
1 13 0.692605
1 14 0.500000
2 1 0.707961
4 1 0.879764
4 14 0.500000
5 1 0.744527
6 1 0.717251
7 1 0.716070
7 14 0.500000
8 1 0.744418
8 14 0.500000
9 1 0.672426
11 1 0.647567
11 14 0.500000
13 1 0.692605
13 14 0.500000
14 1 0.500000
14 4 0.500000
14 7 0.500000
14 8 0.500000
14 11 0.500000
14 13 0.500000
1 1 0.871564
1 3 0.500000
1 10 0.522281
1 12 0.500000
2 2 0.681210
2 3 0.500000
2 4 0.811871
2 5 0.595758
2 6 0.607809
2 7 0.608582
2 8 0.600940
2 9 0.601461
2 10 0.519830
2 11 0.565563
2 12 0.500000
2 13 0.588248
2 14 0.500000
3 1 0.500000
3 2 0.500000
3 3 0.500000
3 4 0.500000
3 5 0.500000
3 6 0.500000
3 7 0.500000
3 8 0.500000
3 9 0.500000
3 10 0.500000
3 11 0.500000
3 12 0.500000
3 13 0.500000
3 14 0.500000
4 2 0.811871
4 3 0.500000
4 4 0.973058
4 5 0.716956
4 6 0.702788
4 7 0.750451
4 8 0.742588
4 9 0.709791
4 10 0.547076
4 11 0.650054
4 12 0.500000
4 13 0.711422
5 2 0.595758
5 3 0.500000
5 4 0.716956
5 5 0.669579
5 6 0.639820
5 7 0.615508
5 8 0.641551
5 9 0.594902
5 10 0.507482
5 11 0.587992
5 12 0.500000
5 13 0.616466
5 14 0.500000
6 2 0.607809
6 3 0.500000
6 4 0.702788
6 5 0.639820
6 6 0.642851
6 7 0.610358
6 8 0.612522
6 9 0.574191
6 10 0.507058
6 11 0.574896
6 12 0.500000
6 13 0.606837
6 14 0.500000
7 2 0.608582
7 3 0.500000
7 4 0.750451
7 5 0.615508
7 6 0.610358
7 7 0.633793
7 8 0.625584
7 9 0.586047
7 10 0.513391
7 11 0.574373
7 12 0.500000
7 13 0.604486
8 2 0.600940
8 3 0.500000
8 4 0.742588
8 5 0.641551
8 6 0.612522
8 7 0.625584
8 8 0.664332
8 9 0.588653
8 10 0.511798
8 11 0.581312
8 12 0.500000
8 13 0.612376
9 2 0.601461
9 3 0.500000
9 4 0.709791
9 5 0.594902
9 6 0.574191
9 7 0.586047
9 8 0.588653
9 9 0.600175
9 10 0.511214
9 11 0.561179
9 12 0.500000
9 13 0.567552
9 14 0.500000
10 1 0.522281
10 2 0.519830
10 3 0.500000
10 4 0.547076
10 5 0.507482
10 6 0.507058
10 7 0.513391
10 8 0.511798
10 9 0.511214
10 10 0.503868
10 11 0.506902
10 12 0.500000
10 13 0.509282
10 14 0.500000
11 2 0.565563
11 3 0.500000
11 4 0.650054
11 5 0.587992
11 6 0.574896
11 7 0.574373
11 8 0.581312
11 9 0.561179
11 10 0.506902
11 11 0.550832
11 12 0.500000
11 13 0.565265
12 1 0.500000
12 2 0.500000
12 3 0.500000
12 4 0.500000
12 5 0.500000
12 6 0.500000
12 7 0.500000
12 8 0.500000
12 9 0.500000
12 10 0.500000
12 11 0.500000
12 12 0.500000
12 13 0.500000
12 14 0.500000
13 2 0.588248
13 3 0.500000
13 4 0.711422
13 5 0.616466
13 6 0.606837
13 7 0.604486
13 8 0.612376
13 9 0.567552
13 10 0.509282
13 11 0.565265
13 12 0.500000
13 13 0.599477
14 2 0.500000
14 3 0.500000
14 5 0.500000
14 6 0.500000
14 9 0.500000
14 10 0.500000
14 12 0.500000
14 14 0.500000
