1 2 0.600958
1 4 0.766743
1 5 0.689128
1 6 0.924124
1 7 0.694797
1 8 0.716250
1 9 0.693107
1 11 0.640092
1 13 0.670392
1 14 0.500000
2 1 0.600958
4 1 0.766743
4 14 0.500000
5 1 0.689128
6 1 0.924124
7 1 0.694797
7 14 0.500000
8 1 0.716250
8 14 0.500000
9 1 0.693107
11 1 0.640092
11 14 0.500000
13 1 0.670392
13 14 0.500000
14 1 0.500000
14 4 0.500000
14 7 0.500000
14 8 0.500000
14 11 0.500000
14 13 0.500000
1 1 0.816488
1 3 0.500000
1 10 0.541844
1 12 0.500000
2 2 0.633985
2 3 0.500000
2 4 0.680115
2 5 0.563677
2 6 0.634034
2 7 0.583479
2 8 0.547452
2 9 0.557113
2 10 0.513197
2 11 0.534462
2 12 0.500000
2 13 0.548110
2 14 0.500000
3 1 0.500000
3 2 0.500000
3 3 0.500000
3 4 0.500000
3 5 0.500000
3 6 0.500000
3 7 0.500000
3 8 0.500000
3 9 0.500000
3 10 0.500000
3 11 0.500000
3 12 0.500000
3 13 0.500000
3 14 0.500000
4 2 0.680115
4 3 0.500000
4 4 0.992391
4 5 0.613170
4 6 0.995639
4 7 0.743697
4 8 0.757844
4 9 0.596114
4 10 0.530844
4 11 0.620541
4 12 0.500000
4 13 0.668618
5 2 0.563677
5 3 0.500000
5 4 0.613170
5 5 0.625673
5 6 0.709966
5 7 0.605392
5 8 0.614631
5 9 0.608012
5 10 0.527692
5 11 0.575987
5 12 0.500000
5 13 0.588898
5 14 0.500000
6 2 0.634034
6 3 0.500000
6 4 0.995639
6 5 0.709966
6 6 1.000000
6 7 0.786608
6 8 0.849782
6 9 0.676377
6 10 0.479039
6 11 0.690025
6 12 0.500000
6 13 0.764079
6 14 0.500000
7 2 0.583479
7 3 0.500000
7 4 0.743697
7 5 0.605392
7 6 0.786608
7 7 0.654492
7 8 0.630029
7 9 0.609757
7 10 0.516808
7 11 0.583581
7 12 0.500000
7 13 0.601434
8 2 0.547452
8 3 0.500000
8 4 0.757844
8 5 0.614631
8 6 0.849782
8 7 0.630029
8 8 0.670384
8 9 0.623967
8 10 0.529349
8 11 0.594120
8 12 0.500000
8 13 0.616289
9 2 0.557113
9 3 0.500000
9 4 0.596114
9 5 0.608012
9 6 0.676377
9 7 0.609757
9 8 0.623967
9 9 0.632811
9 10 0.525911
9 11 0.579280
9 12 0.500000
9 13 0.595636
9 14 0.500000
10 1 0.541844
10 2 0.513197
10 3 0.500000
10 4 0.530844
10 5 0.527692
10 6 0.479039
10 7 0.516808
10 8 0.529349
10 9 0.525911
10 10 0.513893
10 11 0.517241
10 12 0.500000
10 13 0.519715
10 14 0.500000
11 2 0.534462
11 3 0.500000
11 4 0.620541
11 5 0.575987
11 6 0.690025
11 7 0.583581
11 8 0.594120
11 9 0.579280
11 10 0.517241
11 11 0.558925
11 12 0.500000
11 13 0.570926
12 1 0.500000
12 2 0.500000
12 3 0.500000
12 4 0.500000
12 5 0.500000
12 6 0.500000
12 7 0.500000
12 8 0.500000
12 9 0.500000
12 10 0.500000
12 11 0.500000
12 12 0.500000
12 13 0.500000
12 14 0.500000
13 2 0.548110
13 3 0.500000
13 4 0.668618
13 5 0.588898
13 6 0.764079
13 7 0.601434
13 8 0.616289
13 9 0.595636
13 10 0.519715
13 11 0.570926
13 12 0.500000
13 13 0.589641
14 2 0.500000
14 3 0.500000
14 5 0.500000
14 6 0.500000
14 9 0.500000
14 10 0.500000
14 12 0.500000
14 14 0.500000
