1.850000
2.015944
2.538401
1.632526
2.093321
1.679143
3.089051
2.214242
4.809315
1.332908
2.948024
1.143889
1.930292
3.340958
1.699638
2.108277
1.966368
1.790488
1.410625
2.000936
2.418424
1.757732
1.847818
2.673790
4.637814
1.509296
1.944818
2.329914
2.651441
2.582675
1.409088
1.257863
2.622310
1.580569
2.340275
1.911420
2.512560
1.876642
1.788123
2.759995
1.702601
1.986683
1.929095
1.621320
1.713282
1.869980
1.601687
2.309465
1.854857
3.216021
1.604051
1.819605
2.006523
1.964743
1.848522
2.374951
1.424117
2.240913
1.707399
2.493912
2.977473
2.881047
1.337384
1.679987
3.287318
1.690537
1.537111
1.577998
0.745994
1.663145
1.363538
1.523532
2.567349
1.803976
2.720187
1.988735
1.187633
2.445034
2.992377
2.643195
2.626909
1.896065
1.975624
1.258536
1.799282
1.108781
2.500572
2.690327
1.487409
1.948083
1.539819
1.222474
2.194401
1.706625
1.513451
1.981833
1.823100
2.208696
1.489956
1.811016
2.981143
2.657784
1.300122
2.329912
3.878608
2.335371
2.351517
2.399614
2.511399
1.371797
2.365868
2.178526
2.538835
2.482656
1.199653
3.221557
2.348039
3.802994
2.221640
1.813169
1.480239
2.781991
1.307142
2.370623
1.729647
1.012779
1.733906
2.205134
2.061072
2.241772
2.758819
1.886817
1.420671
1.866823
1.975142
2.273005
1.449032
3.137395
1.784606
1.751476
1.807479
2.169519
2.166193
1.372927
1.357488
2.717536
1.381067
1.334991
2.140701
1.772837
2.474757
1.579779
1.793871
1.009127
4.179001
2.136347
1.954763
2.733634
2.840856
1.799874
2.533058
1.627265
1.564421
1.940612
3.569068
2.410762
2.173743
3.035195
2.110647
2.665204
1.903787
2.137228
0.964910
1.842408
2.022166
1.698048
2.457918
4.348942
1.752987
2.565596
1.743743
2.916429
1.946710
1.260846
2.326660
1.638712
2.028850
1.004531
1.315615
2.226451
1.581296
2.238787
2.475715
1.827486
1.704235
1.369603
1.817739
2.339607
1.018531
1.872058
1.041187
2.610750
2.519328
2.284939
1.755040
1.787809
1.135121
1.724348
2.291749
2.413005
2.226052
1.615723
2.200135
2.358856
2.107881
2.278442
1.808682
3.382355
1.601273
1.390762
4.376442
1.742270
1.104301
2.302474
1.487552
2.083789
3.279975
3.481467
1.413158
1.677722
2.357193
2.402815
1.276456
2.220277
1.877284
2.190832
1.514362
1.239822
1.914725
2.013196
1.755654
3.474543
1.499437
1.358425
1.798425
2.320749
1.780487
2.152481
2.703917
1.735772
1.690057
3.031885
2.146264
1.732634
3.691793
2.250933
2.224937
2.012421
1.545205
1.815679
2.155110
1.387962
2.324757
1.720326
1.665994
2.735436
1.521982
1.901597
2.400112
1.357846
1.485153
2.015991
0.984809
1.608173
1.824654
2.320795
1.745445
1.959828
1.979123
2.161681
1.345326
4.168675
1.750757
1.646613
2.110173
2.445091
2.634548
2.638117
1.235239
1.436883
1.256565
1.889239
1.614694
1.218625
1.348164
2.204471
2.451221
1.330874
1.493735
1.434002
2.462446
2.719005
2.687634
2.235001
1.434380
2.565468
1.854154
2.339894
1.294680
1.963609
2.755261
1.315857
1.921503
1.514907
2.050296
1.004116
1.235200
2.466681
2.716819
1.460306
1.545774
1.981517
1.509481
1.875751
3.572957
1.467507
2.247021
1.214813
1.724974
1.757756
3.108379
2.239841
1.066228
2.473587
2.824171
1.418157
1.095546
1.638596
3.064396
1.838577
1.470548
1.933698
1.595752
2.279016
2.156985
2.035097
1.362077
1.759492
1.555928
1.898758
1.260474
1.698693
2.513876
0.913707
1.760594
2.559187
2.066446
2.585543
1.677525
2.730876
1.218372
1.890918
3.433965
1.970309
1.731369
2.080417
2.066648
1.468218
2.362303
1.320030
1.286026
2.994229
1.742538
2.576605
1.383341
2.114918
1.310454
2.253957
1.979487
1.886850
1.623222
0.877491
1.733321
1.213575
1.587849
2.295434
2.070490
1.953732
1.617523
1.852862
1.118413
2.411732
2.644649
2.498978
2.754351
2.247913
3.612007
1.676954
1.565103
1.451451
2.442619
1.913397
2.484988
2.518185
1.663103
1.883313
2.709218
2.585649
1.780254
2.435836
1.208495
1.110031
1.373814
1.494950
1.764529
1.637258
1.430505
2.660474
1.670723
1.650552
1.687653
2.077498
2.871611
