2.431055
2.812021
2.959773
2.036935
3.261751
3.117636
2.200000
2.167270
2.876416
2.548884
2.785619
2.317868
2.809158
1.817552
3.141187
2.922498
2.958446
2.399510
3.546383
2.879720
3.202430
1.969432
4.452591
3.164966
2.608516
3.603688
1.953436
2.429524
4.151154
2.604027
2.495304
2.053787
2.462502
2.322280
2.977129
1.650442
2.851138
3.259694
2.333538
3.176443
3.182464
2.642306
2.842323
2.457590
3.528497
2.128477
1.926801
3.174661
2.115688
3.951798
2.257777
1.950467
2.088064
1.810814
2.672152
4.103216
2.812304
1.739931
2.203349
1.895979
2.791048
2.267560
3.547929
1.946840
1.946399
2.457806
1.637204
1.906518
2.734956
3.049639
1.816859
2.402919
2.427084
2.074674
2.524801
2.587866
2.000854
2.355757
2.308371
2.895030
3.558106
2.337710
2.422902
2.422236
2.302125
2.041616
2.818021
2.625816
2.786500
1.402095
2.235018
3.351151
2.508124
2.750576
2.537883
1.670147
2.096264
2.615494
1.764299
3.211516
2.435587
2.485431
3.713924
1.790032
2.796864
2.579700
3.226468
1.880296
2.153094
2.018988
2.551494
2.114860
1.935807
3.315454
1.702859
2.270668
2.705346
2.282982
1.695028
2.424644
3.194619
2.626492
2.417240
1.645515
2.478593
2.205240
2.934811
2.663016
2.478826
1.915749
1.812414
1.736600
2.790462
1.809742
3.098145
3.559371
2.783727
1.943267
2.356871
2.408298
2.428713
2.374804
1.172308
2.201289
2.479114
2.971334
3.099784
1.456685
2.370277
2.610453
1.859247
2.324348
3.624227
2.997658
2.353662
1.924835
3.148079
2.127728
2.997733
1.606198
1.493762
2.144429
1.705039
1.994700
2.252123
1.972411
1.925037
1.688212
3.184727
2.072816
3.396293
3.101724
2.032789
1.717279
2.130548
2.228819
3.260594
1.873756
2.990216
2.216867
2.581647
2.346492
2.540169
1.365820
2.651555
2.561802
2.272995
2.929488
2.693006
2.098580
2.968246
2.990283
2.204107
1.689652
2.328686
3.480565
1.821143
2.713445
2.622990
4.463215
2.632360
2.799095
2.386423
1.347345
2.696841
2.237479
2.704013
2.751701
1.667790
2.380123
2.619279
1.849499
2.528006
2.269339
2.400887
2.293501
2.516983
2.188232
1.679451
1.745945
2.237112
1.679632
2.297487
2.443188
2.109843
4.374798
1.802069
2.091587
2.490252
1.814731
1.907068
2.248477
2.191605
4.033244
2.811670
2.226012
2.136023
1.917732
2.369451
2.273566
2.225973
2.010816
2.002106
2.884148
3.349722
3.202657
2.229294
2.799358
2.310498
2.035127
2.252725
3.292067
1.697664
1.672956
2.835292
1.977725
2.084627
2.520389
3.670804
1.847971
2.062375
2.437841
2.750347
2.416044
1.978270
2.168428
1.368107
2.027883
2.649060
2.844180
1.273290
1.717574
1.785695
2.379602
1.884905
3.593081
2.029639
2.358105
1.379726
2.335253
2.185692
3.333658
2.112840
2.841640
3.035110
2.343769
2.705220
2.435623
2.428808
2.098196
2.925876
1.841317
3.036696
3.345201
2.154266
2.414234
2.364476
2.706842
2.110358
2.453000
1.660952
2.478240
2.519848
1.712246
2.878637
1.944978
2.627608
2.355868
2.867802
2.173784
2.278486
3.560015
2.460386
2.929467
1.807489
1.818996
2.029834
1.742874
1.548839
1.605101
3.208253
2.100214
2.026577
2.788468
1.710009
1.644879
2.165870
2.138210
3.636150
1.519468
2.397222
2.108366
2.089128
1.930065
2.170253
1.965734
2.758530
2.970288
3.010350
2.520220
2.291817
3.107106
1.874009
1.897442
2.268262
2.600382
2.775618
1.574007
1.889203
2.006275
3.318375
3.634715
2.377870
2.977355
1.745773
2.523930
2.009171
1.783493
1.738447
1.714943
1.896876
1.794237
2.153059
2.827106
1.925318
1.871960
3.194199
