1.428145
1.804962
1.719315
2.425717
2.608049
2.598531
2.547338
1.866265
2.003207
1.624542
2.489104
1.520084
2.369083
1.939332
1.275851
2.037080
1.231485
2.139746
1.908057
2.368410
1.916528
2.323133
2.126211
2.413603
1.594650
1.609663
2.564950
1.769598
1.741358
2.118342
2.370586
1.449570
2.035538
2.377091
2.374025
1.383083
2.040163
1.740432
2.114373
2.052526
2.358232
1.786244
2.937699
1.873933
1.305012
2.510660
1.586564
1.741435
2.082247
2.258259
2.583393
1.559464
1.668792
1.195079
1.175694
1.816988
1.129743
1.925358
1.223011
1.768578
2.220640
2.266198
1.155283
1.667148
1.384973
1.781925
2.747709
1.346163
2.627407
1.384736
2.426950
1.355708
1.989873
2.486330
2.063961
1.932150
1.596777
1.823992
1.201622
1.779518
1.151424
1.312695
1.508237
1.486851
2.687185
2.116265
1.819439
1.573351
2.141552
1.817381
2.225284
1.657366
1.625237
1.610935
1.162315
2.169517
1.898245
2.133597
2.025800
3.645459
1.598432
2.322412
2.281164
1.270831
2.623695
2.885625
1.841017
2.474555
2.645166
1.478322
1.866091
1.275430
2.039170
1.794661
1.647387
1.460671
1.696447
1.739444
2.842327
1.727320
3.012693
1.683263
3.081614
1.566863
1.595728
1.604716
3.531367
2.814938
1.670447
1.706017
1.880504
2.823835
1.455695
1.894908
1.626305
2.005017
1.879883
2.778560
1.254496
1.015419
2.721116
2.047431
1.457515
2.005819
2.219917
2.444737
1.911103
1.662452
1.600552
2.342616
3.294523
2.496855
1.312629
1.604372
1.817397
1.279341
1.700648
1.449569
1.491996
1.373455
1.474002
2.307683
1.447312
1.480181
2.083086
1.642195
2.543810
