1.204067
1.733874
1.458375
1.591363
1.729956
1.481346
1.069346
1.958712
1.133207
2.217768
2.068820
1.155555
1.882304
1.401568
1.691999
1.975991
1.465290
2.786793
1.794590
2.632620
1.983684
1.778709
1.572886
2.395475
1.443651
2.431663
2.157086
2.020621
2.025985
1.761526
1.733179
3.002848
1.944348
1.464992
1.940076
2.802630
1.251836
1.885483
1.127948
2.109540
1.517806
1.436105
1.319281
1.690507
1.868497
1.491439
1.487936
2.751641
1.490187
1.512319
2.668348
1.175148
2.045209
1.792333
1.844518
1.512444
2.282357
1.899881
1.528921
1.857032
1.429719
1.602736
1.314327
2.395590
1.458136
2.999143
1.440309
1.878491
2.703237
1.453494
2.034900
1.924853
2.929979
1.710020
1.863737
1.779190
2.082552
1.835798
1.178781
1.397818
1.408215
1.462656
1.579176
1.716867
0.925847
2.080379
2.410777
2.194469
1.125734
1.558821
1.886624
1.340253
1.037654
2.512115
1.177600
1.718349
1.895659
1.722497
2.523601
1.430572
2.195213
1.965595
1.507407
1.163850
1.546342
1.692711
1.573978
2.082008
2.317072
1.426812
1.248009
1.549854
1.912130
1.129168
2.103929
2.658198
1.595720
1.320181
1.896052
1.911878
2.316346
1.382641
1.599593
1.186451
2.200556
3.106006
2.192392
1.051342
1.434906
1.250088
3.094570
4.610699
1.720290
1.740015
1.800439
1.567773
2.051462
1.600451
1.578607
1.363933
2.016759
2.528096
1.259364
1.984594
2.210280
1.484352
2.604288
1.043800
1.998335
2.128738
2.098240
2.456927
2.713423
2.284330
1.622617
1.553316
1.727411
1.200120
