1.246348
1.247500
1.334329
1.741811
1.225798
1.334026
2.198735
1.600745
2.443524
2.516862
2.595608
1.231306
1.693608
1.238953
1.005027
0.946590
1.478842
1.288280
2.109199
1.914289
1.209188
2.216374
4.027228
2.222979
2.006306
1.374692
2.253952
2.603534
1.730819
2.736703
1.307358
2.023721
1.246694
2.757341
2.047709
1.277410
1.037536
2.127949
1.478412
2.210007
1.432655
2.112368
2.453507
1.294047
3.299415
2.137156
1.555101
2.674218
1.706154
2.299334
2.563937
1.999649
1.669253
2.112130
1.232420
2.868846
2.076805
1.518747
1.343757
1.913746
1.713174
1.095702
1.755567
2.522429
1.421134
1.788248
1.912153
2.710790
2.033693
2.230202
0.933771
1.003070
1.246984
1.126122
1.861394
1.419366
2.067225
1.893970
1.478299
1.395621
1.251143
1.896169
1.828704
1.145250
1.642876
1.179856
2.084172
1.607447
2.429312
1.971016
2.236841
1.888878
3.563799
3.192062
1.612070
1.656237
1.717477
1.201815
1.942675
1.367639
1.164357
