2.557978
1.812476
3.651802
2.259088
3.216038
2.941793
3.190491
1.967861
1.795179
2.826110
2.447041
2.118602
2.854515
2.225038
1.992235
2.347109
2.235482
2.737256
2.689091
2.541706
2.195385
3.598407
2.510546
2.528623
2.348739
1.671686
1.951121
3.361142
2.479956
2.696815
2.773320
2.228574
2.043073
2.008606
2.119876
2.106617
2.469129
3.791371
3.259528
2.001487
2.663087
2.389592
2.713644
1.853649
2.505865
3.250402
2.486788
2.179450
1.738642
2.140545
2.290367
1.840664
2.397447
2.541389
4.142136
1.725054
2.665558
2.347658
3.233344
1.965981
1.957293
2.899535
1.943805
2.608704
2.061747
3.141417
1.840125
3.128309
2.445172
3.224485
2.068060
1.692264
1.804328
2.048513
1.832492
2.229055
2.357221
2.038977
1.588426
2.086596
2.156963
2.885802
4.853778
2.431216
2.556436
2.254460
2.998236
2.323492
2.598823
2.371666
2.455346
2.462346
2.443981
2.426385
2.226376
2.453807
2.365869
2.290540
1.501161
1.682045
1.990762
2.374041
1.932552
2.623904
2.002927
3.188998
2.331429
2.279869
2.325873
2.259167
2.101000
1.785459
2.954036
3.469752
2.146043
3.043817
2.569155
2.291445
3.077107
2.159095
2.612520
1.877633
2.298100
1.560336
2.421940
1.644408
1.880568
2.174413
1.606686
2.077553
