4.250007
3.448581
3.455991
3.262278
3.346181
3.191312
3.171882
3.276994
5.190123
3.468146
3.103581
4.004476
4.089474
4.873446
3.929148
3.199548
3.935862
3.977924
3.928270
3.288862
5.867337
3.569531
3.333142
4.987115
3.447476
3.792259
4.213928
4.624783
4.384968
3.300410
2.495255
2.804991
2.622512
4.670688
3.508495
3.092468
2.971243
3.815454
2.567322
2.935694
3.178184
2.939929
4.453907
1.852379
2.668303
2.175149
2.880379
4.412969
3.558687
2.968305
3.536285
2.547566
3.584300
4.175043
4.429865
3.818047
3.828680
2.963447
3.621203
2.339603
2.542923
2.988191
4.006210
2.772446
3.478668
3.077698
4.114622
3.626306
3.691610
2.981901
3.026408
2.903843
4.288174
3.853684
4.219014
2.110498
2.342876
3.404315
2.862667
3.400239
2.636050
3.914702
3.271534
2.530111
2.957991
2.513140
3.731297
2.417982
3.625196
3.243934
2.547478
2.996048
3.114279
3.491199
3.918243
3.569022
4.423798
3.172539
2.551061
3.274245
2.907561
2.641388
3.191690
2.997404
2.864248
2.904615
3.221672
3.086993
2.937515
2.238036
2.701353
5.842065
2.185820
2.637009
3.281943
3.352937
2.368371
2.275043
2.429759
2.893088
2.996686
2.655547
3.464880
2.762854
2.524778
4.744865
2.275842
3.320003
1.995698
3.768202
3.829807
2.542483
2.838405
2.317204
2.929531
2.884949
2.911510
3.024735
3.108236
3.127474
2.349428
2.343492
2.608222
2.141150
3.099393
3.088889
3.523199
3.240229
2.846833
3.831969
3.824414
2.966231
2.287684
2.157555
2.995701
3.458577
2.762860
3.108014
3.564791
2.586205
2.856354
3.599754
2.445296
2.285340
2.772792
2.070243
