4.692650
6.197666
4.126859
3.261515
3.341867
4.076817
4.858324
2.845568
3.926905
3.149059
3.800210
2.313448
4.411327
2.614718
4.288340
4.949745
1.997204
3.757292
1.686521
2.939732
6.506725
3.629936
2.301487
2.832203
4.040697
4.001395
2.483752
2.946944
3.173752
2.893677
3.765446
4.142932
3.168714
4.464101
4.904984
5.576888
6.514282
3.955096
2.025578
5.452464
3.548939
3.248912
3.503489
3.702824
2.062603
3.387881
4.286215
3.475411
5.416158
3.267258
2.323037
3.977175
2.996889
4.630508
3.032418
4.362484
3.788974
2.311447
3.321820
6.087669
3.745116
2.598003
2.637879
2.315983
3.125185
3.039192
3.240150
3.785889
3.512192
3.883295
3.662774
3.279835
5.333332
2.166031
3.129178
2.968356
2.610622
2.759223
3.318917
2.741785
3.249545
4.544027
1.854640
2.197359
2.033300
3.892713
2.062572
3.933942
2.766898
2.951712
1.858190
3.126967
3.574485
4.939379
4.733585
2.062268
2.122735
2.717085
2.625976
3.700946
2.673049
1.939157
3.681937
2.598089
3.332364
1.815428
3.189714
4.314543
2.204067
2.133646
2.744908
2.875468
2.310148
2.611601
3.115066
3.324364
3.681404
2.651194
4.193730
1.936425
2.924994
2.965277
3.477873
3.015875
2.375488
3.168476
2.639944
3.413491
1.955079
3.450521
2.338662
3.953164
2.821468
2.025302
4.429065
3.660669
2.578969
3.279209
2.293693
2.945146
2.662516
2.499242
2.504077
2.635655
2.330388
2.777580
2.846580
3.177171
1.977783
3.116155
2.614668
2.231555
3.219818
3.118636
2.000103
2.866695
2.165309
2.127000
3.657967
3.600441
4.148825
3.083382
2.467745
2.570026
3.453315
3.184097
2.510344
2.493470
2.475122
3.221592
3.499842
2.661886
2.252380
3.467585
4.502618
2.869465
4.189624
3.293322
1.787625
2.990134
1.936607
2.714420
2.574462
2.720370
1.885241
2.373056
3.142971
2.413842
2.342794
