2.579771
5.734837
3.281108
2.962971
5.303280
5.096916
7.311458
5.568044
3.927725
3.426583
2.596096
2.906713
3.926503
3.950954
4.848389
3.892212
2.804828
4.376841
2.975687
4.056995
4.138656
2.943619
3.129576
2.758265
4.476758
5.046371
2.058760
2.779611
2.928313
2.818082
2.745383
2.684749
2.445648
3.512358
5.491966
4.442117
5.230598
3.320873
6.066160
4.475840
2.929742
3.157370
4.258904
3.618209
5.695129
3.821985
3.024898
2.969321
3.088339
2.408715
3.595317
2.648822
3.612807
3.450844
3.343948
4.301626
2.591308
4.427774
4.407331
2.654955
2.777899
3.528879
4.182671
3.962752
2.695400
2.861253
2.217007
4.410928
1.953340
3.261458
4.012097
3.071564
2.635563
3.639283
2.881776
3.162793
2.511683
3.289797
2.935100
4.967890
3.549156
2.671857
2.946921
2.835407
3.060661
2.715178
3.841848
3.951727
3.327840
3.042723
3.306243
2.521377
3.833720
3.793622
2.132925
4.248221
3.469774
3.394439
4.614894
2.242937
3.293676
3.022975
2.517662
2.150045
2.383051
3.444994
2.553773
2.868644
4.341721
2.174194
3.089158
3.425045
3.015261
3.058683
2.512728
3.022549
2.816118
4.191965
2.664946
2.495687
2.692225
2.347675
2.453499
2.222776
2.650004
3.221370
2.895122
2.350088
2.883458
2.373142
3.388482
1.797144
2.235941
3.064298
3.505180
3.004333
3.310431
3.085734
2.034826
3.024256
2.820668
3.909467
4.432956
2.199124
3.251646
2.627700
2.370319
2.904715
4.795888
2.133328
2.720797
2.440930
2.934776
3.905312
2.252551
3.010538
1.919834
3.572047
4.314106
2.534121
4.017568
2.453749
2.745752
3.309913
3.058063
4.489795
3.753460
3.013086
3.288582
3.117089
3.320846
1.886360
