1.912407
2.156087
3.618409
3.574142
3.438720
2.036535
2.505834
2.098168
2.063546
3.886546
2.670463
3.116123
2.731695
2.389781
2.809471
2.845350
2.011580
2.185178
2.612872
2.879029
2.243283
2.531329
2.522358
2.588256
2.187291
2.762299
3.297191
2.469663
2.581522
2.280272
3.255353
2.578078
2.500102
2.566541
1.976971
2.039251
1.891507
2.685627
2.568501
2.688215
2.285716
2.284460
2.916532
2.530236
2.273603
2.954154
2.402265
2.636194
2.135177
3.186773
2.255464
2.995408
2.337936
2.273375
2.342039
3.850000
2.578269
2.792375
2.537461
1.976621
2.944626
2.135103
2.445942
3.682601
1.737339
2.050597
3.358834
3.065076
2.237611
2.335300
1.803059
3.695699
2.105671
2.454036
2.833721
1.895955
2.411982
2.480727
2.567268
2.753659
2.831893
1.901750
3.033870
2.047776
2.412776
2.438401
3.164334
2.011017
1.992938
2.159095
2.839030
2.414469
2.355227
2.709581
2.829273
2.079218
3.086210
2.897711
2.105195
3.021974
3.514776
2.932231
2.418156
1.735795
2.150185
2.309157
2.689466
2.093484
3.506384
2.204606
1.872772
2.794719
1.742854
3.155043
2.423270
2.375359
3.627387
3.951410
3.400317
2.433575
1.856481
3.331966
2.062433
2.331898
2.006805
1.827044
2.668516
1.723382
3.508601
1.882967
