4.836458
2.410648
3.200259
2.907931
2.144265
2.298595
2.752547
4.515188
2.245148
3.204530
2.055384
4.337574
2.486542
4.862362
3.087353
2.531413
3.430493
3.113586
3.285723
2.601180
2.825800
3.796116
3.844292
1.954282
2.411541
3.990236
2.153523
4.389112
1.978033
2.718946
4.067365
2.943302
2.560254
3.384566
2.419815
1.676768
2.247244
1.706101
2.379030
2.204430
2.914114
2.631667
2.439122
2.430813
3.729567
2.357394
2.628622
2.082391
2.706884
2.090930
1.794432
2.146382
3.748423
2.390038
1.885347
3.252235
1.918525
3.382951
3.461386
2.023702
2.688505
2.098834
1.774472
1.882042
2.417856
2.070752
2.434144
2.210774
2.203470
3.552095
2.188893
3.207969
3.825307
2.656593
2.304338
2.077212
2.504035
2.216098
2.460633
3.954580
1.887641
2.130122
2.519029
2.345409
3.733041
2.682023
2.784251
3.214309
2.719964
3.060700
1.572933
5.565818
2.409184
1.950363
2.120521
2.459992
2.248963
1.674146
3.189551
2.380566
3.153250
2.880539
2.393181
2.373147
2.646839
3.311386
1.780404
2.544989
1.993951
3.677902
3.218509
2.060910
2.609569
2.768364
2.833944
1.886073
2.258646
1.616202
1.981359
2.663354
2.338949
1.995310
1.618067
3.075141
2.005550
3.101706
2.125061
2.116802
3.372664
1.890708
1.846111
3.106226
2.176328
2.113746
1.609017
2.622918
1.523960
2.469927
2.081990
2.245230
2.289034
2.116859
2.594707
1.728829
2.603915
2.100756
3.001486
2.621463
3.336688
1.387826
1.778144
1.492922
1.539882
2.736019
2.318289
2.851274
2.272054
2.977841
2.632694
2.435358
2.754171
2.054607
1.515290
3.341130
2.435863
1.992515
2.199392
1.790520
1.863703
2.967683
2.743402
1.801022
2.233410
2.655313
2.299715
3.050297
1.864591
2.377520
2.040480
1.973176
3.897431
1.658436
2.116635
2.154637
2.492380
2.095957
1.975706
2.655348
2.356529
2.356153
2.291292
2.808554
1.536654
1.854524
3.226394
1.811751
1.919104
2.169176
2.285165
2.163491
1.709416
1.736912
1.760579
1.494305
2.642138
1.350773
1.574718
2.192629
2.013859
1.921244
2.200644
1.478783
1.734483
2.108807
1.856944
2.266571
1.557497
2.330484
1.770492
1.497648
2.551740
2.266441
1.529566
2.428357
2.254702
1.629387
3.121688
2.663674
1.222935
1.903669
1.627661
1.368185
2.675318
2.251097
2.398855
2.171560
1.795042
1.497745
2.623143
1.978185
2.880924
2.626035
1.544650
2.526845
2.579343
1.810923
1.564492
2.966960
1.650875
1.881897
1.880411
2.272363
2.395303
2.412431
2.293247
1.526312
1.663742
1.956703
1.752709
1.502863
2.107898
1.872891
1.898149
2.119724
2.103622
2.001527
2.695552
2.185492
2.106513
2.697787
2.263936
1.669495
2.164401
2.784217
1.561708
1.849036
1.406547
1.800643
1.758029
1.582384
2.189339
1.817293
1.551014
1.808769
2.338379
1.952022
1.705135
1.584131
2.120191
2.146245
3.233076
3.304376
1.552158
1.369441
1.934847
2.925345
2.737903
2.793591
2.349346
1.792420
1.460557
2.009065
1.795050
2.302169
2.150750
1.975140
1.703610
1.202823
1.599106
1.909529
2.215148
2.269876
2.421638
2.491583
2.380935
2.581691
2.218495
1.681267
1.682715
1.466933
1.334403
2.155569
2.885550
2.517250
2.023268
1.811918
2.714874
2.208162
1.372298
2.157507
1.752850
1.664434
1.839531
1.434889
1.737589
1.490609
1.671544
1.445280
2.355896
2.163393
1.489358
2.406908
1.308131
2.050237
2.071208
2.617142
2.470903
2.517917
1.681495
2.232418
2.187465
1.699616
1.524412
2.577387
1.852442
2.002323
2.762020
2.137393
2.473443
2.231809
1.715181
2.176675
1.720240
1.382501
1.829058
1.543579
1.626570
1.738469
2.285934
2.547182
1.979662
2.218110
2.796000
2.208630
1.768710
1.809473
1.863850
1.827746
2.697512
2.078214
1.943424
1.819070
1.762643
1.743764
1.429248
2.305649
2.033448
2.193842
1.592066
1.672953
2.154431
1.573371
1.576100
1.388932
2.165278
1.850121
1.584528
1.732340
2.145862
1.716166
1.910481
1.457139
2.018252
1.957395
2.209327
1.454791
2.004396
1.985569
2.068775
1.642770
1.863271
1.956385
1.799765
2.005197
2.111849
1.778580
1.519051
1.946893
1.483385
2.433663
2.362278
2.548551
1.926643
1.642437
2.950332
1.509444
2.419106
2.300513
2.051956
1.844999
1.648266
2.261116
2.689029
1.624285
1.647523
2.651443
1.774146
1.395599
2.255702
2.490652
1.617052
2.151667
1.740547
1.536412
2.040105
2.111592
1.928921
2.035442
1.687565
1.865935
1.383568
1.726229
1.746675
2.387307
2.295752
1.672877
2.089964
1.885808
2.212059
1.218596
1.610723
1.398866
1.630146
1.365173
1.466964
2.072704
