5.054039
3.517792
4.711668
3.745315
4.215952
5.143507
4.538659
3.684656
2.255120
2.728706
3.019762
4.120593
2.464746
4.534902
2.928316
2.365327
2.608886
2.908206
3.520086
3.038046
2.538062
2.757300
3.079494
3.186173
2.480577
2.499126
3.788124
4.086052
2.741649
3.105345
2.726608
3.497669
3.926749
4.827422
3.901827
2.970479
4.125886
3.305265
4.213658
3.292825
2.987591
4.158511
3.481375
4.287580
3.122796
2.814073
3.316148
2.577368
2.387737
4.260274
3.067965
3.896200
2.692177
2.929019
2.367217
3.657123
2.115538
4.267863
2.654531
2.576365
3.003174
4.285110
3.021915
3.627651
3.883803
4.427594
4.178361
3.040495
2.097833
3.488665
4.334641
4.825205
3.473009
2.652714
2.956244
2.267663
3.623497
2.543153
2.215247
3.803042
2.434955
2.959649
2.637175
2.134098
3.551343
2.159756
3.471518
2.681860
2.621136
3.345689
2.267111
2.754501
3.791141
2.415540
3.180436
3.225925
2.427259
3.024028
2.411201
3.088674
3.117901
4.711289
3.259528
2.940639
2.798122
2.225719
3.685843
1.970243
2.870180
2.540356
2.878273
2.182327
3.941916
2.989872
2.932974
3.543944
1.984545
3.159353
2.751037
3.634893
2.488284
2.950545
2.960169
2.580772
2.290797
2.593587
2.108600
2.588036
2.548566
2.270847
3.382274
3.588774
2.622766
2.457170
2.684727
3.441992
2.945091
2.556837
3.056821
3.293440
3.081237
2.166534
2.171933
2.958304
3.519332
1.875878
2.769238
2.242762
2.311067
2.249406
2.547510
2.502462
3.210697
2.638202
2.661521
