1.734195
2.979988
1.872065
3.219666
1.314515
1.181845
1.182699
1.967667
1.406971
1.983686
1.302250
1.970970
1.503908
1.881121
1.769622
2.255909
1.591566
2.090963
1.257780
1.692641
1.069505
1.980057
1.340654
1.002741
1.503272
2.495932
1.558252
2.079850
1.034214
2.010175
1.462053
2.116842
1.449380
1.207239
2.956701
1.931201
1.171007
1.342805
1.649294
1.939098
1.470753
0.931961
1.258201
2.372300
1.591988
2.264161
2.337017
2.107395
1.656374
1.630999
1.209654
2.338197
2.244059
1.591401
1.393573
1.391042
2.180243
1.719450
1.604946
1.696241
1.540581
1.453668
1.803729
0.923022
1.299592
2.394159
1.144665
1.741127
0.853545
1.654625
2.493540
1.675694
1.339244
1.408747
1.377097
2.107659
1.218395
2.012468
1.601916
0.898884
1.219275
1.615852
1.454223
1.523348
1.121817
1.295923
1.573025
1.729616
1.187625
1.453134
1.048984
1.436026
1.803492
2.062814
1.821103
1.032705
2.776740
3.528846
3.026055
1.561126
1.294242
1.184022
1.860794
1.818623
1.632782
1.489682
1.778059
0.957078
1.423230
2.079894
3.137452
1.906292
2.324092
1.896514
1.490103
3.395617
1.316990
1.533751
1.504992
1.888737
1.098482
1.444488
0.991476
1.559485
1.222261
1.169632
1.773837
1.070661
1.591461
2.406912
1.924020
1.146549
1.498837
1.172400
2.692251
0.939715
1.807712
1.969414
1.652094
1.689250
1.513206
1.137121
1.756642
2.770072
1.552840
1.171707
1.734949
1.262019
1.432670
1.250759
1.577619
2.212981
1.476380
1.582315
1.459104
1.197463
2.357560
1.992876
1.628711
1.367402
1.099658
2.378337
1.335091
2.863118
3.288354
1.401497
2.211109
2.121124
1.262176
1.150940
1.556833
1.932520
1.457265
1.196511
1.376303
1.041024
1.583014
1.579603
2.603482
1.728893
1.126616
1.572885
1.405883
2.293644
1.279823
1.139466
