1.478860
2.928396
3.544285
2.294218
2.803884
1.907608
2.362103
1.281739
1.653061
2.725898
1.858309
2.237124
2.223769
1.503250
1.558658
1.408128
2.897470
1.163477
3.251389
1.417596
3.476053
1.854933
2.361627
2.265900
2.911065
1.521032
1.826830
1.593863
2.375435
2.645823
2.269786
2.742688
3.770843
1.616639
1.738249
2.026412
3.998447
1.637862
1.524248
3.533383
3.868588
4.524145
1.886345
2.196587
3.398323
2.936235
2.182037
2.285371
3.160550
1.355247
1.568952
2.470038
1.438419
1.829704
3.727492
1.920633
2.446770
2.848935
2.825603
1.824562
1.496334
1.752592
1.820459
3.027120
1.993951
1.369496
1.839861
1.536970
1.655147
3.843788
1.593609
1.882303
2.268355
2.535182
1.528090
2.240665
1.350998
3.549966
1.353655
0.936615
2.064179
1.781216
1.936283
1.121514
2.992234
1.647587
2.000607
1.655820
2.782236
2.100944
1.672827
2.763312
1.535826
2.349799
1.185091
3.104862
3.293625
1.537565
1.460124
1.369709
2.794841
3.516768
