1.858857
2.017665
3.278327
2.076101
2.183406
3.154948
2.393386
1.830867
1.038862
2.347183
2.341857
1.398006
2.132384
1.305819
2.737449
2.145394
2.947913
2.239091
1.532331
1.577254
1.807785
1.992439
1.796162
1.282655
1.672663
1.453928
1.198776
3.610651
1.558265
1.762150
2.002772
1.837386
2.225524
2.018705
2.526788
1.523584
2.161150
2.728665
1.208048
2.661342
2.044665
1.692835
1.528308
1.467596
2.441182
2.331607
2.574010
1.123257
1.390907
2.130857
2.644715
1.932177
1.699400
1.292131
1.829105
1.287118
1.719197
2.191257
2.836038
1.127944
1.266077
1.383033
2.511045
2.245266
1.620528
1.278377
1.738673
1.586466
1.562004
1.794949
1.812425
1.507119
1.479607
3.110314
1.753382
1.929723
1.509864
1.107773
1.247737
2.158598
1.078095
1.254667
2.606599
1.492619
2.242063
2.627061
2.247309
2.110268
2.971693
2.132789
1.187849
1.554732
1.476284
1.504425
2.320684
2.280345
2.090286
1.973716
2.400825
2.056767
1.552225
1.330894
1.751946
1.115884
2.019340
3.154238
1.583878
0.937307
3.835378
2.075449
1.934956
1.267910
1.854398
0.899999
1.400092
1.445247
1.389285
1.066641
1.214662
1.421539
3.154795
1.164329
1.637676
2.220018
1.031588
2.130011
1.650310
1.373838
1.370504
2.298730
1.632916
2.445066
1.823406
1.651847
1.560557
1.777353
1.109257
1.567326
1.178202
1.672279
1.064013
2.483345
1.923612
1.393299
2.490604
1.683083
1.740612
2.500616
1.447888
1.293623
1.573569
2.667623
2.850719
1.402643
1.493963
1.159049
2.438698
1.618262
1.635686
1.636799
1.861112
1.893543
1.672287
1.214178
1.585830
2.705437
3.389938
1.253281
1.170002
1.255095
1.169257
2.112797
1.102576
2.224091
1.701523
1.609242
2.430455
1.384654
3.153052
1.808752
1.540557
1.650409
1.883227
1.641541
1.399587
1.218281
3.463495
2.433424
1.950176
1.279841
1.501465
2.001734
2.088058
1.854831
1.491423
1.567974
1.507947
1.006981
2.319583
1.240240
1.620584
1.944276
0.862129
3.154434
1.261171
1.188145
1.851087
2.574271
2.800644
1.764508
1.599320
1.664080
1.683412
1.608374
1.885267
1.748080
0.993014
1.202385
1.045042
1.229017
1.002311
1.764178
1.647593
1.430907
2.798567
1.251489
0.985499
1.123423
2.542621
1.586883
1.340940
3.132346
1.472635
1.344891
1.650305
2.222042
2.525239
1.318601
1.609605
1.441189
1.550694
1.544164
1.761040
1.692769
1.503089
2.955284
1.731397
1.323592
1.857764
