1.539124
1.498241
2.360603
2.972914
1.064024
1.976687
1.550267
1.048401
1.804519
1.740240
3.264512
1.816598
2.874045
6.019006
1.344485
1.307667
1.328814
2.215219
2.564941
1.765536
1.930094
1.389777
3.422253
3.124303
1.499255
2.009097
3.046743
2.244134
1.747453
1.434848
3.999357
1.554911
1.316024
3.635499
2.312302
1.650372
1.442758
2.021961
2.204146
1.813355
3.031381
3.025145
2.295339
2.897719
3.056993
3.161214
2.382187
1.982767
2.217878
1.812742
2.860773
2.410081
1.364903
1.832987
3.285454
2.967258
1.253311
2.243799
2.260404
1.353143
1.984729
2.871861
3.685110
3.372833
3.039969
1.528216
3.814250
1.146969
2.927460
1.991761
1.195957
2.287892
1.906063
1.884186
2.271969
1.374837
1.633310
1.654619
2.111131
2.220828
1.973678
2.307102
1.140944
1.991406
1.210952
1.765462
1.779282
2.483191
3.486243
2.288729
1.529822
1.042832
1.777487
1.157702
2.527866
2.170713
1.034510
3.901273
1.281977
1.652910
1.833275
2.226490
3.014700
2.752791
3.871129
1.275120
3.309184
2.256351
1.579423
2.597611
1.571638
1.475191
1.394191
1.712071
2.356606
2.905426
2.326382
3.631845
3.322553
1.290234
2.255387
2.041989
1.820843
1.621523
3.026671
1.118964
2.754441
3.632834
3.526312
1.692895
2.840313
1.463045
2.656764
1.306931
1.183013
2.291100
1.007077
2.781217
3.474237
3.334317
2.303333
1.059264
2.395652
1.390057
1.261304
3.938717
2.317931
1.236631
1.524692
2.023476
1.197759
2.657777
1.834327
1.406655
1.786372
2.399499
1.451096
1.508821
1.290251
1.817663
2.406367
1.906214
1.484997
1.483516
1.459785
3.342464
1.674452
1.480811
2.256924
1.218779
2.131649
1.128394
1.172257
2.346010
2.388164
1.923022
1.130383
1.233163
1.654962
3.082708
1.425085
1.363976
1.418235
2.171839
1.699817
2.338699
1.128726
2.597739
2.460938
1.322496
2.566602
1.929551
1.465135
1.870743
1.576158
1.601838
1.944567
2.490288
1.353393
3.034766
1.627127
1.390123
