2.641079
2.316306
3.318835
2.897783
1.771678
1.338713
1.709923
2.036258
1.570625
3.439455
1.766045
1.611217
1.168138
2.372736
2.625452
1.910928
3.488544
1.475207
1.362176
2.472789
1.106348
1.895786
1.586245
2.782568
3.415882
1.962984
2.652200
2.393186
2.275874
2.136436
1.794547
1.049253
1.707955
6.050218
1.750993
1.580437
1.952420
1.690773
1.482236
2.062853
1.914089
2.014730
1.878175
1.935492
1.798566
2.140188
1.722976
1.711449
2.126509
1.994569
1.598453
1.401441
1.118025
2.461617
2.348880
1.665974
2.650323
1.309041
2.518845
2.364586
3.036340
1.604308
1.262176
2.809680
1.748090
2.818316
1.290818
1.980108
1.779292
1.708646
1.916210
2.916344
1.928354
1.919567
4.067692
1.882623
1.105019
3.113671
1.598764
1.397577
1.198349
1.238039
1.242706
4.123884
1.675100
1.619545
4.161916
1.314976
1.657124
2.296907
2.625428
2.052879
2.248066
2.534860
3.069312
1.782449
1.581604
0.945231
4.717000
2.506464
1.984611
1.230391
1.132491
2.264578
1.255466
1.372337
2.500925
1.736193
1.307756
1.832628
1.248360
3.384974
1.602295
3.264694
1.446948
2.591654
3.018540
1.718418
2.586212
3.696368
1.367058
1.315152
1.010807
2.610826
2.444690
1.397357
1.414006
1.112215
3.234906
1.219685
1.474501
3.894103
1.288027
1.016750
2.043094
1.919800
0.919690
1.481341
2.277554
2.109802
1.772176
1.677587
2.773752
2.777832
1.564229
1.395339
2.382408
2.427869
1.207926
1.376559
1.792304
2.046656
2.068364
2.497116
1.658457
1.904589
1.978648
1.126357
2.253214
1.048011
1.113945
1.881637
1.863020
2.852392
1.100502
1.683032
1.396777
1.106487
2.844387
3.236014
1.263353
1.171123
3.761244
1.374670
2.461365
1.533979
1.297193
1.284962
2.054946
1.698885
2.145572
2.086517
2.186228
1.402002
2.109998
1.039453
1.646701
1.739899
1.190814
2.156226
2.388936
1.574213
2.084515
1.646266
1.885509
1.734331
2.280657
3.000261
1.998983
3.149720
1.453839
1.880797
1.619002
1.568798
1.582718
1.964164
2.339729
1.242852
2.448430
1.446075
1.877509
1.730812
1.383041
1.932273
1.668058
1.435795
1.877130
1.740717
1.502736
1.943157
1.982327
1.457005
2.531397
1.236074
1.652870
1.929283
1.302405
1.705846
1.753160
1.216331
1.560248
1.617772
2.481793
3.051609
1.266964
2.182181
2.486331
1.698317
1.089871
1.727685
1.367558
2.513644
1.545293
2.615540
1.690991
1.485735
1.035020
2.172364
1.691744
1.566225
1.938624
2.889842
1.617359
