1.089558
1.845115
1.110890
3.034701
1.877330
1.374622
1.405901
1.670280
1.602985
1.174481
1.949744
2.210882
1.427795
1.481020
2.303307
1.813460
2.377554
1.536290
1.695627
4.181714
2.942185
1.528841
1.262738
3.359390
2.313709
1.186711
1.295639
1.008614
2.459580
2.071935
3.885709
2.563312
2.239192
1.532163
1.084578
1.966030
1.369229
1.956298
2.172840
2.418637
1.059197
0.908777
1.528962
2.434462
1.211388
2.217489
2.072046
1.785212
1.831429
1.668839
1.819589
1.741758
1.629358
1.860388
1.748722
1.326526
1.612341
1.955791
2.496065
1.948674
1.378766
1.777578
1.706757
1.705306
1.239823
1.470844
1.038728
2.192506
2.183742
1.430316
2.741733
1.293721
2.039788
2.255543
2.587812
3.585267
2.232538
1.952036
3.690224
2.049479
2.618551
2.271155
1.119029
1.351237
1.536625
1.439515
1.992707
1.146341
2.665921
1.695824
2.683787
1.785196
2.005697
1.536102
1.640907
1.871801
2.055748
1.570006
1.633240
1.699237
1.901973
1.492464
1.076204
1.589620
1.863368
1.679887
1.180214
1.721232
1.733466
1.308426
1.874903
1.974747
1.736798
1.768332
1.663676
1.297940
1.461032
1.076196
2.127034
1.909747
2.468294
2.169219
1.841568
1.407240
1.584970
1.852356
2.089364
2.192706
1.215360
1.146125
1.360472
1.630569
1.620243
1.736083
3.153264
2.141629
1.244149
1.105169
1.210042
1.170113
1.624800
2.077864
1.995683
2.063179
1.330598
1.536236
2.958264
2.555941
1.627991
1.645109
1.721199
3.342832
1.631355
1.705245
1.576723
2.552814
1.330001
1.806296
1.960509
1.694847
2.754006
1.570231
1.498968
1.993212
1.724914
2.298672
1.798823
2.421734
