1.109317
3.827801
1.403177
2.004183
2.054832
1.419201
1.826927
1.214220
1.186919
1.767042
2.141219
1.340057
1.908069
1.134274
4.562264
1.845242
1.380786
1.337208
2.428080
1.418833
2.628766
1.969012
2.301625
1.641065
1.506831
0.941254
1.516421
1.422732
1.706481
1.232137
1.747775
1.986187
1.307461
2.238965
1.719486
1.324748
2.596530
2.961351
2.509752
1.071371
2.214359
2.337174
1.980581
1.344466
3.659275
2.957510
1.659577
1.909013
1.648875
1.379364
1.752995
3.447865
1.612325
1.870943
1.276488
2.361817
1.654299
1.094190
1.042405
1.712157
2.397976
2.628288
1.559105
1.346965
3.177923
1.363882
1.429343
1.786340
1.045236
1.260555
1.776762
1.106908
1.487785
3.174232
1.334419
1.242926
2.207866
2.067719
1.620360
1.984678
1.601467
2.075681
1.033123
3.955034
5.139950
2.692142
1.598988
2.008446
1.766850
2.004945
2.670805
1.181849
0.990161
1.318357
1.765769
1.309753
1.790231
1.140000
1.869971
1.183012
2.230310
1.284440
2.115928
2.139659
2.548341
1.052554
1.077751
3.287063
3.135209
1.408494
1.215299
1.371095
1.156122
1.329936
1.032827
1.169164
1.306657
1.910355
2.128784
1.375263
2.824051
2.587456
1.663321
1.295685
1.940150
1.273296
1.899424
2.161233
1.192737
2.358461
1.233299
2.092970
3.215033
1.762924
1.531205
1.240241
1.005525
3.136119
1.454288
1.911842
1.713021
2.411369
1.895613
2.571996
2.281800
1.862006
1.729959
1.414569
1.788225
1.518269
2.076859
2.489284
3.388567
1.440897
1.196744
1.955923
2.503212
1.727672
1.597057
1.508986
1.879167
1.463072
2.185340
3.082152
1.613484
1.891619
1.032250
1.935963
2.516158
1.340509
2.233535
1.602959
1.200448
1.358234
1.831967
2.553346
1.691775
1.551624
1.385797
