2.383687
2.688577
1.287418
1.744210
1.125794
1.507068
1.956514
1.105512
1.456553
1.652230
2.104009
1.315170
1.679141
1.311022
0.994283
1.790693
1.022427
1.453691
1.561565
1.106890
3.006074
1.266833
1.256557
1.836292
1.022423
0.925992
2.120896
2.028177
1.196862
1.891141
1.890154
1.500093
2.240685
1.773250
2.025641
1.369192
1.595616
2.598073
1.552884
2.418631
1.112904
1.253330
1.206324
1.551886
1.398828
1.020300
2.076559
2.586283
1.381788
1.380642
1.039572
1.042562
2.144963
2.068947
1.586683
1.397134
3.280833
1.276320
1.226716
0.914665
2.516511
1.044206
1.793055
1.786518
2.187003
1.421708
1.504339
1.329391
1.765077
1.738564
1.666679
3.141677
0.909917
1.509162
1.484097
1.422544
1.229830
2.678791
1.017198
1.293277
1.065356
1.113628
2.088914
1.926336
1.132917
1.822343
0.929693
2.067512
1.946774
3.245698
2.349112
1.141422
1.253077
2.912997
1.703064
0.988756
1.452565
1.221611
1.877389
1.574978
2.262035
1.501057
1.483519
1.911868
1.769996
2.515414
1.236731
1.651156
1.747589
1.826905
3.166737
1.911225
1.125079
1.606179
1.539625
1.872553
0.888952
1.423966
1.464423
1.145142
1.069917
1.489953
2.744685
1.663128
1.354359
1.597302
1.935587
1.488899
1.410272
2.036686
