7033931694080.000000
5867071602688.000000
4910020558848.000000
4142337359872.000000
3486900813824.000000
2964876689408.000000
2539181047808.000000
2186284105728.000000
1897735913472.000000
1704065892352.000000
1498340917248.000000
1320189689856.000000
1157814681600.000000
1042099404800.000000
937680633856.000000
855768760320.000000
778357374976.000000
714665033728.000000
659257556992.000000
610839560192.000000
568273600512.000000
530808274944.000000
502017916928.000000
469663449088.000000
441636913152.000000
446611652608.000000
402387992576.000000
376450220032.000000
358762938368.000000
342701244416.000000
328179056640.000000
319741100032.000000
311719526400.000000
299518722048.000000
286615371776.000000
270965374976.000000
261911429120.000000
264646819840.000000
245391310848.000000
238077493248.000000
231275364352.000000
224810418176.000000
218842284032.000000
214613983232.000000
210343886848.000000
206257455104.000000
198673006592.000000
194544893952.000000
189016866816.000000
185035505664.000000
180968914944.000000
181658812416.000000
174850260992.000000
170262544384.000000
172887162880.000000
165175394304.000000
162860302336.000000
157968646144.000000
155189886976.000000
152514772992.000000
149933441024.000000
147440664576.000000
145034985472.000000
142711668736.000000
140459409408.000000
138359783424.000000
136174731264.000000
138827759616.000000
132135002112.000000
130463195136.000000
128377987072.000000
127449677824.000000
124761178112.000000
122997882880.000000
121875963904.000000
123270258688.000000
118073802752.000000
116529684480.000000
118509420544.000000
119330660352.000000
112673718272.000000
112358006784.000000
109232291840.000000
107883692032.000000
106560184320.000000
111763415040.000000
105183608832.000000
103810138112.000000
102318694400.000000
105003065344.000000
99777257472.000000
108038012928.000000
96939016192.000000
95796994048.000000
104390950912.000000
93639081984.000000
94396776448.000000
91586150400.000000
91744747520.000000
91712167936.000000
91688763392.000000
87662305280.000000
88499961856.000000
86082297856.000000
86362652672.000000
84458242048.000000
83260219392.000000
83240673280.000000
81635786752.000000
84136255488.000000
84231225344.000000
79029641216.000000
78453751808.000000
77468696576.000000
76763815936.000000
78917894144.000000
76489547776.000000
75221188608.000000
73882443776.000000
73081937920.000000
72498774016.000000
71792975872.000000
71039778816.000000
70394576896.000000
69729861632.000000
70052036608.000000
68590387200.000000
67957002240.000000
69952331776.000000
66635116544.000000
67653279744.000000
65450065920.000000
65024135168.000000
64292827136.000000
63794814976.000000
63818936320.000000
62641836032.000000
62153474048.000000
63497404416.000000
65184514048.000000
63361957888.000000
60040585216.000000
61980098560.000000
59020189696.000000
61272662016.000000
58865889280.000000
57579343872.000000
57106083840.000000
57195298816.000000
56259342336.000000
56415277056.000000
55291318272.000000
54851276800.000000
55181721600.000000
54023176192.000000
53566431232.000000
53179031552.000000
52752224256.000000
52399587328.000000
51928264704.000000
51532779520.000000
52182986752.000000
50776367104.000000
50371534848.000000
50054258688.000000
49633615872.000000
49252151296.000000
50756378624.000000
48543019008.000000
48180424704.000000
47821336576.000000
47476117504.000000
47697932288.000000
47848337408.000000
46464884736.000000
46127636480.000000
46504017920.000000
45481975808.000000
45155684352.000000
48489869312.000000
44591570944.000000
44221976576.000000
44965167104.000000
43626889216.000000
43421446144.000000
43146153984.000000
42723155968.000000
43052941312.000000
42147405824.000000
41865875456.000000
41585340416.000000
41387241472.000000
41045618688.000000
43162095616.000000
41389506560.000000
40230494208.000000
39968022528.000000
39963107328.000000
39453609984.000000
39537049600.000000
38983933952.000000
38697046016.000000
38454325248.000000
38455812096.000000
38047805440.000000
37728030720.000000
37529862144.000000
37256699904.000000
37080006656.000000
36796039168.000000
36568870912.000000
36800856064.000000
39747350528.000000
35910193152.000000
35686580224.000000
35466653696.000000
35440852992.000000
35163332608.000000
35323469824.000000
34631168000.000000
34417778688.000000
34226565120.000000
34023606272.000000
35681542144.000000
35662811136.000000
33422129152.000000
33247178752.000000
33259655168.000000
32842207232.000000
32653801472.000000
32492910592.000000
33254268928.000000
34448158720.000000
32208173056.000000
31952003072.000000
31555737600.000000
31380004864.000000
31205955584.000000
31300143104.000000
30877661184.000000
31148132352.000000
31083153408.000000
30719426560.000000
30433052672.000000
30021343232.000000
30263177216.000000
29702033408.000000
29760729088.000000
29662574592.000000
29396555776.000000
29111033856.000000
29162108928.000000
29375354880.000000
28600860672.000000
29331120128.000000
28300670976.000000
28483031040.000000
28370014208.000000
27919755264.000000
28526938112.000000
27572582400.000000
27440097280.000000
27503990784.000000
26832691200.000000
26291169280.000000
25742336000.000000
25111472128.000000
24516612096.000000
24254095360.000000
23382730752.000000
22901088256.000000
22344564736.000000
21862586368.000000
21647749120.000000
21007616000.000000
20675354624.000000
20367314944.000000
19944701952.000000
19644358656.000000
19445780480.000000
20309327872.000000
19012954112.000000
18867355648.000000
18920228864.000000
18465775616.000000
18360066048.000000
17958123520.000000
17946599424.000000
19394326528.000000
17520707584.000000
17397252096.000000
17280356352.000000
17168874496.000000
17259773952.000000
16960437248.000000
16870770688.000000
16780073984.000000
16704409600.000000
16584244224.000000
16508707840.000000
16883855360.000000
16522657792.000000
16666613760.000000
16168000512.000000
16094395392.000000
15997020160.000000
17651472384.000000
16593973248.000000
15838628864.000000
15992281088.000000
15624400896.000000
15648240640.000000
15454643200.000000
15391899648.000000
15303033856.000000
15260537856.000000
15156013056.000000
15718558720.000000
15145063424.000000
14947549184.000000
14866013184.000000
14867040256.000000
14977127424.000000
14660840448.000000
14586119168.000000
14973774848.000000
15003490304.000000
14466263040.000000
14374685696.000000
14256762880.000000
14279441408.000000
14137697280.000000
14062239744.000000
14013253632.000000
13927609344.000000
14045487104.000000
13800579072.000000
14075001856.000000
13716438016.000000
13620544512.000000
13555381248.000000
13503190016.000000
13451247616.000000
13379379200.000000
13447539712.000000
13451387904.000000
13214869504.000000
13146664960.000000
13088523264.000000
13031878656.000000
13206068224.000000
13727818752.000000
12866384896.000000
12810855424.000000
12780837888.000000
12782778368.000000
13082877952.000000
13224010752.000000
12561739776.000000
12514890752.000000
12449799168.000000
12397418496.000000
12640978944.000000
12289171456.000000
12241188864.000000
12330482688.000000
12133100544.000000
12083424256.000000
12381197312.000000
11991867392.000000
11937480704.000000
12009868288.000000
12129879040.000000
11796326400.000000
11751402496.000000
11699328000.000000
11730143232.000000
11653864448.000000
11584519168.000000
11516009472.000000
11678714880.000000
11423943680.000000
11696524288.000000
11361588224.000000
11292097536.000000
11633707008.000000
11253746688.000000
11439181824.000000
11211111424.000000
11092075520.000000
12222036992.000000
11048785920.000000
10946742272.000000
11007491072.000000
10863443968.000000
10822138880.000000
10897613824.000000
10786357248.000000
10720899072.000000
10877882368.000000
10764895232.000000
10583749632.000000
11289361408.000000
10522641408.000000
10625845248.000000
10545835008.000000
10386085888.000000
10384762880.000000
10326940672.000000
10276290560.000000
10233935872.000000
10235003904.000000
10192250880.000000
10299712512.000000
10162728960.000000
10057649152.000000
10016098304.000000
9977919488.000000
9941567488.000000
9905971200.000000
9964510208.000000
9844838400.000000
9805307904.000000
9771751424.000000
9740319744.000000
9700882432.000000
9663087616.000000
9628456960.000000
9708741632.000000
9561612288.000000
9570869248.000000
9494925312.000000
9793675264.000000
9444026368.000000
9708775424.000000
9366690816.000000
9362156544.000000
9341593600.000000
9281561600.000000
9283533824.000000
9272939520.000000
9300965376.000000
9380403200.000000
9110331392.000000
9253177344.000000
9077539840.000000
9168933888.000000
9005410304.000000
9445680128.000000
9089585152.000000
8897871872.000000
8868177920.000000
9042744320.000000
8814517248.000000
8793057280.000000
8753187840.000000
8722010112.000000
8693142528.000000
8673294336.000000
8649485312.000000
8608483328.000000
8631672832.000000
8552121344.000000
8531317248.000000
8723833856.000000
8489899008.000000
8532086784.000000
8823741440.000000
8486754304.000000
8365423616.000000
8435659776.000000
8460473344.000000
8280014336.000000
8432899072.000000
8492129792.000000
8271854080.000000
8337229312.000000
8164401664.000000
8123520000.000000
8216061440.000000
8072443392.000000
8065143808.000000
8062007296.000000
8002423296.000000
7971912704.000000
7968265728.000000
7949494784.000000
7897588736.000000
8140081152.000000
7855671296.000000
7831369728.000000
7966153216.000000
7777742336.000000
7753010176.000000
7739166720.000000
7705201152.000000
7681580544.000000
7666898432.000000
7636575232.000000
7893486080.000000
7618725376.000000
7611395584.000000
7550920192.000000
7520089088.000000
7539145728.000000
7475382784.000000
7456365568.000000
7431084544.000000
7626944512.000000
7386134016.000000
7388321280.000000
7651413504.000000
7320882176.000000
7339184128.000000
7374569984.000000
7282530816.000000
7347686400.000000
7478466560.000000
7198279680.000000
7190440448.000000
7156890112.000000
7138037760.000000
7129894912.000000
7097863680.000000
7135453184.000000
7114818560.000000
7029602816.000000
7006601728.000000
7154241024.000000
7389053952.000000
7129373184.000000
7092117504.000000
6917042176.000000
6905347584.000000
6867205120.000000
6847759872.000000
6830141952.000000
6956815360.000000
6806020608.000000
7092519936.000000
7100494336.000000
6756446720.000000
6713552896.000000
6694560256.000000
6676101120.000000
6657578496.000000
6640740864.000000
6725284352.000000
6604637184.000000
6666701824.000000
6565954560.000000
6601008640.000000
6528823296.000000
6511642112.000000
6494778880.000000
6475006464.000000
6458102272.000000
6440124416.000000
7413582848.000000
6427824640.000000
6512283136.000000
6369505792.000000
6363684352.000000
6394927616.000000
6543010816.000000
6300813312.000000
6461168128.000000
6272423936.000000
6457434112.000000
6280050176.000000
6263892992.000000
6206820864.000000
6185223168.000000
6274342400.000000
6150144000.000000
6138945024.000000
6121196032.000000
6105122816.000000
6518330368.000000
6682344960.000000
6055139840.000000
6036612096.000000
6084681728.000000
6011388416.000000
5997514752.000000
5987708416.000000
5962426368.000000
5977669632.000000
5934321664.000000
5911169536.000000
5959846912.000000
5880600576.000000
5865202176.000000
5861044224.000000
5870310400.000000
5835635200.000000
5805572608.000000
5840028160.000000
5967480832.000000
5766622208.000000
5961257472.000000
5734830592.000000
5725868544.000000
5861841920.000000
5686784512.000000
5696756224.000000
5704116736.000000
5650079744.000000
5670241792.000000
5622450688.000000
5623360000.000000
5591706112.000000
5576169472.000000
5568865280.000000
5544467456.000000
5530902016.000000
5563759616.000000
5541104640.000000
5489354752.000000
5495791616.000000
5462211072.000000
5535708160.000000
5453176832.000000
5422103552.000000
5407769088.000000
5461954560.000000
5400505856.000000
5455841280.000000
5354649600.000000
5354427904.000000
5333984768.000000
5315231232.000000
5314427392.000000
5295948288.000000
5281741824.000000
5263693312.000000
5257879552.000000
5386053120.000000
5230630912.000000
5213671424.000000
5199968256.000000
5270582784.000000
5175549440.000000
5444011520.000000
5150192640.000000
5145989120.000000
5143556608.000000
5119849472.000000
5109584384.000000
5125121536.000000
5378546176.000000
5117194240.000000
5058766848.000000
5088180736.000000
5028034048.000000
5134337536.000000
5004276736.000000
4992966144.000000
4980765184.000000
4971895808.000000
4978589696.000000
5021358592.000000
4940705792.000000
5018269184.000000
4911014912.000000
4937682432.000000
4986982400.000000
4925817344.000000
4865424896.000000
4853628416.000000
4843552768.000000
5051979264.000000
4820912128.000000
4939388928.000000
5023277056.000000
4845276160.000000
5006815232.000000
4770870272.000000
4787592192.000000
4742820864.000000
4779022336.000000
4720867840.000000
4710005248.000000
4769219584.000000
4688441344.000000
4695074816.000000
4741135872.000000
4689606144.000000
4646692864.000000
4635779072.000000
4631365632.000000
4717043712.000000
4605523968.000000
4605405184.000000
4626234880.000000
4574451712.000000
4563038208.000000
4613785088.000000
4554550272.000000
4532368896.000000
4602105344.000000
4517381120.000000
4507928064.000000
4508558848.000000
4495666688.000000
4482198528.000000
4568459264.000000
4456003072.000000
4452027392.000000
4505120768.000000
4423060480.000000
4413550080.000000
4403350528.000000
4461958144.000000
4386930688.000000
4376903680.000000
4365221888.000000
4366532096.000000
4346058752.000000
4338674688.000000
4327034368.000000
4387782656.000000
4307547648.000000
4319797248.000000
4300687360.000000
4288862976.000000
4606800384.000000
4263615488.000000
4251941120.000000
4264410368.000000
4267636736.000000
4225065984.000000
4220068352.000000
4256783616.000000
4197116416.000000
4230357504.000000
4187837696.000000
4206525440.000000
4183874816.000000
4168162560.000000
4143370496.000000
4141345024.000000
4127718912.000000
4309295616.000000
4108354304.000000
4169717248.000000
4119754752.000000
4106678528.000000
4102892288.000000
4071721216.000000
4228905216.000000
4101474304.000000
4039630080.000000
4042002688.000000
4052931584.000000
4015042560.000000
4006165248.000000
4001106432.000000
4006095360.000000
4185936384.000000
3973911808.000000
3967830528.000000
4062199808.000000
4205552384.000000
3944820480.000000
3931627008.000000
3946772992.000000
4009761024.000000
3913156096.000000
3899454720.000000
3892046336.000000
3919533568.000000
3905313024.000000
3875900160.000000
3862484480.000000
3855064832.000000
3861105152.000000
3836125952.000000
3829056256.000000
3821364736.000000
4022747648.000000
3816568064.000000
3903865856.000000
3841811968.000000
3798276608.000000
3774382848.000000
3796574720.000000
3811420416.000000
3766253056.000000
3837930496.000000
3736633856.000000
3738881536.000000
3789429504.000000
3713959936.000000
3713026304.000000
3784086784.000000
3695994624.000000
3688486400.000000
3679741696.000000
3733113856.000000
3663312640.000000
3658606848.000000
3663300864.000000
3658536960.000000
3639359232.000000
3629014528.000000
3653485312.000000
3620404480.000000
3604759296.000000
3612198656.000000
3603930624.000000
3587542784.000000
3586008064.000000
3569411328.000000
3563491584.000000
3634940928.000000
3776761344.000000
3566039040.000000
3534780160.000000
3527657728.000000
3532391424.000000
3513928448.000000
3544722176.000000
3515796224.000000
3493385472.000000
3494675200.000000
3479883008.000000
3473272832.000000
3466556416.000000
3465468672.000000
3453340672.000000
3446573056.000000
3446160384.000000
3580856832.000000
3694433536.000000
3420502272.000000
3415126016.000000
3408637696.000000
3422104832.000000
3394071040.000000
3392042240.000000
3385649152.000000
3374561792.000000
3368118528.000000
3418200064.000000
3361108992.000000
3373581312.000000
3354522624.000000
3398784256.000000
3351841792.000000
3334266368.000000
3343758848.000000
3310966528.000000
3304776448.000000
3388534016.000000
3292240640.000000
3286135040.000000
3331720960.000000
3275907584.000000
3267723264.000000
3276944384.000000
3255436032.000000
3249591808.000000
3402668800.000000
3288376320.000000
3231033600.000000
3230472704.000000
3223748608.000000
3213022976.000000
3232626944.000000
3215897600.000000
3281926656.000000
3190198784.000000
3183388672.000000
3181163264.000000
3183558144.000000
3285144064.000000
3162764032.000000
3158396672.000000
3148539648.000000
3150515712.000000
3137899264.000000
3134028800.000000
3125280256.000000
3129011200.000000
3121782272.000000
3124011264.000000
3189973504.000000
3210036736.000000
3092566272.000000
3085610496.000000
3084302592.000000
3087046144.000000
3089391872.000000
3088002560.000000
3058919424.000000
3052263424.000000
3140721664.000000
3041950208.000000
3124234240.000000
3039761152.000000
3047386624.000000
3026401024.000000
3113924096.000000
3008850432.000000
3006029312.000000
3000306432.000000
3110779904.000000
2987641856.000000
3150504960.000000
2993692160.000000
2971300608.000000
3117547776.000000
2972834304.000000
2955515904.000000
2952140544.000000
2955721984.000000
2939674624.000000
2937625088.000000
2933131776.000000
2932341760.000000
2934909440.000000
2923363072.000000
2923708416.000000
2989224960.000000
2908775168.000000
2893269760.000000
2888125952.000000
2883193600.000000
2886077440.000000
2904103168.000000
2871837952.000000
2863963136.000000
2863960064.000000
2853075200.000000
2909408512.000000
2883058688.000000
2880862720.000000
2872924416.000000
2828243712.000000
2839408128.000000
2818421504.000000
2833389312.000000
2808677120.000000
2808070912.000000
2799759360.000000
2800165376.000000
2824920576.000000
2835218432.000000
2779972608.000000
2799842816.000000
2812753408.000000
2837430784.000000
2760970496.000000
2762071808.000000
2756963840.000000
2776401408.000000
2742332160.000000
2747889664.000000
2732879872.000000
2735121408.000000
2821143808.000000
2719051776.000000
2736629760.000000
2954795776.000000
2762139136.000000
2703147264.000000
2702964224.000000
2796790272.000000
2686961664.000000
2683755008.000000
2679746304.000000
2673401344.000000
2708716288.000000
2923272960.000000
2751550720.000000
2697151744.000000
2664980736.000000
2712265728.000000
2645179392.000000
2657323008.000000
2634663424.000000
2629284096.000000
2656396288.000000
2723685376.000000
2615820032.000000
2611463168.000000
2607030784.000000
2631800576.000000
2601744128.000000
2594126336.000000
2639546368.000000
2585509376.000000
2582905856.000000
2577092608.000000
2609955840.000000
2568910080.000000
2564448512.000000
2634606848.000000
2567120896.000000
2551630080.000000
2548861440.000000
2548722944.000000
2539283456.000000
2534927360.000000
2556104448.000000
2530188288.000000
2522286848.000000
2593416448.000000
2623247104.000000
2524438016.000000
2508084224.000000
2647694336.000000
2567503104.000000
2521094144.000000
2495023872.000000
2494165504.000000
2489756672.000000
2477462272.000000
2530723840.000000
2495748352.000000
2471847168.000000
2466994176.000000
2457493504.000000
2461946368.000000
2449367808.000000
2448395776.000000
2479330048.000000
2545748480.000000
2604906752.000000
2472473088.000000
2425671424.000000
2421771776.000000
2479884032.000000
2426040320.000000
2410164224.000000
2416110848.000000
2408637696.000000
2399058944.000000
2394650624.000000
2390935040.000000
2386952960.000000
2487576320.000000
2379351296.000000
2387277568.000000
2371803136.000000
2386439424.000000
2419107840.000000
2484857088.000000
2420078080.000000
2379037440.000000
2349322496.000000
2359643904.000000
2357214208.000000
2338289920.000000
2397112832.000000
2339915520.000000
2327071232.000000
2323449600.000000
2322739968.000000
2380423168.000000
2313264896.000000
2368979456.000000
2305500416.000000
2301607424.000000
2299752192.000000
2297827584.000000
2290804736.000000
2292941568.000000
2319577856.000000
2299494400.000000
2297266432.000000
2278198784.000000
2269969152.000000
2446554112.000000
2283882496.000000
2259397376.000000
2320262400.000000
2258562304.000000
2251738112.000000
2244913920.000000
2241432064.000000
2241804288.000000
2234592256.000000
2231689728.000000
2227668736.000000
2224218112.000000
2237319424.000000
2217462272.000000
2213912576.000000
2210646016.000000
2225221120.000000
2204380416.000000
2204604672.000000
2197685248.000000
2200297728.000000
2191458304.000000
2186925312.000000
2183635968.000000
2184357632.000000
2177491712.000000
2232191488.000000
2182580736.000000
2167608320.000000
2212473856.000000
2160440576.000000
2160026880.000000
2203278848.000000
2151686144.000000
2147413632.000000
2206412032.000000
2141097216.000000
2212819200.000000
2142765568.000000
2131259648.000000
2191945216.000000
2146460288.000000
2121624832.000000
2118560768.000000
2124895616.000000
2115640448.000000
2116656640.000000
2106898304.000000
2153941760.000000
2102833792.000000
2127536256.000000
2100159616.000000
2092842496.000000
2096627712.000000
2136896000.000000
2083184640.000000
2085204096.000000
2168588288.000000
2071847936.000000
2081249152.000000
2065380480.000000
2118389120.000000
2228494848.000000
2057935744.000000
2064541440.000000
2050606592.000000
2062580608.000000
2049539200.000000
2041777152.000000
2038032512.000000
2035137536.000000
2034525696.000000
2060869248.000000
2026077824.000000
2023126784.000000
2028678272.000000
2021670400.000000
2061524224.000000
2051109504.000000
2011417856.000000
2005492096.000000
2051921024.000000
2039665280.000000
1996662272.000000
2069740544.000000
1996737536.000000
1988677120.000000
2178505216.000000
1982045312.000000
1979958016.000000
1976298240.000000
1981782400.000000
1970541440.000000
1967688960.000000
1964901888.000000
1964445824.000000
1960281728.000000
1956313088.000000
1953537408.000000
1998061568.000000
1966455808.000000
1981782656.000000
1953107456.000000
2000291200.000000
1936648064.000000
2050442880.000000
1931404800.000000
1977220352.000000
1925716608.000000
1979063296.000000
1944166144.000000
1917324544.000000
1916129664.000000
1911883392.000000
1937168000.000000
1948562816.000000
1948027904.000000
1926353664.000000
1953948544.000000
2079533056.000000
1899368576.000000
1904685184.000000
1887547264.000000
1885104640.000000
1935842816.000000
1879518848.000000
1901937024.000000
1884031616.000000
1872862208.000000
1869173120.000000
1885289856.000000
1868475136.000000
1926064640.000000
1887198976.000000
1996888064.000000
1853234688.000000
1852182144.000000
1908370688.000000
1848313600.000000
1850488704.000000
1850134528.000000
1826217728.000000
1822284672.000000
1795534208.000000
1784094720.000000
1750593792.000000
1742066688.000000
1712572672.000000
1696668928.000000
1814042112.000000
1736306688.000000
1649077760.000000
1772863744.000000
1795876352.000000
1614128000.000000
1795312384.000000
1596117760.000000
1588400896.000000
1587866880.000000
1576529280.000000
1570595968.000000
1565421056.000000
1560218368.000000
1556093696.000000
1571181440.000000
1548702592.000000
1547879552.000000
1585383680.000000
1536892800.000000
1529752320.000000
1525133440.000000
1520508416.000000
1516159360.000000
1532601600.000000
1505672576.000000
1523115776.000000
1495690240.000000
1490795136.000000
1488811136.000000
1487026560.000000
1482216064.000000
1470837504.000000
1486743168.000000
1467802880.000000
1456537600.000000
1452643200.000000
1447727872.000000
1442985216.000000
1445726848.000000
1461309824.000000
1566593920.000000
1425565824.000000
1426532480.000000
1417182208.000000
1433056000.000000
1448414464.000000
1459761408.000000
1404982272.000000
1397091712.000000
1491649920.000000
1389113728.000000
1384881280.000000
1415544064.000000
1377533312.000000
1382490752.000000
1369469824.000000
1390781824.000000
1412454272.000000
1362826240.000000
1353605376.000000
1350966912.000000
1345830656.000000
1353108736.000000
1342678144.000000
1354003712.000000
1339076480.000000
1327229696.000000
1395956608.000000
1364279040.000000
1360556288.000000
1313359744.000000
1308741760.000000
1306375552.000000
1301520256.000000
1307371648.000000
1294666752.000000
1291191552.000000
1289392640.000000
1287744000.000000
1286612992.000000
1277240960.000000
1277423488.000000
1272222464.000000
1267163392.000000
1265799808.000000
1260518528.000000
1265731584.000000
1253838464.000000
1250674176.000000
1248088832.000000
1287627776.000000
1240848256.000000
1238039680.000000
1235296768.000000
1239652480.000000
1230496768.000000
1229728384.000000
1221877120.000000
1219425024.000000
1216618752.000000
1217115520.000000
1209523840.000000
1209660416.000000
1243992064.000000
1200435072.000000
1201078400.000000
1196289792.000000
1192426368.000000
1238068224.000000
1217644160.000000
1182645888.000000
1182650112.000000
1191656704.000000
1174669440.000000
1171055744.000000
1226180736.000000
1316935936.000000
1206700672.000000
1161476608.000000
1237884416.000000
1158845312.000000
1151669248.000000
1151442816.000000
1168328832.000000
1158033280.000000
1160268800.000000
1137526656.000000
1134908928.000000
1132642816.000000
1171482752.000000
1128053760.000000
1141195520.000000
1121436800.000000
1133640192.000000
1138176896.000000
1113576192.000000
1148339584.000000
1137070720.000000
1120533504.000000
1103928832.000000
1107323008.000000
1105990528.000000
1097969664.000000
1115849088.000000
1090532480.000000
1096446208.000000
1087068416.000000
1082965888.000000
1080555648.000000
1103013504.000000
1077665920.000000
1073439680.000000
1071348608.000000
1071902912.000000
1125638912.000000
1108909056.000000
1061101568.000000
1064913984.000000
1057541376.000000
1054791808.000000
1053775744.000000
1050905600.000000
1046936832.000000
1047360640.000000
1056650688.000000
1041183296.000000
1050410432.000000
1038371200.000000
1051894400.000000
1032099392.000000
1031652096.000000
1026343616.000000
1025802752.000000
1028623296.000000
1043392000.000000
1018006144.000000
1031340928.000000
1014236160.000000
1011584896.000000
1008647680.000000
1014587392.000000
1004279296.000000
1005070528.000000
1000700544.000000
1007816192.000000
997017088.000000
995518080.000000
1036563072.000000
1002707072.000000
987618048.000000
990825536.000000
1027265280.000000
1004456000.000000
978914944.000000
976892672.000000
1001963328.000000
974495040.000000
970700416.000000
1013591872.000000
981360576.000000
1005578112.000000
967178176.000000
985667520.000000
984441088.000000
961221760.000000
955761984.000000
982226304.000000
1000627584.000000
973040256.000000
976303232.000000
945364224.000000
943821312.000000
956946240.000000
939115392.000000
954925120.000000
935234560.000000
938773824.000000
938277696.000000
945097600.000000
927821632.000000
926060480.000000
927003904.000000
922095552.000000
920284992.000000
918367808.000000
918531712.000000
918543488.000000
912991424.000000
911048832.000000
910515328.000000
907777344.000000
908615808.000000
906912576.000000
923986304.000000
907459136.000000
917888512.000000
921524736.000000
929032000.000000
893855424.000000
896645696.000000
890904576.000000
891932032.000000
932529664.000000
889297920.000000
951179712.000000
881258048.000000
880424064.000000
877450048.000000
914306176.000000
877592000.000000
874568896.000000
870654464.000000
869773632.000000
868315520.000000
865558016.000000
919975680.000000
867904832.000000
860967552.000000
863291904.000000
859177728.000000
855720320.000000
894839168.000000
852400576.000000
865795648.000000
849138496.000000
849303296.000000
845975296.000000
844331200.000000
842939776.000000
841067136.000000
839455744.000000
837959872.000000
844233024.000000
856283520.000000
837322496.000000
872390784.000000
881373632.000000
831931136.000000
834540480.000000
825403584.000000
823787520.000000
837526848.000000
822098176.000000
824221312.000000
817685120.000000
822062656.000000
816464320.000000
814938176.000000
812983296.000000
810479488.000000
808793664.000000
808700352.000000
813303616.000000
817088640.000000
817325504.000000
856614720.000000
799723456.000000
800610624.000000
828735424.000000
795337216.000000
793882560.000000
819764544.000000
790965568.000000
803938368.000000
798204800.000000
866300032.000000
792294528.000000
789571648.000000
784638848.000000
784792192.000000
783009600.000000
798928704.000000
782423616.000000
775809536.000000
789854912.000000
773501376.000000
834817408.000000
772330624.000000
781065920.000000
771306240.000000
765666432.000000
767788544.000000
763025600.000000
763566272.000000
768239232.000000
758770496.000000
758054912.000000
758161344.000000
754742784.000000
753640192.000000
773880896.000000
772242048.000000
751613248.000000
751789632.000000
764955968.000000
754321920.000000
744094336.000000
742829440.000000
751705728.000000
743846080.000000
739739648.000000
737640960.000000
740583296.000000
741794752.000000
736650752.000000
735341056.000000
739270720.000000
736747968.000000
741682880.000000
728801536.000000
726998272.000000
726087744.000000
744801536.000000
722331712.000000
721053760.000000
722973184.000000
747360000.000000
717320064.000000
716679616.000000
725090368.000000
742876672.000000
712412736.000000
744680768.000000
733127488.000000
708704960.000000
718459776.000000
707577792.000000
705100992.000000
703904384.000000
707765312.000000
702024192.000000
700295616.000000
699193024.000000
704082176.000000
707812480.000000
695684672.000000
698629760.000000
693516032.000000
694123520.000000
690903680.000000
730262912.000000
691184448.000000
690369472.000000
686235712.000000
687196736.000000
683952000.000000
700321280.000000
681760384.000000
683005504.000000
698692352.000000
680690176.000000
677062272.000000
691663104.000000
675707072.000000
676669440.000000
673193728.000000
678248896.000000
670343488.000000
673993344.000000
725027968.000000
668851520.000000
670236608.000000
669693632.000000
671774528.000000
668267968.000000
667859136.000000
660442496.000000
659814784.000000
670715136.000000
657158016.000000
656092224.000000
655004736.000000
655504064.000000
660068416.000000
656000960.000000
650765248.000000
650746304.000000
652314304.000000
706438592.000000
655036544.000000
645392448.000000
645635840.000000
651929856.000000
655201152.000000
643011328.000000
664053248.000000
639570560.000000
645209792.000000
639319872.000000
636005504.000000
655204800.000000
642281088.000000
646337536.000000
635854016.000000
638239552.000000
649331776.000000
642897856.000000
629595840.000000
629313664.000000
667427456.000000
630614784.000000
666682688.000000
623382080.000000
621859136.000000
621442432.000000
633680064.000000
623438080.000000
617880704.000000
622075136.000000
619090304.000000
628409920.000000
617185728.000000
612942976.000000
640932288.000000
611796480.000000
624511680.000000
609062464.000000
618407168.000000
642679360.000000
607866688.000000
608549120.000000
626992128.000000
603270720.000000
603280384.000000
603644992.000000
600392768.000000
606066496.000000
598673472.000000
602477312.000000
617722304.000000
597565312.000000
597628736.000000
606777280.000000
625623936.000000
600593856.000000
619193920.000000
606434176.000000
589532928.000000
605832960.000000
588098816.000000
595279104.000000
585558144.000000
584674624.000000
588302592.000000
583699264.000000
644337024.000000
606490752.000000
580173056.000000
585748352.000000
618304064.000000
590538560.000000
577712768.000000
581818112.000000
608231744.000000
573902976.000000
574443904.000000
577595136.000000
580531136.000000
570898112.000000
572414784.000000
584371840.000000
568364288.000000
569638720.000000
594605760.000000
570368128.000000
564368064.000000
563472512.000000
614346496.000000
562079744.000000
569720256.000000
566222144.000000
559451392.000000
561916928.000000
558225216.000000
556655744.000000
555803840.000000
573668352.000000
554150528.000000
558377344.000000
552452096.000000
552340736.000000
551770176.000000
567185024.000000
661154176.000000
549223296.000000
610178752.000000
598539264.000000
564211520.000000
556117824.000000
544184384.000000
545479040.000000
546345728.000000
543143232.000000
541259840.000000
557778880.000000
539306880.000000
549296256.000000
553946240.000000
536901568.000000
551590400.000000
535604640.000000
543500736.000000
558611712.000000
536711552.000000
560251328.000000
531335200.000000
534417504.000000
529732320.000000
539441088.000000
529890432.000000
527656608.000000
526609312.000000
525826176.000000
562425408.000000
524257760.000000
523522464.000000
523441504.000000
527775520.000000
521179840.000000
528694496.000000
525953440.000000
519285984.000000
518105024.000000
518555104.000000
517752704.000000
515942848.000000
520812288.000000
547377280.000000
513570624.000000
514023648.000000
549548928.000000
511764000.000000
510599328.000000
509883104.000000
517749344.000000
517672064.000000
507590304.000000
569247360.000000
510159360.000000
524193504.000000
504938016.000000
507053632.000000
506779712.000000
510559616.000000
544872896.000000
501301760.000000
500742784.000000
500956736.000000
499706016.000000
498132704.000000
497359584.000000
499229856.000000
495895104.000000
500379328.000000
496203328.000000
501820480.000000
494891648.000000
495303136.000000
491889472.000000
493300480.000000
490604256.000000
490004896.000000
490260608.000000
488119712.000000
492236672.000000
497622208.000000
486688256.000000
486556576.000000
484997632.000000
511344992.000000
483198592.000000
482699712.000000
506840672.000000
495015232.000000
491796768.000000
481097504.000000
479239968.000000
478397408.000000
477717344.000000
479573888.000000
476361344.000000
475659680.000000
480815360.000000
481104704.000000
495724960.000000
485685664.000000
472304192.000000
472791040.000000
470980320.000000
470361824.000000
479589696.000000
468941600.000000
480019424.000000
467977504.000000
469053920.000000
474659648.000000
472870400.000000
464989504.000000
464350048.000000
464345504.000000
479114432.000000
467299808.000000
461922720.000000
467922432.000000
464909504.000000
459807008.000000
459260384.000000
458668064.000000
457881792.000000
467842208.000000
466091552.000000
455991808.000000
455365600.000000
471516384.000000
468178368.000000
458081760.000000
461951776.000000
452258304.000000
451561312.000000
451071968.000000
452414304.000000
449688640.000000
482137376.000000
461729056.000000
460365504.000000
448253856.000000
446606816.000000
453031136.000000
451973344.000000
457354048.000000
452554432.000000
445377792.000000
443190016.000000
442339520.000000
441670752.000000
442058080.000000
448991104.000000
445380096.000000
439285376.000000
439592672.000000
438993632.000000
441567648.000000
445286560.000000
436324640.000000
435943040.000000
436876128.000000
434466112.000000
457901984.000000
436953056.000000
432743360.000000
434421408.000000
434673184.000000
431481184.000000
430347168.000000
429777824.000000
442104512.000000
440232512.000000
430993632.000000
427415968.000000
427157184.000000
432147424.000000
425698656.000000
425134720.000000
433584992.000000
424223616.000000
429477312.000000
422792480.000000
462803200.000000
421653632.000000
422644640.000000
423757664.000000
421263840.000000
419479616.000000
420026432.000000
419654944.000000
418133824.000000
425614240.000000
422081056.000000
415981056.000000
427159872.000000
417306400.000000
437038176.000000
414754304.000000
415862304.000000
413233696.000000
412635552.000000
416166144.000000
413432096.000000
410440256.000000
412692288.000000
413959744.000000
419849568.000000
427938144.000000
410908768.000000
407385184.000000
408262272.000000
426025888.000000
405541408.000000
408047392.000000
412720352.000000
404547712.000000
403396928.000000
412289344.000000
403759584.000000
402304608.000000
402836832.000000
400678432.000000
400230944.000000
431666592.000000
400746048.000000
398602592.000000
402510432.000000
397707008.000000
398140576.000000
399169216.000000
397461216.000000
402697728.000000
395399776.000000
394357120.000000
395942976.000000
395971200.000000
421676672.000000
406514784.000000
399648640.000000
394434464.000000
394363296.000000
393666784.000000
393734944.000000
389180608.000000
390518240.000000
397037312.000000
387721792.000000
393744992.000000
386647264.000000
386154592.000000
