1015854379579081752576.000000
1014300848813871464448.000000
1013754505884076081152.000000
1013390277264212492288.000000
1013165800970285744128.000000
1012999730734026457088.000000
1012860822833019748352.000000
1012714033632665141248.000000
1012586806943191924736.000000
1012475061377437794304.000000
1012405748164422795264.000000
1012344456988244049920.000000
1012282954705832771584.000000
1012225393073095442432.000000
1012183453301565554688.000000
1012133702599431946240.000000
1012087822178228109312.000000
1012042152863256805376.000000
1012000213091726917632.000000
1011954543776755613696.000000
1011908804093040132096.000000
1011859264497139056640.000000
1011817395094353346560.000000
1011795017833704849408.000000
1011780240397427539968.000000
1008510064118003138560.000000
1008456935716149002240.000000
1008438569473918631936.000000
1008420132862944083968.000000
1008401836989457891328.000000
1008387481765645647872.000000
1008380655997460414464.000000
1008374111704251891712.000000
1008367356304810835968.000000
1008356800993184186368.000000
1008354056612161257472.000000
1008347512318952734720.000000
1008340827288255856640.000000
1008334282995047333888.000000
1008327668333094633472.000000
1008324994320815882240.000000
1008322320308537131008.000000
1008315846384072785920.000000
1008313313109282390016.000000
1008306768816073867264.000000
1008304165172539293696.000000
1008293891335889354752.000000
1008291217323610603520.000000
1008288754417564385280.000000
1008282421230588395520.000000
1008275947306124050432.000000
1001542432544507559936.000000
1001539969638461341696.000000
1001533636451485351936.000000
1001531173545439133696.000000
1001524981095951499264.000000
1001518788646463864832.000000
1001508655547302281216.000000
1001506333378744418304.000000
1001503940841442377728.000000
1001497959498187276288.000000
1001491767048699641856.000000
1001489444880141778944.000000
1001483393168142499840.000000
1001481141368328814592.000000
1001478889568515129344.000000
1001476637768701444096.000000
1001474385968887758848.000000
1001464463975958708224.000000
1001450812439588241408.000000
1001448560639774556160.000000
1001446449577449226240.000000
1001444268146379718656.000000
1001442157084054388736.000000
1001436316478287642624.000000
1001430264766288363520.000000
1001424353791777439744.000000
1001422172360707932160.000000
1001420131667126779904.000000
1001418090973545627648.000000
1001412391105267236864.000000
1001406409762012135424.000000
1001393039700618379264.000000
1001390999007037227008.000000
1001388887944711897088.000000
1001386987988619100160.000000
1001385017663782125568.000000
1001379106689271201792.000000
1001373477189736988672.000000
1001371506864900014080.000000
1001365666259133267968.000000
1001363836671784648704.000000
1001361866346947674112.000000
1001356377584901816320.000000
1001343077892252237824.000000
1001341107567415263232.000000
1001339277980066643968.000000
1001333578111788253184.000000
1001331818893183811584.000000
1001329989305835192320.000000
1001328089349742395392.000000
1001326400499882131456.000000
1001324570912533512192.000000
1001322811693929070592.000000
1001317182194394857472.000000
1001315422975790415872.000000
1001313663757185974272.000000
1001311974907325710336.000000
1001302615864350081024.000000
1001300927014489817088.000000
1001299238164629553152.000000
1001293608665095340032.000000
1001291990183979253760.000000
1001290371702863167488.000000
1001288682853002903552.000000
1001287064371886817280.000000
1001285445890770731008.000000
1001283827409654644736.000000
1001278409016352964608.000000
1001276720166492700672.000000
1001275172054120792064.000000
1001269683292074934272.000000
1001264335267517431808.000000
1001262787155145523200.000000
1001261168674029436928.000000
1001259620561657528320.000000
1001254342905844203520.000000
1001252794793472294912.000000
1001251246681100386304.000000
1001249698568728477696.000000
1001248291193844924416.000000
1001246743081473015808.000000
1001245194969101107200.000000
1001243787594217553920.000000
1001242380219334000640.000000
1001236891457288142848.000000
1001235484082404589568.000000
1001234076707521036288.000000
1001228869420451889152.000000
1001227321308079980544.000000
1001225984301940604928.000000
1001224506558312873984.000000
1001223099183429320704.000000
1001221762177289945088.000000
1001220354802406391808.000000
1001218877058778660864.000000
1001217610421383462912.000000
1001216132677755731968.000000
1001210995759430762496.000000
1001209729122035564544.000000
1001208392115896188928.000000
1001207055109756813312.000000
1001205718103617437696.000000
1001200510816548290560.000000
1001199173810408914944.000000
1001197836804269539328.000000
1001196499798130163712.000000
1001195233160734965760.000000
1001194036892083945472.000000
1001192699885944569856.000000
1001191362879805194240.000000
1001190166611154173952.000000
1001185029692829204480.000000
1001183833424178184192.000000
1001182566786782986240.000000
1001181370518131965952.000000
1001180103880736768000.000000
1001178907612085747712.000000
1001177640974690549760.000000
1001176444706039529472.000000
1001171448525202915328.000000
1001170322625296072704.000000
1001169055987900874752.000000
1001167859719249854464.000000
1001166733819343011840.000000
1001165467181947813888.000000
1001160541369855377408.000000
1001159345101204357120.000000
1001158219201297514496.000000
1001157093301390671872.000000
1001155967401483829248.000000
1001154700764088631296.000000
1001153574864181788672.000000
1001152589701763301376.000000
1001151463801856458752.000000
1001150337901949616128.000000
1001145412089857179648.000000
1001144286189950337024.000000
1001143160290043494400.000000
1001142175127625007104.000000
1001137108578044215296.000000
1001135982678137372672.000000
1001134997515718885376.000000
1001133941984556220416.000000
1001132816084649377792.000000
1001131830922230890496.000000
1001130705022324047872.000000
1001129649491161382912.000000
1001128664328742895616.000000
1001127608797580230656.000000
1001126553266417565696.000000
1001125568103999078400.000000
1001124442204092235776.000000
1001119727498232332288.000000
1001114942423628251136.000000
1001113886892465586176.000000
1001112901730047098880.000000
1001111846198884433920.000000
1001110790667721768960.000000
1001109875874047459328.000000
1001108890711628972032.000000
1001107975917954662400.000000
1001106920386791997440.000000
1001106005593117687808.000000
1001105090799443378176.000000
1001104035268280713216.000000
1001103120474606403584.000000
1001102205680932093952.000000
1001101220518513606656.000000
1001096365075165347840.000000
1001091650369305444352.000000
1001090735575631134720.000000
1001089820781956825088.000000
1001088905988282515456.000000
1001087991194608205824.000000
1001087076400933896192.000000
1001086231976003764224.000000
1001085246813585276928.000000
1001084332019910967296.000000
1001083487594980835328.000000
1001082572801306525696.000000
1001081658007632216064.000000
1001080813582702084096.000000
1001076098876842180608.000000
1001075324820656226304.000000
1001074410026981916672.000000
1001073565602051784704.000000
1001072650808377475072.000000
1001068006471261749248.000000
1001067091677587439616.000000
1001066317621401485312.000000
1001065473196471353344.000000
1001064628771541221376.000000
1001063854715355267072.000000
1001063010290425135104.000000
1001062236234239180800.000000
1001061391809309048832.000000
1001056606734704967680.000000
1001055832678519013376.000000
1001055058622333059072.000000
1001054214197402927104.000000
1001053369772472795136.000000
1001052595716286840832.000000
1001051751291356708864.000000
1001051047603914932224.000000
1001046332898055028736.000000
1001045488473124896768.000000
1001044784785683120128.000000
1001044010729497165824.000000
1001043236673311211520.000000
1001042532985869434880.000000
1001037959017497886720.000000
1001037114592567754752.000000
1001036410905125978112.000000
1001035707217684201472.000000
1001034862792754069504.000000
1001034088736568115200.000000
1001033314680382160896.000000
1001032610992940384256.000000
1001031907305498607616.000000
1001031062880568475648.000000
1001030359193126699008.000000
1001029725874429100032.000000
1001025081537313374208.000000
1001024307481127419904.000000
1001023603793685643264.000000
1001019100194058272768.000000
1001018396506616496128.000000
1001017692819174719488.000000
1001016989131732942848.000000
1001016215075546988544.000000
1001015581756849389568.000000
1001014948438151790592.000000
1001014174381965836288.000000
1001013470694524059648.000000
1001012767007082283008.000000
1001012063319640506368.000000
1001011430000942907392.000000
1001010726313501130752.000000
1001010092994803531776.000000
1001001789482990567424.000000
1001001085795548790784.000000
1001000452476851191808.000000
1000999748789409415168.000000
1000999185839455993856.000000
1000998411783270039552.000000
1000997848833316618240.000000
1000997074777130663936.000000
1000996511827177242624.000000
1000995878508479643648.000000
1000995174821037867008.000000
1000994541502340268032.000000
1000993908183642669056.000000
1000993204496200892416.000000
1000992571177503293440.000000
1000988208315364278272.000000
1000987574996666679296.000000
1000986871309224902656.000000
1000982438078341709824.000000
1000981875128388288512.000000
1000981171440946511872.000000
1000980678859737268224.000000
1000980045541039669248.000000
1000979271484853714944.000000
1000978708534900293632.000000
1000978145584946872320.000000
1000977582634993451008.000000
1000976949316295852032.000000
1000976315997598253056.000000
1000971953135459237888.000000
1000971319816761638912.000000
1000970827235552395264.000000
1000970193916854796288.000000
1000969560598157197312.000000
1000968927279459598336.000000
1000968364329506177024.000000
1000964071836111339520.000000
1000963438517413740544.000000
1000962805198716141568.000000
1000962312617506897920.000000
1000961820036297654272.000000
1000961186717600055296.000000
1000960553398902456320.000000
1000960060817693212672.000000
1000955557218065842176.000000
1000955064636856598528.000000
1000954431318158999552.000000
1000953938736949755904.000000
1000953375786996334592.000000
1000952812837042913280.000000
1000952249887089491968.000000
1000951686937136070656.000000
1000951123987182649344.000000
1000950631405973405696.000000
1000946409281322745856.000000
1000945846331369324544.000000
1000945283381415903232.000000
1000944790800206659584.000000
1000940427938067644416.000000
1000939864988114223104.000000
1000939372406904979456.000000
1000938879825695735808.000000
1000938246506998136832.000000
1000937753925788893184.000000
1000937261344579649536.000000
1000936698394626228224.000000
1000936205813416984576.000000
1000935713232207740928.000000
1000935150282254319616.000000
1000934798438533431296.000000
1000934165119835832320.000000
1000933672538626588672.000000
1000933109588673167360.000000
1000925157920581091328.000000
1000924665339371847680.000000
1000924102389418426368.000000
1000923680176953360384.000000
1000923117226999939072.000000
1000922624645790695424.000000
1000922202433325629440.000000
1000921639483372208128.000000
1000921146902162964480.000000
1000920654320953720832.000000
1000920232108488654848.000000
1000919739527279411200.000000
1000919246946070167552.000000
1000918824733605101568.000000
1000918261783651680256.000000
1000913969290256842752.000000
1000913476709047599104.000000
1000912984127838355456.000000
1000908691634443517952.000000
1000908269421978451968.000000
1000907776840769208320.000000
1000907213890815787008.000000
1000906862047094898688.000000
1000906299097141477376.000000
1000905876884676411392.000000
1000905525040955523072.000000
1000904962091002101760.000000
1000904610247281213440.000000
1000904188034816147456.000000
1000899965910165487616.000000
1000899543697700421632.000000
1000899051116491177984.000000
1000898628904026112000.000000
1000898136322816868352.000000
1000897714110351802368.000000
1000897291897886736384.000000
1000892999404491898880.000000
1000892577192026832896.000000
1000892225348305944576.000000
1000891662398352523264.000000
1000891240185887457280.000000
1000890888342166568960.000000
1000890466129701502976.000000
1000889973548492259328.000000
1000885610686353244160.000000
1000885329211376533504.000000
1000884836630167289856.000000
1000884484786446401536.000000
1000883992205237157888.000000
1000883569992772091904.000000
1000883218149051203584.000000
1000882795936586137600.000000
1000882373724121071616.000000
1000881951511656005632.000000
1000881529299190939648.000000
1000877447912028635136.000000
1000877025699563569152.000000
1000876603487098503168.000000
1000872310993703665664.000000
1000871959149982777344.000000
1000871536937517711360.000000
1000871114725052645376.000000
1000870833250075934720.000000
1000870411037610868736.000000
1000869988825145802752.000000
1000869566612680736768.000000
1000869285137704026112.000000
1000868862925238960128.000000
1000868440712773894144.000000
1000868018500308828160.000000
1000867596287843762176.000000
1000867314812867051520.000000
1000866892600401985536.000000
1000858940932309909504.000000
1000858589088589021184.000000
1000858096507379777536.000000
1000857815032403066880.000000
1000857392819938000896.000000
1000856970607472934912.000000
1000856689132496224256.000000
1000856266920031158272.000000
1000855844707566092288.000000
1000855563232589381632.000000
1000855211388868493312.000000
1000854859545147604992.000000
1000854507701426716672.000000
1000854085488961650688.000000
1000853733645240762368.000000
1000849511520590102528.000000
1000849089308125036544.000000
1000848807833148325888.000000
1000844726445986021376.000000
1000844374602265133056.000000
1000843952389800067072.000000
1000843600546079178752.000000
1000843248702358290432.000000
1000842967227381579776.000000
1000842545014916513792.000000
1000842263539939803136.000000
1000841911696218914816.000000
991577092469043494912.000000
991576670256578428928.000000
991568718588486352896.000000
991568437113509642240.000000
991568085269788753920.000000
991567803794812043264.000000
991563722407649738752.000000
991563370563928850432.000000
991563018720207962112.000000
991562666876487073792.000000
991554785577139175424.000000
991554504102162464768.000000
991554152258441576448.000000
991550000502535094272.000000
991549648658814205952.000000
991549296815093317632.000000
991548944971372429312.000000
991541204409512886272.000000
991540782197047820288.000000
991540500722071109632.000000
991536489703652982784.000000
991536137859932094464.000000
991535856384955383808.000000
991535574909978673152.000000
991531352785328013312.000000
991530930572862947328.000000
991530649097886236672.000000
991530437991653703680.000000
991526356604491399168.000000
991522275217329094656.000000
991521923373608206336.000000
991521501161143140352.000000
991513760599283597312.000000
991513479124306886656.000000
991513127280585998336.000000
991512845805609287680.000000
991508623680958627840.000000
991508342205981917184.000000
991507990362261028864.000000
991507708887284318208.000000
991507497781051785216.000000
991503416393889480704.000000
991503134918912770048.000000
991502783075191881728.000000
991502571968959348736.000000
991498490581797044224.000000
991498209106820333568.000000
991490327807472435200.000000
991489975963751546880.000000
991489694488774836224.000000
991485613101612531712.000000
991485401995379998720.000000
991485120520403288064.000000
991484768676682399744.000000
991484557570449866752.000000
991480405814543384576.000000
991480053970822496256.000000
991479842864589963264.000000
991479561389613252608.000000
991479279914636541952.000000
991475268896218415104.000000
991474987421241704448.000000
991470835665335222272.000000
991470694927846866944.000000
991470343084125978624.000000
991470061609149267968.000000
991462180309801369600.000000
991461828466080481280.000000
991461687728592125952.000000
991461335884871237632.000000
991461054409894526976.000000
991457184128964755456.000000
991456832285243867136.000000
991456550810267156480.000000
991456339704034623488.000000
991456058229057912832.000000
991455847122825379840.000000
991447965823477481472.000000
991447754717244948480.000000
991447402873524060160.000000
991447121398547349504.000000
991446910292314816512.000000
991446628817338105856.000000
991442547430175801344.000000
991442195586454913024.000000
991438325305525141504.000000
991438043830548430848.000000
991437832724315897856.000000
991437480880595009536.000000
991433540230921060352.000000
991433188387200172032.000000
991432977280967639040.000000
991429036631293689856.000000
991428684787572801536.000000
991428473681340268544.000000
991428262575107735552.000000
991424110819201253376.000000
991423899712968720384.000000
991423688606736187392.000000
991423407131759476736.000000
991423196025526943744.000000
991422844181806055424.000000
991422562706829344768.000000
991418692425899573248.000000
991414681407481446400.000000
991414399932504735744.000000
991410388914086608896.000000
991410177807854075904.000000
991409966701621542912.000000
991405744576970883072.000000
991405533470738350080.000000
991405392733249994752.000000
991405181627017461760.000000
991404829783296573440.000000
991404548308319862784.000000
991404337202087329792.000000
991400466921157558272.000000
991400255814925025280.000000
991399903971204136960.000000
991399763233715781632.000000
991399411389994893312.000000
991395330002832588800.000000
991395118896600055808.000000
991387378334740512768.000000
991387167228507979776.000000
991386956122275446784.000000
991386745016042913792.000000
991386533909810380800.000000
991386322803577847808.000000
991386041328601137152.000000
991385830222368604160.000000
991381889572694654976.000000
991381608097717944320.000000
991381396991485411328.000000
991381185885252878336.000000
991380974779020345344.000000
991376893391858040832.000000
991376682285625507840.000000
991372741635951558656.000000
991372530529719025664.000000
991372319423486492672.000000
991372108317253959680.000000
991368026930091655168.000000
991367815823859122176.000000
991367604717626589184.000000
991367393611394056192.000000
991363382592975929344.000000
991363171486743396352.000000
991362960380510863360.000000
991362749274278330368.000000
991362608536789975040.000000
991358456780883492864.000000
991358245674650959872.000000
991354375393721188352.000000
991354093918744477696.000000
991353953181256122368.000000
991353742075023589376.000000
991353601337535234048.000000
991353249493814345728.000000
991353038387581812736.000000
991352968018837635072.000000
991345157088233914368.000000
984369784952878792704.000000
984369644215390437376.000000
984369433109157904384.000000
984369222002925371392.000000
984365281353251422208.000000
984361199966089117696.000000
984361129597344940032.000000
984357118578926813184.000000
984356907472694280192.000000
984353037191764508672.000000
984352826085531975680.000000
984352614979299442688.000000
984352544610555265024.000000
984348392854648782848.000000
984348252117160427520.000000
984348111379672072192.000000
984340230080324173824.000000
984340018974091640832.000000
984336219061906046976.000000
984332278412232097792.000000
984328337762558148608.000000
984328126656325615616.000000
984327985918837260288.000000
984327774812604727296.000000
984319963882001006592.000000
984319752775768473600.000000
984319541669535940608.000000
984319471300791762944.000000
984315601019861991424.000000
984315389913629458432.000000
984315178807396925440.000000
984315038069908570112.000000
984311097420234620928.000000
984307086401816494080.000000
984303216120886722560.000000
984303075383398367232.000000
984302793908421656576.000000
984295194084050468864.000000
984294912609073758208.000000
984294771871585402880.000000
984294560765352869888.000000
984286820203493326848.000000
984286609097260793856.000000
984286397991028260864.000000
984286327622284083200.000000
984286116516051550208.000000
984282316603865956352.000000
984282105497633423360.000000
984281894391400890368.000000
984277883372982763520.000000
984273942723308814336.000000
984270002073634865152.000000
984269790967402332160.000000
984269579861169799168.000000
984269509492425621504.000000
984269228017448910848.000000
984265498474007494656.000000
984261628193077723136.000000
984261346718101012480.000000
984257335699682885632.000000
984257194962194530304.000000
984256913487217819648.000000
984253113575032225792.000000
984252902468799692800.000000
984248961819125743616.000000
984248750712893210624.000000
984248609975404855296.000000
984248539606660677632.000000
984240869413545312256.000000
984240658307312779264.000000
984240517569824423936.000000
984240306463591890944.000000
984240165726103535616.000000
984240024988615180288.000000
984236013970197053440.000000
984232143689267281920.000000
984231932583034748928.000000
984228062302104977408.000000
984227851195872444416.000000
984223980914942672896.000000
984220040265268723712.000000
984219899527780368384.000000
984219758790292013056.000000
984219547684059480064.000000
984219477315315302400.000000
984219266209082769408.000000
984215255190664642560.000000
984211384909734871040.000000
984211244172246515712.000000
984211033066013982720.000000
984210962697269805056.000000
984210892328525627392.000000
984210540484804739072.000000
984206670203874967552.000000
984199070379503779840.000000
984198859273271246848.000000
984194988992341475328.000000
984194777886108942336.000000
984194707517364764672.000000
984194496411132231680.000000
984190626130202460160.000000
984190415023969927168.000000
984190274286481571840.000000
984190063180249038848.000000
984189992811504861184.000000
984185981793086734336.000000
984185911424342556672.000000
984181970774668607488.000000
984181900405924429824.000000
984178030124994658304.000000
984177819018762125312.000000
984177678281273769984.000000
984177467175041236992.000000
984173596894111465472.000000
984173385787878932480.000000
984165715594763567104.000000
984165504488531034112.000000
984165434119786856448.000000
984165223013554323456.000000
984165082276065968128.000000
984165011907321790464.000000
984164800801089257472.000000
984161000888903663616.000000
984160930520159485952.000000
984153260327044120576.000000
984153049220811587584.000000
984152908483323232256.000000
984152697377090699264.000000
984152627008346521600.000000
984152415902113988608.000000
984148615989928394752.000000
984148404883695861760.000000
984144464234021912576.000000
984144253127789379584.000000
984140453215603785728.000000
984140453215603785728.000000
984140242109371252736.000000
984140101371882897408.000000
984136019984720592896.000000
984132220072534999040.000000
984132079335046643712.000000
984131938597558288384.000000
984131727491325755392.000000
984131727491325755392.000000
984127857210395983872.000000
984127716472907628544.000000
984123775823233679360.000000
984123564717001146368.000000
984123423979512791040.000000
984123212873280258048.000000
984123142504536080384.000000
984119342592350486528.000000
984119272223606308864.000000
984119131486117953536.000000
984107661380816994304.000000
984107591012072816640.000000
984107379905840283648.000000
984107379905840283648.000000
984107168799607750656.000000
984107098430863572992.000000
984106887324631040000.000000
984106746587142684672.000000
984102805937468735488.000000
984102665199980380160.000000
984098794919050608640.000000
984098654181562253312.000000
984098443075329720320.000000
984098372706585542656.000000
984098302337841364992.000000
984098091231608832000.000000
984097950494120476672.000000
984090421038493466624.000000
984090209932260933632.000000
984090069194772578304.000000
984086269282586984448.000000
984086198913842806784.000000
984086058176354451456.000000
984085917438866096128.000000
984085776701377740800.000000
984085706332633563136.000000
984081695314215436288.000000
984081484207982903296.000000
984081484207982903296.000000
984081273101750370304.000000
984077402820820598784.000000
984077402820820598784.000000
984077191714588065792.000000
984077050977099710464.000000
984076980608355532800.000000
984072969589937405952.000000
984069169677751812096.000000
984069028940263456768.000000
984068888202775101440.000000
984068817834030923776.000000
984068606727798390784.000000
984064806815612796928.000000
984064666078124441600.000000
984064595709380263936.000000
984060725428450492416.000000
984060514322217959424.000000
984060373584729604096.000000
984060303215985426432.000000
984060162478497071104.000000
984060092109752893440.000000
984059881003520360448.000000
984056081091334766592.000000
984056010722590588928.000000
984051999704172462080.000000
984051999704172462080.000000
984048129423242690560.000000
984047918317010157568.000000
984047918317010157568.000000
984047707210777624576.000000
984047636842033446912.000000
984047496104545091584.000000
984047425735800913920.000000
984043485086126964736.000000
984039614805197193216.000000
984039544436453015552.000000
984039403698964660224.000000
984039333330220482560.000000
984039122223987949568.000000
984039122223987949568.000000
984038911117755416576.000000
984038770380267061248.000000
984038700011522883584.000000
984031029818407518208.000000
984030889080919162880.000000
984027159537477746688.000000
984027018799989391360.000000
984026807693756858368.000000
984026807693756858368.000000
984026596587524325376.000000
984026596587524325376.000000
984026385481291792384.000000
984026315112547614720.000000
984022515200362020864.000000
984018644919432249344.000000
984018433813199716352.000000
984018433813199716352.000000
984018222706967183360.000000
984018152338223005696.000000
984018011600734650368.000000
984017941231990472704.000000
984017800494502117376.000000
984017730125757939712.000000
984013859844828168192.000000
984006260020456980480.000000
984006119282968625152.000000
984006048914224447488.000000
984005837807991914496.000000
984005837807991914496.000000
984005767439247736832.000000
984005556333015203840.000000
984005556333015203840.000000
984005345226782670848.000000
984001545314597076992.000000
984001474945852899328.000000
983997534296178950144.000000
983997323189946417152.000000
983997323189946417152.000000
983997252821202239488.000000
983997112083713884160.000000
983997041714969706496.000000
983996830608737173504.000000
983996830608737173504.000000
983989160415621808128.000000
983989090046877630464.000000
983988949309389275136.000000
983985079028459503616.000000
983985079028459503616.000000
983984938290971148288.000000
983984867922226970624.000000
983984727184738615296.000000
983984586447250259968.000000
983984586447250259968.000000
983980786535064666112.000000
983980575428832133120.000000
983980434691343777792.000000
983980434691343777792.000000
983976494041669828608.000000
983976353304181473280.000000
983976282935437295616.000000
983976142197948940288.000000
983976071829204762624.000000
983975931091716407296.000000
983972201548274991104.000000
983968190529856864256.000000
983968049792368508928.000000
983967979423624331264.000000
983967838686135975936.000000
983964109142694559744.000000
983964109142694559744.000000
983963968405206204416.000000
983963757298973671424.000000
983963757298973671424.000000
983963686930229493760.000000
983959675911811366912.000000
983959605543067189248.000000
983959464805578833920.000000
983959464805578833920.000000
983959253699346300928.000000
983955594524649062400.000000
983955453787160707072.000000
983955383418416529408.000000
983951513137486757888.000000
983951513137486757888.000000
983951302031254224896.000000
983947431750324453376.000000
983947291012836098048.000000
983947220644091920384.000000
983947079906603565056.000000
983947009537859387392.000000
983943279994417971200.000000
983943209625673793536.000000
983943068888185438208.000000
983942998519441260544.000000
983942928150697082880.000000
983942787413208727552.000000
983938776394790600704.000000
983938706026046423040.000000
983938706026046423040.000000
983938494919813890048.000000
983938424551069712384.000000
983931035832931057664.000000
983930895095442702336.000000
983930824726698524672.000000
983930683989210169344.000000
983930613620465991680.000000
983930543251721814016.000000
983926602602047864832.000000
983926391495815331840.000000
983926391495815331840.000000
983926321127071154176.000000
983926180389582798848.000000
983922521214885560320.000000
983922310108653027328.000000
983922310108653027328.000000
983922239739908849664.000000
983922099002420494336.000000
983922028633676316672.000000
983918017615258189824.000000
983917947246514012160.000000
983914147334328418304.000000
983914147334328418304.000000
983914006596840062976.000000
983913795490607529984.000000
983910136315910291456.000000
983910065947166113792.000000
983910065947166113792.000000
983909925209677758464.000000
983909714103445225472.000000
983905843822515453952.000000
983905773453771276288.000000
983905632716282920960.000000
983905632716282920960.000000
983905562347538743296.000000
983905421610050387968.000000
983901621697864794112.000000
983901551329120616448.000000
983901551329120616448.000000
983901410591632261120.000000
983901340222888083456.000000
983893670029772718080.000000
983893529292284362752.000000
983893458923540185088.000000
983893388554796007424.000000
983893388554796007424.000000
983893247817307652096.000000
983889588642610413568.000000
983889447905122058240.000000
983889377536377880576.000000
983889236798889525248.000000
983889166430145347584.000000
983889025692656992256.000000
983885155411727220736.000000
983885085042983043072.000000
983884944305494687744.000000
983884944305494687744.000000
983884873936750510080.000000
983884733199262154752.000000
983880862918332383232.000000
983876992637402611712.000000
983876992637402611712.000000
983876851899914256384.000000
983876781531170078720.000000
983872981618984484864.000000
983872911250240307200.000000
983872911250240307200.000000
983872770512751951872.000000
983872700144007774208.000000
983872700144007774208.000000
983868759494333825024.000000
983868759494333825024.000000
983868689125589647360.000000
983868618756845469696.000000
983868618756845469696.000000
983868478019357114368.000000
983864467000938987520.000000
983864467000938987520.000000
983864396632194809856.000000
983860596720009216000.000000
983860526351265038336.000000
983860385613776683008.000000
983856515332846911488.000000
983856515332846911488.000000
983856374595358556160.000000
983856304226614378496.000000
983856304226614378496.000000
983852433945684606976.000000
983852293208196251648.000000
983852222839452073984.000000
983852222839452073984.000000
983852082101963718656.000000
983852011733219540992.000000
983851870995731185664.000000
983848141452289769472.000000
983848141452289769472.000000
983848000714801414144.000000
983847930346057236480.000000
983843989696383287296.000000
983840260152941871104.000000
983840119415453515776.000000
983840119415453515776.000000
983840049046709338112.000000
983839908309220982784.000000
983839908309220982784.000000
983836038028291211264.000000
983835967659547033600.000000
983835826922058678272.000000
983835826922058678272.000000
983835756553314500608.000000
983835615815826145280.000000
983831815903640551424.000000
983831745534896373760.000000
983831745534896373760.000000
983831604797408018432.000000
983831534428663840768.000000
983831464059919663104.000000
983827664147734069248.000000
983823723498060120064.000000
983823723498060120064.000000
983823653129315942400.000000
983823582760571764736.000000
983823582760571764736.000000
983819642110897815552.000000
983819642110897815552.000000
983819571742153637888.000000
983819431004665282560.000000
983819431004665282560.000000
983819431004665282560.000000
983815560723735511040.000000
983815490354991333376.000000
983815349617502978048.000000
983815349617502978048.000000
983815279248758800384.000000
983815138511270445056.000000
983811338599084851200.000000
983811268230340673536.000000
983807468318155079680.000000
983807397949410902016.000000
983807397949410902016.000000
983803457299736952832.000000
983803386930992775168.000000
983803316562248597504.000000
983803316562248597504.000000
983803175824760242176.000000
983803105456016064512.000000
983803105456016064512.000000
983799305543830470656.000000
983799164806342115328.000000
983799164806342115328.000000
983799094437597937664.000000
983798953700109582336.000000
983795083419179810816.000000
983795083419179810816.000000
983795013050435633152.000000
983794872312947277824.000000
983791072400761683968.000000
983791002032017506304.000000
983791002032017506304.000000
983791002032017506304.000000
983787202119831912448.000000
983787131751087734784.000000
983786991013599379456.000000
983786920644855201792.000000
983783120732669607936.000000
983783050363925430272.000000
983782909626437074944.000000
983782839257692897280.000000
983782839257692897280.000000
983782839257692897280.000000
983782698520204541952.000000
983782628151460364288.000000
983778828239274770432.000000
983778687501786415104.000000
983778687501786415104.000000
983774817220856643584.000000
983774817220856643584.000000
983774746852112465920.000000
983774606114624110592.000000
983774606114624110592.000000
983774535745879932928.000000
983774395008391577600.000000
983774395008391577600.000000
983774324639647399936.000000
983770524727461806080.000000
983770524727461806080.000000
983770454358717628416.000000
983770313621229273088.000000
983770313621229273088.000000
983770243252485095424.000000
983770102514996740096.000000
983770102514996740096.000000
983770032146252562432.000000
983770032146252562432.000000
983769891408764207104.000000
983766161865322790912.000000
983766021127834435584.000000
983762221215648841728.000000
983762150846904664064.000000
983762150846904664064.000000
983762010109416308736.000000
983761939740672131072.000000
983761799003183775744.000000
983761799003183775744.000000
983761799003183775744.000000
983761728634439598080.000000
983761658265695420416.000000
983761517528207065088.000000
983761517528207065088.000000
983757717616021471232.000000
983757717616021471232.000000
983757647247277293568.000000
983757506509788938240.000000
983757436141044760576.000000
983753636228859166720.000000
983753636228859166720.000000
983753565860114989056.000000
983753425122626633728.000000
983753354753882456064.000000
983753354753882456064.000000
983753354753882456064.000000
983753214016394100736.000000
983749414104208506880.000000
983749343735464329216.000000
983749273366720151552.000000
983749273366720151552.000000
983749273366720151552.000000
983749132629231796224.000000
983749062260487618560.000000
983749062260487618560.000000
983749062260487618560.000000
983748921522999263232.000000
983748851154255085568.000000
983745051242069491712.000000
983744910504581136384.000000
983741180961139720192.000000
983741040223651364864.000000
983741040223651364864.000000
983740969854907187200.000000
983740969854907187200.000000
983740829117418831872.000000
983740829117418831872.000000
983740758748674654208.000000
983740618011186298880.000000
983740618011186298880.000000
983740547642442121216.000000
983740547642442121216.000000
983740406904953765888.000000
983736747730256527360.000000
983736677361512349696.000000
983736536624023994368.000000
983736466255279816704.000000
983732666343094222848.000000
983732666343094222848.000000
983732525605605867520.000000
983732455236861689856.000000
983732384868117512192.000000
983732384868117512192.000000
983732384868117512192.000000
983732244130629156864.000000
983728444218443563008.000000
983728444218443563008.000000
983728373849699385344.000000
983728233112211030016.000000
983728233112211030016.000000
983728233112211030016.000000
983728162743466852352.000000
983728022005978497024.000000
983727951637234319360.000000
983727951637234319360.000000
983727951637234319360.000000
983727881268490141696.000000
983724151725048725504.000000
983720281444118953984.000000
983720140706630598656.000000
983720070337886420992.000000
983720070337886420992.000000
983720070337886420992.000000
983719999969142243328.000000
983719859231653888000.000000
983719859231653888000.000000
983719788862909710336.000000
983719788862909710336.000000
983719788862909710336.000000
983719648125421355008.000000
983719577756677177344.000000
983715777844491583488.000000
983715777844491583488.000000
983715637107003228160.000000
983715637107003228160.000000
983715637107003228160.000000
983711766826073456640.000000
983711696457329278976.000000
983711555719840923648.000000
983711555719840923648.000000
983711555719840923648.000000
983711485351096745984.000000
983711485351096745984.000000
983711344613608390656.000000
983707615070166974464.000000
983707474332678619136.000000
983707474332678619136.000000
983707474332678619136.000000
983707403963934441472.000000
983707403963934441472.000000
983707263226446086144.000000
983707263226446086144.000000
983707263226446086144.000000
983707192857701908480.000000
983707052120213553152.000000
983703252208027959296.000000
983703252208027959296.000000
983703181839283781632.000000
983699311558354010112.000000
983699311558354010112.000000
983699311558354010112.000000
983699170820865654784.000000
983699170820865654784.000000
983699100452121477120.000000
983699100452121477120.000000
983699100452121477120.000000
983698959714633121792.000000
983698889345888944128.000000
983698889345888944128.000000
983698748608400588800.000000
983698748608400588800.000000
983695019064959172608.000000
983695019064959172608.000000
983694878327470817280.000000
983694878327470817280.000000
983690867309052690432.000000
983690867309052690432.000000
983690867309052690432.000000
983690796940308512768.000000
983690726571564335104.000000
983690726571564335104.000000
983690585834075979776.000000
983690585834075979776.000000
983690585834075979776.000000
983686785921890385920.000000
983686785921890385920.000000
983686785921890385920.000000
983686715553146208256.000000
983686574815657852928.000000
983686574815657852928.000000
983686504446913675264.000000
983686504446913675264.000000
983686504446913675264.000000
983686363709425319936.000000
983682704534728081408.000000
983682634165983903744.000000
983682493428495548416.000000
983678693516309954560.000000
983678623147565776896.000000
983678623147565776896.000000
983678623147565776896.000000
983678482410077421568.000000
983678412041333243904.000000
983678412041333243904.000000
983678341672589066240.000000
983678341672589066240.000000
983678341672589066240.000000
983678200935100710912.000000
983678200935100710912.000000
983678130566356533248.000000
983677989828868177920.000000
983674330654170939392.000000
983674189916682584064.000000
983670460373241167872.000000
983670319635752812544.000000
983670249267008634880.000000
983670249267008634880.000000
983670108529520279552.000000
983670108529520279552.000000
983670108529520279552.000000
983670038160776101888.000000
983670038160776101888.000000
983669897423287746560.000000
983669827054543568896.000000
983666238248590508032.000000
983666097511102152704.000000
983666027142357975040.000000
983666027142357975040.000000
983666027142357975040.000000
983666027142357975040.000000
983665956773613797376.000000
983665816036125442048.000000
983662156861428203520.000000
983662016123939848192.000000
983662016123939848192.000000
983661945755195670528.000000
983661945755195670528.000000
983661945755195670528.000000
983658075474265899008.000000
983658075474265899008.000000
983657934736777543680.000000
983657864368033366016.000000
983657864368033366016.000000
983657864368033366016.000000
983657864368033366016.000000
983657723630545010688.000000
983657653261800833024.000000
983657653261800833024.000000
983657512524312477696.000000
983657512524312477696.000000
983657512524312477696.000000
983653712612126883840.000000
983649842331197112320.000000
983649771962452934656.000000
983649771962452934656.000000
983649631224964579328.000000
983649631224964579328.000000
983649631224964579328.000000
983649560856220401664.000000
983649560856220401664.000000
983649420118732046336.000000
983649420118732046336.000000
983649349749987868672.000000
983649349749987868672.000000
983649349749987868672.000000
983645549837802274816.000000
983645549837802274816.000000
983645549837802274816.000000
983645549837802274816.000000
983645479469058097152.000000
983645479469058097152.000000
983641679556872503296.000000
983641538819384147968.000000
983641538819384147968.000000
983641468450639970304.000000
983641468450639970304.000000
983641468450639970304.000000
983641468450639970304.000000
983641327713151614976.000000
983637598169710198784.000000
983637457432221843456.000000
983637387063477665792.000000
983637387063477665792.000000
983637387063477665792.000000
983637387063477665792.000000
983637246325989310464.000000
983637246325989310464.000000
983637175957245132800.000000
983637175957245132800.000000
983637035219756777472.000000
983633305676315361280.000000
983633305676315361280.000000
983629365026641412096.000000
983629365026641412096.000000
983629294657897234432.000000
983629294657897234432.000000
983629153920408879104.000000
983629153920408879104.000000
983629153920408879104.000000
983629083551664701440.000000
983629083551664701440.000000
983628942814176346112.000000
983628942814176346112.000000
983628872445432168448.000000
983628872445432168448.000000
983628872445432168448.000000
983625213270734929920.000000
983625072533246574592.000000
983625072533246574592.000000
983625072533246574592.000000
983621272621060980736.000000
983621272621060980736.000000
983621272621060980736.000000
983621202252316803072.000000
983621061514828447744.000000
983621061514828447744.000000
983620991146084270080.000000
983620991146084270080.000000
983620991146084270080.000000
983620991146084270080.000000
983616980127666143232.000000
983616980127666143232.000000
983616909758921965568.000000
983616909758921965568.000000
983616909758921965568.000000
983616909758921965568.000000
983616769021433610240.000000
983616769021433610240.000000
983616698652689432576.000000
983613109846736371712.000000
983613039477992194048.000000
983613039477992194048.000000
983612898740503838720.000000
983612898740503838720.000000
983609028459574067200.000000
983608887722085711872.000000
983608887722085711872.000000
983608817353341534208.000000
983608817353341534208.000000
983608676615853178880.000000
983608676615853178880.000000
983608676615853178880.000000
983608676615853178880.000000
983608606247109001216.000000
983608606247109001216.000000
983608535878364823552.000000
983608535878364823552.000000
983608395140876468224.000000
983601006422737813504.000000
983601006422737813504.000000
983601006422737813504.000000
983600936053993635840.000000
983600936053993635840.000000
983600795316505280512.000000
983600795316505280512.000000
983600795316505280512.000000
983600795316505280512.000000
983600724947761102848.000000
983600724947761102848.000000
983600654579016925184.000000
983600654579016925184.000000
983600513841528569856.000000
983596713929342976000.000000
983596643560598798336.000000
983596643560598798336.000000
983596502823110443008.000000
983596502823110443008.000000
983596432454366265344.000000
983592843648413204480.000000
983592843648413204480.000000
983592773279669026816.000000
983592773279669026816.000000
983592632542180671488.000000
983592632542180671488.000000
983592632542180671488.000000
983592632542180671488.000000
983588621523762544640.000000
983588621523762544640.000000
983588551155018366976.000000
983588551155018366976.000000
983588551155018366976.000000
983588551155018366976.000000
983588410417530011648.000000
983588410417530011648.000000
983588340048785833984.000000
983588340048785833984.000000
983588269680041656320.000000
983584680874088595456.000000
983584540136600240128.000000
983584540136600240128.000000
983580740224414646272.000000
983580740224414646272.000000
983580740224414646272.000000
983580669855670468608.000000
983580669855670468608.000000
983580529118182113280.000000
983580529118182113280.000000
983580529118182113280.000000
983580529118182113280.000000
983580458749437935616.000000
983580458749437935616.000000
983580388380693757952.000000
983580388380693757952.000000
983580388380693757952.000000
983576447731019808768.000000
983576377362275631104.000000
983572647818834214912.000000
983572647818834214912.000000
983572647818834214912.000000
983572647818834214912.000000
983572577450090037248.000000
983572577450090037248.000000
983572507081345859584.000000
983572507081345859584.000000
983572366343857504256.000000
983572366343857504256.000000
983572366343857504256.000000
983572366343857504256.000000
983568496062927732736.000000
983568355325439377408.000000
983568355325439377408.000000
983568284956695199744.000000
983568284956695199744.000000
983568284956695199744.000000
983568284956695199744.000000
983568144219206844416.000000
983564485044509605888.000000
983564485044509605888.000000
983564485044509605888.000000
983564485044509605888.000000
983564414675765428224.000000
983564414675765428224.000000
983560614763579834368.000000
983560614763579834368.000000
983560474026091479040.000000
983560474026091479040.000000
983560474026091479040.000000
983560403657347301376.000000
983560403657347301376.000000
983560403657347301376.000000
983560403657347301376.000000
983560262919858946048.000000
983560262919858946048.000000
983560192551114768384.000000
983560192551114768384.000000
983556322270184996864.000000
983552592726743580672.000000
983552592726743580672.000000
983552522357999403008.000000
983552522357999403008.000000
983552522357999403008.000000
983552522357999403008.000000
983552522357999403008.000000
983552381620511047680.000000
983552381620511047680.000000
983552311251766870016.000000
983552311251766870016.000000
983552240883022692352.000000
983552240883022692352.000000
983552240883022692352.000000
983548300233348743168.000000
983548300233348743168.000000
983548229864604565504.000000
983548229864604565504.000000
983544500321163149312.000000
983544500321163149312.000000
983544500321163149312.000000
983544429952418971648.000000
983544429952418971648.000000
983544359583674793984.000000
983544359583674793984.000000
983544359583674793984.000000
983544359583674793984.000000
983544359583674793984.000000
983544218846186438656.000000
983540418934000844800.000000
983540418934000844800.000000
983540418934000844800.000000
983540418934000844800.000000
983540348565256667136.000000
983540348565256667136.000000
983540207827768311808.000000
983540207827768311808.000000
983540207827768311808.000000
983536337546838540288.000000
983536337546838540288.000000
983536267178094362624.000000
983536267178094362624.000000
983536126440606007296.000000
983532537634652946432.000000
983532537634652946432.000000
983532467265908768768.000000
983532467265908768768.000000
983532326528420413440.000000
983532326528420413440.000000
983532326528420413440.000000
983532256159676235776.000000
983532256159676235776.000000
983532256159676235776.000000
983532256159676235776.000000
983532256159676235776.000000
983532115422187880448.000000
983532115422187880448.000000
983524445229072515072.000000
983524445229072515072.000000
983524445229072515072.000000
983524374860328337408.000000
983524374860328337408.000000
983524374860328337408.000000
983524374860328337408.000000
983524374860328337408.000000
983524234122839982080.000000
983524234122839982080.000000
983524163754095804416.000000
983524163754095804416.000000
983524163754095804416.000000
983524093385351626752.000000
983524093385351626752.000000
983520363841910210560.000000
983520363841910210560.000000
983520363841910210560.000000
983520293473166032896.000000
983516493560980439040.000000
983516493560980439040.000000
983516352823492083712.000000
983516352823492083712.000000
983516282454747906048.000000
983516282454747906048.000000
983516282454747906048.000000
983516212086003728384.000000
983516212086003728384.000000
983516212086003728384.000000
983512482542562312192.000000
983512482542562312192.000000
983512412173818134528.000000
983512412173818134528.000000
983512412173818134528.000000
983512412173818134528.000000
983512412173818134528.000000
983512271436329779200.000000
983512271436329779200.000000
983512271436329779200.000000
983508471524144185344.000000
983508471524144185344.000000
983508401155400007680.000000
983508401155400007680.000000
983508401155400007680.000000
983508330786655830016.000000
983508330786655830016.000000
983508330786655830016.000000
983508330786655830016.000000
983508330786655830016.000000
983508190049167474688.000000
983508190049167474688.000000
983508190049167474688.000000
983508119680423297024.000000
983508119680423297024.000000
983508119680423297024.000000
983507978942934941696.000000
983507978942934941696.000000
983507978942934941696.000000
983504108662005170176.000000
983504108662005170176.000000
983503967924516814848.000000
983503967924516814848.000000
983503967924516814848.000000
983503897555772637184.000000
983503897555772637184.000000
983503897555772637184.000000
983503897555772637184.000000
983503897555772637184.000000
983503827187028459520.000000
983503827187028459520.000000
983503827187028459520.000000
983503686449540104192.000000
983503686449540104192.000000
983503686449540104192.000000
983503616080795926528.000000
983503616080795926528.000000
983503616080795926528.000000
983499886537354510336.000000
983499886537354510336.000000
983499886537354510336.000000
983499816168610332672.000000
983499816168610332672.000000
983499816168610332672.000000
983499816168610332672.000000
983499816168610332672.000000
983499675431121977344.000000
983499675431121977344.000000
983499675431121977344.000000
983499605062377799680.000000
983499605062377799680.000000
983499605062377799680.000000
983499464324889444352.000000
983499464324889444352.000000
983499464324889444352.000000
983499464324889444352.000000
983499464324889444352.000000
983499464324889444352.000000
983495523675215495168.000000
983495523675215495168.000000
983495382937727139840.000000
983495382937727139840.000000
983495382937727139840.000000
983495382937727139840.000000
983495382937727139840.000000
983495382937727139840.000000
983495312568982962176.000000
983495312568982962176.000000
983495312568982962176.000000
983495171831494606848.000000
983495171831494606848.000000
983495171831494606848.000000
983495171831494606848.000000
983495171831494606848.000000
983495171831494606848.000000
983495101462750429184.000000
983495101462750429184.000000
983491442288053190656.000000
983491301550564835328.000000
983491301550564835328.000000
983491301550564835328.000000
983491301550564835328.000000
983491301550564835328.000000
983491301550564835328.000000
983491231181820657664.000000
983491231181820657664.000000
983491231181820657664.000000
983491090444332302336.000000
983491090444332302336.000000
983491090444332302336.000000
983491090444332302336.000000
983491090444332302336.000000
983491090444332302336.000000
983491020075588124672.000000
983491020075588124672.000000
983491020075588124672.000000
983487220163402530816.000000
983487220163402530816.000000
983487220163402530816.000000
983487079425914175488.000000
983487079425914175488.000000
983487079425914175488.000000
983487009057169997824.000000
983487009057169997824.000000
983487009057169997824.000000
983487009057169997824.000000
983487009057169997824.000000
983487009057169997824.000000
983486938688425820160.000000
983486938688425820160.000000
983486938688425820160.000000
983486797950937464832.000000
983486797950937464832.000000
983486797950937464832.000000
983486727582193287168.000000
983482927670007693312.000000
983482927670007693312.000000
983482786932519337984.000000
983482786932519337984.000000
983482786932519337984.000000
983482716563775160320.000000
983482716563775160320.000000
983482716563775160320.000000
983482575826286804992.000000
983482575826286804992.000000
983482575826286804992.000000
983482575826286804992.000000
983482575826286804992.000000
983482575826286804992.000000
983482575826286804992.000000
983482505457542627328.000000
983482505457542627328.000000
983482505457542627328.000000
983482435088798449664.000000
983482435088798449664.000000
983478846282845388800.000000
983478705545357033472.000000
983478705545357033472.000000
983478705545357033472.000000
983478635176612855808.000000
983478635176612855808.000000
983478635176612855808.000000
983478494439124500480.000000
983478494439124500480.000000
983478494439124500480.000000
983478494439124500480.000000
983478494439124500480.000000
983478494439124500480.000000
983478494439124500480.000000
983478424070380322816.000000
983478424070380322816.000000
983478424070380322816.000000
983478283332891967488.000000
983478283332891967488.000000
983474413051962195968.000000
983474413051962195968.000000
983474413051962195968.000000
983474413051962195968.000000
983474342683218018304.000000
983474342683218018304.000000
983474342683218018304.000000
983474342683218018304.000000
983474201945729662976.000000
983474201945729662976.000000
983474201945729662976.000000
983474131576985485312.000000
983474131576985485312.000000
983474131576985485312.000000
983474131576985485312.000000
983474131576985485312.000000
983474201945729662976.000000
983474131576985485312.000000
983473990839497129984.000000
983473990839497129984.000000
983470331664799891456.000000
983470331664799891456.000000
983470331664799891456.000000
983470331664799891456.000000
983470190927311536128.000000
983470190927311536128.000000
983470190927311536128.000000
983470190927311536128.000000
983470120558567358464.000000
983470120558567358464.000000
983470120558567358464.000000
983470050189823180800.000000
983470050189823180800.000000
983470050189823180800.000000
983470050189823180800.000000
983470050189823180800.000000
983470050189823180800.000000
983470050189823180800.000000
983469909452334825472.000000
983466250277637586944.000000
983466250277637586944.000000
983466109540149231616.000000
983466109540149231616.000000
983466109540149231616.000000
983466109540149231616.000000
983466039171405053952.000000
983466039171405053952.000000
983466039171405053952.000000
983465898433916698624.000000
983465898433916698624.000000
983465898433916698624.000000
983465898433916698624.000000
983465898433916698624.000000
983465898433916698624.000000
983465898433916698624.000000
983465828065172520960.000000
983465828065172520960.000000
983465828065172520960.000000
983461957784242749440.000000
983461817046754394112.000000
983461817046754394112.000000
983461817046754394112.000000
983461817046754394112.000000
983461817046754394112.000000
983461817046754394112.000000
983461817046754394112.000000
983461746678010216448.000000
983461746678010216448.000000
983461746678010216448.000000
983461605940521861120.000000
983461605940521861120.000000
983461605940521861120.000000
983461605940521861120.000000
983461676309266038784.000000
983461605940521861120.000000
983461605940521861120.000000
983461535571777683456.000000
983461535571777683456.000000
983457806028336267264.000000
983457806028336267264.000000
983457735659592089600.000000
983457735659592089600.000000
983457735659592089600.000000
983457735659592089600.000000
983457735659592089600.000000
983457735659592089600.000000
983457735659592089600.000000
983457665290847911936.000000
983457665290847911936.000000
983457665290847911936.000000
983457665290847911936.000000
983457524553359556608.000000
983457524553359556608.000000
983457524553359556608.000000
983457524553359556608.000000
983457524553359556608.000000
983457524553359556608.000000
983453654272429785088.000000
983453513534941429760.000000
983453513534941429760.000000
983453513534941429760.000000
983453513534941429760.000000
983453443166197252096.000000
983453443166197252096.000000
983453443166197252096.000000
983453443166197252096.000000
983453443166197252096.000000
983453443166197252096.000000
983453443166197252096.000000
983453302428708896768.000000
983453302428708896768.000000
983453302428708896768.000000
983453302428708896768.000000
983453232059964719104.000000
983453232059964719104.000000
983453232059964719104.000000
983449572885267480576.000000
983449572885267480576.000000
983449572885267480576.000000
983449572885267480576.000000
983449432147779125248.000000
983449432147779125248.000000
983449432147779125248.000000
983449432147779125248.000000
983449361779034947584.000000
983449361779034947584.000000
983449361779034947584.000000
983449361779034947584.000000
983449361779034947584.000000
983449361779034947584.000000
983449361779034947584.000000
983449361779034947584.000000
983449221041546592256.000000
983449221041546592256.000000
983449221041546592256.000000
983449221041546592256.000000
983445421129360998400.000000
983445421129360998400.000000
983445421129360998400.000000
983445421129360998400.000000
983445350760616820736.000000
983445350760616820736.000000
983445350760616820736.000000
983445280391872643072.000000
983445280391872643072.000000
983445280391872643072.000000
983445280391872643072.000000
983445280391872643072.000000
983445280391872643072.000000
983445280391872643072.000000
983445280391872643072.000000
983445139654384287744.000000
983445139654384287744.000000
983445139654384287744.000000
983445139654384287744.000000
983441128635966160896.000000
983441128635966160896.000000
983441128635966160896.000000
983441128635966160896.000000
983441128635966160896.000000
983441128635966160896.000000
983441128635966160896.000000
983441128635966160896.000000
983441058267221983232.000000
983441058267221983232.000000
983441058267221983232.000000
983441058267221983232.000000
983440917529733627904.000000
983440917529733627904.000000
983440917529733627904.000000
983440917529733627904.000000
983440847160989450240.000000
983440847160989450240.000000
983440847160989450240.000000
983440847160989450240.000000
983437187986292211712.000000
983437187986292211712.000000
983437187986292211712.000000
983437187986292211712.000000
983437047248803856384.000000
983437047248803856384.000000
983437047248803856384.000000
983437047248803856384.000000
983437047248803856384.000000
983437047248803856384.000000
983437047248803856384.000000
983437047248803856384.000000
983436976880059678720.000000
983436976880059678720.000000
983436976880059678720.000000
983436976880059678720.000000
983436836142571323392.000000
983436836142571323392.000000
983436836142571323392.000000
983432965861641551872.000000
983432965861641551872.000000
983432965861641551872.000000
983432965861641551872.000000
983432965861641551872.000000
983432965861641551872.000000
983432895492897374208.000000
983432895492897374208.000000
