93087858688.000000
77192568832.000000
64152825856.000000
53496578048.000000
44797128704.000000
37714112512.000000
31939115008.000000
27222849536.000000
23365701632.000000
20200361984.000000
17589293056.000000
15429092352.000000
13633165312.000000
12132355072.000000
10874701824.000000
9810247680.000000
8911898624.000000
8144595968.000000
7490441728.000000
6913303552.000000
6427715072.000000
6002011136.000000
5625708032.000000
5296139776.000000
5013966336.000000
4756964352.000000
4526559232.000000
4338104832.000000
4154938880.000000
3988668672.000000
3832559616.000000
3699207424.000000
3582544384.000000
3473180672.000000
3366390784.000000
3284557568.000000
3192089088.000000
3108929536.000000
3038372864.000000
2966480384.000000
2903254784.000000
2841505536.000000
2785087488.000000
2760866816.000000
2687725056.000000
2636622848.000000
2592683008.000000
2548478976.000000
2523416576.000000
2474157056.000000
2435996928.000000
2419201024.000000
2372296960.000000
2345129216.000000
2300613376.000000
2275560192.000000
2241587200.000000
2213643264.000000
2186949376.000000
2174101504.000000
2160028928.000000
2112060544.000000
2085875712.000000
2063890688.000000
2039832576.000000
2017570048.000000
1997788544.000000
1974812416.000000
1956702976.000000
1933691648.000000
1914924672.000000
1895238016.000000
1867096448.000000
1852199424.000000
1805577600.000000
1773895040.000000
1743176320.000000
1699679616.000000
1666806912.000000
1627402112.000000
1608704256.000000
1567160704.000000
1526469376.000000
1496351232.000000
1466327936.000000
1429968256.000000
1408834944.000000
1375880064.000000
1343424768.000000
1316684416.000000
1294393344.000000
1265285888.000000
1240963456.000000
1218885632.000000
1194867840.000000
1180191360.000000
1161937920.000000
1131306112.000000
1111556608.000000
1092493824.000000
1074016512.000000
1072575168.000000
1039467136.000000
1022744704.000000
1007310848.000000
990730816.000000
977980736.000000
961031488.000000
946205568.000000
932892608.000000
919603136.000000
906531968.000000
893202944.000000
881711232.000000
869475136.000000
858380992.000000
846598016.000000
834839360.000000
823982400.000000
813434688.000000
803600512.000000
793440768.000000
784781120.000000
789809984.000000
770852480.000000
757258688.000000
747774080.000000
739860032.000000
744736512.000000
721616896.000000
714814080.000000
706099456.000000
698820672.000000
697674944.000000
682963584.000000
675725568.000000
671458304.000000
661669696.000000
654919680.000000
648683456.000000
642427776.000000
635661184.000000
628833600.000000
622817664.000000
616569408.000000
610583040.000000
606092480.000000
599221888.000000
602375360.000000
587718592.000000
584009856.000000
577928448.000000
571791296.000000
566399424.000000
562860288.000000
556792000.000000
552721920.000000
546461888.000000
547536128.000000
540780928.000000
532954592.000000
528564480.000000
523307232.000000
518862464.000000
514648736.000000
510154720.000000
506362336.000000
502637600.000000
497681376.000000
495186624.000000
491505536.000000
486118240.000000
482175072.000000
479090080.000000
474211232.000000
470481184.000000
467102016.000000
464984320.000000
459629760.000000
456269984.000000
452762112.000000
449188928.000000
446370336.000000
442454720.000000
439705472.000000
436269824.000000
433034720.000000
429711424.000000
426709888.000000
423346944.000000
421428864.000000
417207776.000000
415065440.000000
411909152.000000
408718336.000000
405697280.000000
402706592.000000
400252448.000000
398885696.000000
394358336.000000
391639808.000000
389577472.000000
386768544.000000
385832640.000000
384663008.000000
380210176.000000
376048832.000000
373549632.000000
371370432.000000
368643008.000000
369143264.000000
364188544.000000
362982912.000000
359169024.000000
358651680.000000
354986880.000000
352832416.000000
350060992.000000
347903680.000000
345684800.000000
343644992.000000
341672128.000000
339683712.000000
337412960.000000
335678272.000000
333434496.000000
331778848.000000
328991808.000000
327024768.000000
324966400.000000
323031584.000000
321464192.000000
321132384.000000
318011456.000000
315623616.000000
314461984.000000
312464544.000000
310678624.000000
308400352.000000
307026496.000000
305021600.000000
303890912.000000
301414144.000000
299294016.000000
297890528.000000
295911296.000000
294257728.000000
292585696.000000
291450848.000000
292259136.000000
287803104.000000
286623072.000000
285116096.000000
282952416.000000
282441280.000000
280117216.000000
278434016.000000
280431776.000000
275502016.000000
274430752.000000
272481504.000000
270925088.000000
269797152.000000
269282784.000000
266768368.000000
265321968.000000
264589712.000000
262650592.000000
262057488.000000
259728416.000000
258357072.000000
258361824.000000
255996960.000000
256279136.000000
253423040.000000
251783392.000000
250782816.000000
249424096.000000
247976032.000000
248751344.000000
246812672.000000
245381376.000000
243331616.000000
242111728.000000
241141792.000000
241697296.000000
239776864.000000
237330048.000000
236603248.000000
234830864.000000
234451744.000000
232503872.000000
231474432.000000
231121968.000000
229543296.000000
228043856.000000
226959632.000000
225887664.000000
224805568.000000
224042400.000000
223196480.000000
221634944.000000
220689024.000000
219634528.000000
221166528.000000
217712064.000000
217239856.000000
216397984.000000
214907968.000000
214344128.000000
212537744.000000
211644192.000000
212703792.000000
210126272.000000
208823568.000000
207764656.000000
206971440.000000
206353536.000000
204966464.000000
204290576.000000
203285968.000000
202252144.000000
201514944.000000
200690880.000000
200751984.000000
198704448.000000
197827360.000000
197001920.000000
198799520.000000
196346320.000000
194670352.000000
193541424.000000
192802224.000000
192034160.000000
192374256.000000
190735152.000000
189420048.000000
188661440.000000
188156608.000000
187079664.000000
186239072.000000
185641952.000000
185125056.000000
184109456.000000
183375552.000000
182381888.000000
181684080.000000
181657504.000000
180109440.000000
180158656.000000
178616896.000000
178255264.000000
177349808.000000
176836608.000000
178274128.000000
175257472.000000
174717488.000000
174584400.000000
173182080.000000
172379760.000000
171500192.000000
170800672.000000
170201056.000000
169513936.000000
168772384.000000
168105008.000000
167526896.000000
166083200.000000
164694976.000000
163432448.000000
162561136.000000
163350432.000000
161612960.000000
161092880.000000
160492960.000000
159676672.000000
158899392.000000
158203088.000000
157594304.000000
157049632.000000
156510720.000000
157052288.000000
157643040.000000
154718112.000000
154067424.000000
153581664.000000
153588256.000000
152370736.000000
151856704.000000
151200432.000000
150668704.000000
150460896.000000
151057072.000000
149384320.000000
148341952.000000
147981584.000000
147322592.000000
146981888.000000
146197504.000000
145998800.000000
145210832.000000
144588928.000000
144138416.000000
144001456.000000
143003184.000000
142743104.000000
141985408.000000
141523184.000000
140969424.000000
140455344.000000
140144304.000000
140133296.000000
139098672.000000
138449840.000000
137981312.000000
137989328.000000
137031088.000000
136578560.000000
136257456.000000
135553120.000000
135078256.000000
134604880.000000
134155416.000000
133666768.000000
134279232.000000
132740928.000000
132704144.000000
132013520.000000
131581088.000000
130917224.000000
130888688.000000
130034192.000000
129578408.000000
129160072.000000
128798560.000000
128561832.000000
128679328.000000
127458224.000000
126960656.000000
126673544.000000
126115656.000000
125885376.000000
125348224.000000
125098568.000000
124841456.000000
124113608.000000
123668480.000000
123307432.000000
123062856.000000
122611640.000000
122308248.000000
121600840.000000
121205520.000000
120779656.000000
120384856.000000
119984592.000000
119613648.000000
119231912.000000
118821424.000000
118609680.000000
118052384.000000
117763296.000000
117305584.000000
116915792.000000
116534792.000000
116217848.000000
115952328.000000
115424880.000000
115049208.000000
114706104.000000
114317512.000000
113961312.000000
114430816.000000
113253520.000000
113621872.000000
112530816.000000
112378032.000000
111936808.000000
111756320.000000
111183984.000000
110867120.000000
110448816.000000
110174752.000000
109748328.000000
109413496.000000
109342800.000000
108743072.000000
108626688.000000
108111352.000000
108010192.000000
107784072.000000
107185928.000000
107692088.000000
106433656.000000
106100840.000000
106592408.000000
106269976.000000
106179032.000000
105004128.000000
104505056.000000
104957384.000000
104150848.000000
103562008.000000
103260648.000000
103103048.000000
102758920.000000
102332192.000000
102035432.000000
101732920.000000
101952024.000000
101149880.000000
100918872.000000
100726960.000000
100276600.000000
100129904.000000
99688120.000000
101093992.000000
99474840.000000
98880232.000000
98587800.000000
98204752.000000
97914872.000000
98226320.000000
97351624.000000
97073824.000000
97392904.000000
96733104.000000
96234240.000000
95957888.000000
95816408.000000
95407040.000000
95142736.000000
95073232.000000
94596392.000000
94505352.000000
94620360.000000
94059384.000000
93532864.000000
93614200.000000
93019528.000000
92744920.000000
92538600.000000
92293816.000000
92013984.000000
91786824.000000
91559400.000000
91204256.000000
91061984.000000
90697128.000000
90546728.000000
90209088.000000
90230152.000000
89693496.000000
89509728.000000
89209352.000000
89697432.000000
88753448.000000
88468904.000000
88280936.000000
88162672.000000
87809304.000000
87610808.000000
87325512.000000
87110200.000000
87065600.000000
86761328.000000
86394344.000000
86369472.000000
85934800.000000
85626480.000000
85851384.000000
85168312.000000
84935032.000000
84770320.000000
84778608.000000
84258960.000000
84043448.000000
83837208.000000
83584152.000000
83509320.000000
83282896.000000
83193296.000000
82731776.000000
82483520.000000
82275760.000000
82078928.000000
81835096.000000
81832984.000000
81448480.000000
81199784.000000
81028616.000000
81008296.000000
80902352.000000
80442736.000000
80484200.000000
80011056.000000
79888344.000000
79757232.000000
79368232.000000
79377544.000000
78930888.000000
78721104.000000
78642960.000000
78310992.000000
78198504.000000
77912040.000000
77741376.000000
77513520.000000
77316664.000000
77556368.000000
77111744.000000
76737480.000000
76539984.000000
76342392.000000
76220224.000000
75959056.000000
76129400.000000
75576968.000000
75780472.000000
75253256.000000
75050232.000000
75570584.000000
74712584.000000
74532224.000000
74594224.000000
74270752.000000
73902840.000000
74354024.000000
74287144.000000
73355504.000000
73248112.000000
72992040.000000
72821584.000000
72707952.000000
72694112.000000
72278248.000000
72110136.000000
72054072.000000
71772512.000000
72138848.000000
71403344.000000
71259384.000000
71097144.000000
70899920.000000
70718576.000000
70649920.000000
70374656.000000
70356584.000000
70283896.000000
70026456.000000
69744200.000000
69545400.000000
69432800.000000
69250096.000000
69074296.000000
68967592.000000
68790576.000000
68699560.000000
68384048.000000
68368256.000000
68515104.000000
68008624.000000
67774296.000000
67651584.000000
67565656.000000
67394552.000000
67238472.000000
67267728.000000
66786112.000000
66640144.000000
66480844.000000
66799516.000000
66167196.000000
66647716.000000
65855436.000000
65702792.000000
65679548.000000
65635008.000000
65482108.000000
65101440.000000
65208464.000000
64820180.000000
64644964.000000
64633256.000000
64423432.000000
64329552.000000
64072668.000000
64039008.000000
63774752.000000
63618680.000000
63673864.000000
63364876.000000
63389432.000000
63097604.000000
62983288.000000
63048712.000000
62720636.000000
62481728.000000
62364720.000000
62280816.000000
62079324.000000
62436504.000000
61769264.000000
61634096.000000
61614472.000000
61354548.000000
61228144.000000
61092288.000000
61005276.000000
60816032.000000
60689656.000000
60542260.000000
60474080.000000
60370928.000000
60144344.000000
60027788.000000
59870968.000000
59800784.000000
59645224.000000
59519160.000000
59619848.000000
59411540.000000
59124692.000000
59331160.000000
58948868.000000
58705460.000000
58603800.000000
58923960.000000
58317772.000000
58257844.000000
58864476.000000
57941660.000000
57888540.000000
57802100.000000
57706740.000000
57560060.000000
57557992.000000
57193036.000000
57217604.000000
56945000.000000
56935248.000000
56730820.000000
56624056.000000
56544652.000000
56473016.000000
56211460.000000
56100132.000000
56234924.000000
55922828.000000
55736556.000000
55728364.000000
55502472.000000
55401156.000000
55278240.000000
55199452.000000
55163584.000000
54965344.000000
55106664.000000
54687160.000000
54604912.000000
54637888.000000
54397440.000000
54322868.000000
54113548.000000
54067792.000000
53936488.000000
53886848.000000
53758872.000000
53584632.000000
53443576.000000
53569632.000000
53221800.000000
53361352.000000
53050332.000000
52883192.000000
53001884.000000
52677616.000000
52772368.000000
52644016.000000
52725368.000000
52375752.000000
52242896.000000
52136440.000000
51923868.000000
52793080.000000
52460332.000000
52059600.000000
51869824.000000
51393268.000000
51287064.000000
51179256.000000
51772344.000000
51423764.000000
50929340.000000
50803368.000000
50670252.000000
50643252.000000
50624464.000000
50362948.000000
50288048.000000
50187828.000000
50054804.000000
49964764.000000
49932180.000000
49761400.000000
49809564.000000
49908732.000000
49518224.000000
49360708.000000
49415988.000000
49351196.000000
49252440.000000
48999028.000000
49045008.000000
48816884.000000
48764552.000000
48602840.000000
48671632.000000
48470384.000000
48301612.000000
48206692.000000
48155576.000000
48098152.000000
47920288.000000
47860056.000000
47748408.000000
47731764.000000
47576036.000000
47572764.000000
47368088.000000
47327744.000000
47218616.000000
47157200.000000
47015216.000000
47152492.000000
46818712.000000
46771180.000000
46647560.000000
46753828.000000
46553196.000000
46360720.000000
46270356.000000
46182568.000000
46092944.000000
46106120.000000
45938404.000000
45838332.000000
45743388.000000
46000948.000000
45564336.000000
45479752.000000
45393104.000000
45335976.000000
45247296.000000
45165724.000000
45053600.000000
44970568.000000
44981212.000000
44841592.000000
44845296.000000
44620972.000000
44538964.000000
44742276.000000
44532556.000000
44326752.000000
44202364.000000
44119156.000000
44064712.000000
43988328.000000
43870576.000000
44035268.000000
43812316.000000
43627772.000000
43548308.000000
43725720.000000
43380500.000000
43333512.000000
43273908.000000
43217140.000000
43099740.000000
43226764.000000
43356652.000000
43001240.000000
42749700.000000
42687856.000000
42667408.000000
42504752.000000
42426100.000000
42354044.000000
42322476.000000
42192392.000000
42139684.000000
42035292.000000
41970740.000000
41912108.000000
41980880.000000
41783536.000000
41778288.000000
41603568.000000
41515612.000000
41500796.000000
41505192.000000
41404936.000000
41867516.000000
41125996.000000
41055388.000000
41000644.000000
40908540.000000
41024328.000000
40786740.000000
40769452.000000
40621844.000000
40540304.000000
40496916.000000
40393008.000000
40444024.000000
40252756.000000
40499852.000000
40146368.000000
40098868.000000
40033864.000000
39990244.000000
39961876.000000
39809020.000000
39732972.000000
39647592.000000
39541500.000000
39518752.000000
39423284.000000
39358348.000000
39288216.000000
39188416.000000
39119120.000000
39058432.000000
38982784.000000
38946560.000000
38925828.000000
38994820.000000
38730788.000000
38680004.000000
38820940.000000
38500980.000000
38439480.000000
38413900.000000
38340588.000000
38257728.000000
38214656.000000
38449680.000000
38106688.000000
38028988.000000
38080352.000000
37916436.000000
37781848.000000
37711136.000000
37639432.000000
37637368.000000
37658656.000000
37894440.000000
37505688.000000
37560096.000000
37258012.000000
37195296.000000
37668444.000000
37062376.000000
37065080.000000
36968420.000000
36957452.000000
36850956.000000
36744480.000000
36683832.000000
36662940.000000
36885828.000000
36504964.000000
36434284.000000
36368396.000000
36414516.000000
36277872.000000
36430184.000000
36129420.000000
36127756.000000
36006460.000000
35942048.000000
35882184.000000
36320436.000000
35773656.000000
35701380.000000
35661332.000000
35584644.000000
35532796.000000
35957104.000000
35496828.000000
35343324.000000
35281144.000000
35226636.000000
35514076.000000
35103128.000000
35053744.000000
35029944.000000
34935312.000000
34878236.000000
34818764.000000
34753264.000000
34776684.000000
34782260.000000
34820852.000000
34547036.000000
34488040.000000
34591176.000000
34503868.000000
34564636.000000
34268644.000000
34193552.000000
34162440.000000
34355748.000000
34049948.000000
33960796.000000
33912556.000000
33846188.000000
33808236.000000
33909756.000000
33698648.000000
33704588.000000
33572840.000000
33528740.000000
33464116.000000
33407294.000000
33392656.000000
33392344.000000
33304436.000000
33191336.000000
33482572.000000
33085806.000000
33038384.000000
33072060.000000
33399834.000000
32889484.000000
32829172.000000
32762896.000000
32812054.000000
33025048.000000
32606282.000000
32554158.000000
32584182.000000
32480512.000000
32536956.000000
32430574.000000
32492812.000000
32317712.000000
32184398.000000
32170816.000000
32300732.000000
32182890.000000
31979576.000000
32152588.000000
31876342.000000
32052010.000000
31894156.000000
31751916.000000
31768982.000000
31648294.000000
31795090.000000
31807178.000000
31587328.000000
31510886.000000
31375532.000000
31326394.000000
31275566.000000
31250038.000000
31183804.000000
31126502.000000
31116628.000000
31035348.000000
31013812.000000
31153598.000000
31023798.000000
30838454.000000
30874088.000000
30854490.000000
30716264.000000
30645558.000000
30849910.000000
30552324.000000
30498828.000000
30476222.000000
30408324.000000
30373172.000000
30372488.000000
30279098.000000
30361376.000000
30173680.000000
30160036.000000
30301662.000000
30026596.000000
30034280.000000
30035326.000000
29929862.000000
29963758.000000
29795678.000000
29780682.000000
30268602.000000
29744882.000000
29642620.000000
29582694.000000
29533696.000000
29484102.000000
29502628.000000
29479908.000000
29469122.000000
29384098.000000
29308784.000000
29206996.000000
29162554.000000
29190554.000000
29347230.000000
29056658.000000
28995016.000000
28973006.000000
28986548.000000
29143820.000000
28808628.000000
28777840.000000
28909370.000000
28716744.000000
28634966.000000
28644990.000000
28549456.000000
28576922.000000
28536678.000000
28445860.000000
28454698.000000
28573656.000000
28322236.000000
28475142.000000
28234114.000000
28177586.000000
28197176.000000
28079972.000000
28051540.000000
28102632.000000
27951538.000000
28043038.000000
27987120.000000
27853740.000000
27974998.000000
27839550.000000
27704414.000000
27665516.000000
27717388.000000
27580776.000000
27715218.000000
27611358.000000
27460396.000000
27512142.000000
27455526.000000
27467404.000000
27370428.000000
27351322.000000
27251806.000000
27341916.000000
27165156.000000
27119648.000000
27123164.000000
27015550.000000
27114638.000000
26932674.000000
26971966.000000
26866590.000000
26814576.000000
26777782.000000
26737610.000000
26855756.000000
26660872.000000
26619094.000000
26578438.000000
26683598.000000
26559876.000000
26469034.000000
26495798.000000
26389106.000000
26370140.000000
26324282.000000
26354186.000000
26520336.000000
26201662.000000
26204294.000000
26120436.000000
26137582.000000
26044936.000000
26216186.000000
26080034.000000
26380542.000000
25895630.000000
26111786.000000
25822360.000000
25783088.000000
25745632.000000
25710238.000000
25670622.000000
25632686.000000
25797378.000000
25644588.000000
25529342.000000
25760528.000000
25451810.000000
25558278.000000
25384602.000000
25356470.000000
25420900.000000
25283228.000000
25247926.000000
25199242.000000
25226710.000000
25129220.000000
25089168.000000
25084076.000000
25020570.000000
24989422.000000
24960548.000000
24965938.000000
24911448.000000
24940910.000000
24915120.000000
25013534.000000
24763920.000000
24791894.000000
24668698.000000
24670012.000000
24609116.000000
24563702.000000
24532478.000000
24559630.000000
24469264.000000
24427350.000000
24396820.000000
24360334.000000
24323976.000000
24291110.000000
24360988.000000
24230432.000000
24270066.000000
24227412.000000
24165960.000000
24132376.000000
24054680.000000
24171832.000000
24079570.000000
24100174.000000
24018402.000000
24456646.000000
23856516.000000
24379728.000000
23872286.000000
23859782.000000
23724284.000000
23693650.000000
23683018.000000
23648366.000000
23599760.000000
23579974.000000
23548036.000000
23498984.000000
23462138.000000
23560798.000000
23549142.000000
23412460.000000
23365960.000000
23337632.000000
23300222.000000
23251290.000000
23276684.000000
23190410.000000
23244122.000000
23132242.000000
23330308.000000
23051224.000000
23024164.000000
22995836.000000
23317448.000000
23118550.000000
22889996.000000
22889336.000000
22878462.000000
22800182.000000
22832400.000000
23447578.000000
22749252.000000
22704290.000000
22651878.000000
22940324.000000
22664134.000000
22549918.000000
22521094.000000
22489686.000000
22459886.000000
22432138.000000
22436296.000000
22602730.000000
22581022.000000
22307596.000000
22294464.000000
22413976.000000
22316430.000000
22191582.000000
22234148.000000
22208182.000000
22124222.000000
22098248.000000
22058890.000000
22011084.000000
21981120.000000
21961348.000000
21922008.000000
21893378.000000
21948560.000000
21843990.000000
21816208.000000
21784722.000000
21790294.000000
21771982.000000
21705200.000000
21688532.000000
21699560.000000
21612232.000000
21587858.000000
21573114.000000
21520184.000000
21493182.000000
21525456.000000
21513552.000000
21417772.000000
21457854.000000
21354240.000000
21450536.000000
21440634.000000
21369228.000000
21485374.000000
21214158.000000
21212362.000000
21159064.000000
21134680.000000
21102962.000000
21081176.000000
21048696.000000
21193846.000000
20993322.000000
20995832.000000
20962834.000000
20982980.000000
20884508.000000
20867312.000000
21223446.000000
20908292.000000
20850172.000000
20860892.000000
20789316.000000
20690422.000000
20677816.000000
20639878.000000
20781500.000000
20590854.000000
20725808.000000
20607020.000000
20555178.000000
20482750.000000
20584316.000000
20605016.000000
20416170.000000
20647022.000000
20395152.000000
20323372.000000
20294772.000000
20278832.000000
20568030.000000
20247144.000000
20292084.000000
20185190.000000
20207950.000000
20122260.000000
20282384.000000
20119456.000000
20059608.000000
20086404.000000
20006790.000000
20134124.000000
19966658.000000
19907550.000000
19986234.000000
19879448.000000
19848434.000000
19821872.000000
19826702.000000
19756586.000000
19735824.000000
19722208.000000
19737726.000000
19809618.000000
19655580.000000
19811154.000000
19588588.000000
19580220.000000
19588394.000000
19533842.000000
19482514.000000
19542906.000000
19435434.000000
19468302.000000
19417730.000000
19361968.000000
19337406.000000
19353506.000000
19364566.000000
19286976.000000
19239208.000000
19226916.000000
19243934.000000
19344292.000000
19212048.000000
19210552.000000
19103526.000000
19079824.000000
19151684.000000
19124710.000000
19071072.000000
19025124.000000
19042418.000000
19030214.000000
18910826.000000
18882430.000000
18873420.000000
19080430.000000
18811484.000000
18855358.000000
18766612.000000
18754936.000000
18732766.000000
18720594.000000
18670822.000000
18890472.000000
18638776.000000
18602822.000000
18745692.000000
18707560.000000
18531352.000000
18608418.000000
18486382.000000
18466952.000000
18455774.000000
18689134.000000
18492494.000000
18500044.000000
18623666.000000
18432446.000000
18401228.000000
18288978.000000
18586702.000000
18396236.000000
18215998.000000
18230500.000000
18218254.000000
18198476.000000
18189646.000000
18107560.000000
18084406.000000
18114466.000000
18064024.000000
18044820.000000
17995886.000000
17992082.000000
18029902.000000
18055166.000000
18003434.000000
17929022.000000
18023212.000000
17997856.000000
17820494.000000
17801222.000000
17995056.000000
17776854.000000
17842760.000000
17747444.000000
17762474.000000
17666170.000000
17644508.000000
17623004.000000
17606912.000000
17620772.000000
17663662.000000
17536928.000000
17577270.000000
17495422.000000
17575226.000000
17451264.000000
17445030.000000
17661028.000000
17388322.000000
17389840.000000
17523048.000000
17325428.000000
17522524.000000
17322202.000000
17276166.000000
17243394.000000
17255226.000000
17203798.000000
17234132.000000
17240808.000000
17199136.000000
17133354.000000
17099032.000000
17112210.000000
17177514.000000
17351484.000000
17178438.000000
17074268.000000
17017790.000000
17203160.000000
16933234.000000
16921828.000000
16987130.000000
17063624.000000
16858454.000000
16841998.000000
16813792.000000
16809144.000000
16772293.000000
17070252.000000
16738195.000000
16714524.000000
16700749.000000
16841624.000000
16655765.000000
16634604.000000
16620492.000000
16712293.000000
16584494.000000
16579846.000000
16648775.000000
16529586.000000
16505531.000000
16690826.000000
16482693.000000
16606869.000000
16473640.000000
16416430.000000
16385958.000000
16368699.000000
16346307.000000
16474186.000000
16303947.000000
16294970.000000
16269056.000000
16287441.000000
16229073.000000
16324047.000000
16189881.000000
16172448.000000
16157851.000000
16163020.000000
16122698.000000
16098865.000000
16075566.000000
16193452.000000
16036210.000000
16074698.000000
16011707.000000
16062810.000000
16073782.000000
15949104.000000
16044590.000000
15949515.000000
15947341.000000
15903132.000000
15852975.000000
16167300.000000
15849569.000000
15829079.000000
15809254.000000
15761657.000000
15904767.000000
15857519.000000
15791777.000000
15691004.000000
15668141.000000
15666802.000000
15748546.000000
15652329.000000
15596331.000000
15598228.000000
15565784.000000
15630627.000000
15659343.000000
15634763.000000
15498552.000000
15619598.000000
15453537.000000
15487500.000000
15419019.000000
15416136.000000
15411923.000000
15393414.000000
15354722.000000
15332639.000000
15332120.000000
15305999.000000
15280704.000000
15277273.000000
15313193.000000
15652237.000000
15210003.000000
15192995.000000
15173971.000000
15222500.000000
15152328.000000
15221817.000000
15156892.000000
15085209.000000
15078186.000000
15090948.000000
15078131.000000
15016676.000000
15016383.000000
15099109.000000
14977884.000000
14950569.000000
14989707.000000
14966886.000000
14910558.000000
14885369.000000
14908714.000000
14865445.000000
15036069.000000
14834262.000000
14807456.000000
14972390.000000
14774289.000000
14777794.000000
14741310.000000
14715822.000000
14699965.000000
14696950.000000
14698251.000000
14660583.000000
14720752.000000
14650555.000000
14663218.000000
14605457.000000
14632074.000000
14550365.000000
14565249.000000
14551278.000000
14502259.000000
14537220.000000
14472379.000000
14454955.000000
14438076.000000
14421945.000000
14565304.000000
14410390.000000
14374268.000000
14357379.000000
14348045.000000
14333954.000000
14369755.000000
14308148.000000
14283676.000000
14272753.000000
14247383.000000
14387012.000000
14216726.000000
14225825.000000
14315187.000000
14167345.000000
14194162.000000
14138114.000000
14125119.000000
14108603.000000
14229576.000000
14079633.000000
14112913.000000
14123109.000000
14027964.000000
14012759.000000
14020710.000000
14036146.000000
13997713.000000
13970928.000000
13937014.000000
13934200.000000
14087183.000000
13954451.000000
13975305.000000
14072397.000000
13864224.000000
13845850.000000
13832772.000000
13801246.000000
13931570.000000
13901180.000000
13770627.000000
13755238.000000
13732891.000000
13858027.000000
13712358.000000
13679508.000000
13800168.000000
13664099.000000
13634199.000000
13718266.000000
13641135.000000
13621257.000000
13622313.000000
13567139.000000
13545568.000000
13532154.000000
13516887.000000
13574420.000000
13586939.000000
13478642.000000
13462315.000000
13460976.000000
13447188.000000
13489451.000000
13640655.000000
13418905.000000
13488003.000000
13381339.000000
13342517.000000
13383867.000000
13355096.000000
13298934.000000
13369763.000000
13311963.000000
13274823.000000
13274680.000000
13229299.000000
13210691.000000
13199450.000000
13203462.000000
13180767.000000
13199834.000000
13472808.000000
13182135.000000
13112599.000000
13105297.000000
13106255.000000
13129872.000000
13148551.000000
13049352.000000
13046171.000000
13014407.000000
13000968.000000
12990633.000000
12988762.000000
13033719.000000
12947699.000000
12933743.000000
12924526.000000
12931135.000000
12910152.000000
12883766.000000
12887403.000000
12862110.000000
12919596.000000
12902441.000000
12816297.000000
12845423.000000
12841472.000000
12862350.000000
12854491.000000
12777541.000000
12769374.000000
12740509.000000
12710885.000000
12686494.000000
12739549.000000
12674766.000000
12703259.000000
12668645.000000
12626811.000000
12603135.000000
12644885.000000
12642874.000000
12636754.000000
12590295.000000
12640955.000000
12564311.000000
12533011.000000
12535429.000000
12519545.000000
12471921.000000
12642234.000000
12477813.000000
12437697.000000
12421110.000000
12426258.000000
12474686.000000
12384985.000000
12456406.000000
12353518.000000
12340469.000000
12466994.000000
12417924.000000
12303502.000000
12293689.000000
12275346.000000
12265884.000000
12251393.000000
12291418.000000
12262442.000000
12214117.000000
12284629.000000
12213566.000000
12185508.000000
12161922.000000
12150509.000000
12188296.000000
12216442.000000
12184777.000000
12148822.000000
12094816.000000
12149909.000000
12061290.000000
12066993.000000
12035187.000000
12043163.000000
12094486.000000
12014781.000000
12009860.000000
11987994.000000
12003674.000000
11964272.000000
11936097.000000
11933252.000000
11949303.000000
11916096.000000
12085207.000000
11889528.000000
11873318.000000
11889433.000000
11917239.000000
11838472.000000
11844630.000000
12001804.000000
11789853.000000
11787089.000000
11808911.000000
11763515.000000
11775883.000000
11773125.000000
11737170.000000
11706206.000000
11710241.000000
11683667.000000
11669044.000000
11658410.000000
11644778.000000
11638507.000000
11635006.000000
11614464.000000
11597615.000000
11734680.000000
11572881.000000
11561813.000000
11636873.000000
11555376.000000
11542495.000000
11526834.000000
11506513.000000
11556394.000000
11481967.000000
11491451.000000
11460191.000000
11444734.000000
11461145.000000
11467579.000000
11439993.000000
11398682.000000
11389226.000000
11483684.000000
11364271.000000
11354155.000000
11488527.000000
11375304.000000
11355498.000000
11308623.000000
11294513.000000
11374164.000000
11272234.000000
11307960.000000
11334171.000000
11272156.000000
11230208.000000
11230355.000000
11211126.000000
11204266.000000
11277461.000000
11240662.000000
11231848.000000
11162992.000000
11200908.000000
11145506.000000
11119968.000000
11102585.000000
11146661.000000
11087158.000000
11136369.000000
11086495.000000
11046369.000000
11046246.000000
11023357.000000
11012412.000000
11002951.000000
10991123.000000
10981407.000000
11017525.000000
10961467.000000
10947168.000000
11230461.000000
10927528.000000
10969024.000000
10913428.000000
10906930.000000
10890237.000000
10882072.000000
10941894.000000
10909101.000000
10887884.000000
10847627.000000
10816982.000000
10833358.000000
10793526.000000
10846671.000000
10773921.000000
10792942.000000
10790520.000000
10754264.000000
10752180.000000
10741359.000000
10779102.000000
10732900.000000
10703355.000000
10691864.000000
10672425.000000
10668580.000000
10659693.000000
10799720.000000
10648168.000000
10614197.000000
10618313.000000
10594113.000000
10587504.000000
10580479.000000
10562327.000000
10551170.000000
10550804.000000
10533660.000000
10544928.000000
10583931.000000
10655522.000000
10535602.000000
10512124.000000
10491159.000000
10473779.000000
10551323.000000
10438596.000000
10436061.000000
10456561.000000
10407527.000000
10405910.000000
10519172.000000
10513726.000000
10375065.000000
10359616.000000
10346465.000000
10350316.000000
10325699.000000
10320605.000000
10320835.000000
10325086.000000
10329644.000000
10340657.000000
10266786.000000
10315006.000000
10246352.000000
10254493.000000
10253024.000000
10298961.000000
10218268.000000
10255172.000000
10330967.000000
10249375.000000
10167205.000000
10158647.000000
10214381.000000
10156415.000000
10190455.000000
10127358.000000
10131140.000000
10096510.000000
10086183.000000
