421958880.000000
375339424.000000
335007008.000000
301679520.000000
278580224.000000
240592512.000000
216106448.000000
194746368.000000
179365600.000000
159313616.000000
151173184.000000
137231552.000000
122053360.000000
111000048.000000
103641440.000000
94910352.000000
86823624.000000
85784144.000000
75100504.000000
77581920.000000
66588596.000000
62226680.000000
58946176.000000
55334868.000000
52733016.000000
49655748.000000
47642000.000000
45295332.000000
43176804.000000
43067116.000000
40073932.000000
38225260.000000
37236468.000000
35713308.000000
34453172.000000
33488764.000000
35750000.000000
31981086.000000
30364092.000000
29618934.000000
29306268.000000
28183588.000000
27575378.000000
27109594.000000
26963714.000000
25428950.000000
24880398.000000
24351138.000000
23770796.000000
23882812.000000
22917248.000000
22907026.000000
21940380.000000
21533384.000000
21137010.000000
21426876.000000
20411094.000000
23828308.000000
20203734.000000
19976652.000000
19267438.000000
18936290.000000
18452236.000000
18156948.000000
18360766.000000
17956082.000000
18077628.000000
17350896.000000
16940544.000000
16692406.000000
16437903.000000
16228082.000000
15955208.000000
15738020.000000
16903084.000000
15350495.000000
15070520.000000
15264583.000000
18551942.000000
15032617.000000
15009169.000000
14655261.000000
14042354.000000
14047234.000000
14813683.000000
13446687.000000
13283438.000000
13283077.000000
13072414.000000
13290430.000000
12921856.000000
12722850.000000
13173296.000000
12446971.000000
12356432.000000
12798150.000000
11915098.000000
11709475.000000
11599017.000000
11672429.000000
11325194.000000
11546655.000000
11100418.000000
11054828.000000
11217220.000000
10919847.000000
10631124.000000
10523208.000000
11631213.000000
10312007.000000
10284870.000000
10434833.000000
10946217.000000
10398642.000000
9809781.000000
10102164.000000
10208686.000000
10127289.000000
9617602.000000
9728619.000000
9260561.000000
11546265.000000
9252519.000000
9054170.000000
9139802.000000
9125085.000000
8774141.000000
8996291.000000
10536427.000000
8600805.000000
8495791.000000
9196265.000000
8412719.000000
8481885.000000
8340885.500000
8088528.500000
8025449.500000
7952137.500000
7898511.000000
7961443.500000
7752311.500000
7687508.000000
8173422.500000
7810008.000000
7628912.500000
7635081.000000
7584625.000000
7349285.000000
7260936.000000
7199946.000000
7254859.000000
7356150.000000
7037830.500000
7078635.000000
6934425.500000
6872886.000000
6876519.500000
6849172.500000
6949222.000000
6660637.500000
6795821.500000
6853505.500000
6667486.000000
6722404.000000
6498444.500000
6412273.000000
6734694.000000
6352325.500000
6678261.000000
6340659.000000
6258450.500000
6095759.500000
6202341.500000
6203680.500000
6184224.000000
5982234.000000
5885610.500000
5930488.500000
5864408.500000
5802378.500000
5732062.000000
5858417.000000
6130160.000000
5724108.500000
5707582.500000
6690561.000000
5588403.500000
5592975.000000
5534468.000000
5450009.000000
5391247.500000
5432852.500000
5293290.000000
5316471.000000
5463473.500000
5198444.000000
5217703.000000
5217606.500000
5177041.000000
5930231.500000
5449361.000000
5021379.000000
4978580.000000
5251523.500000
4905138.500000
5440764.000000
4831306.500000
4869889.500000
4781781.000000
4839833.500000
4714515.500000
4851373.000000
4689862.000000
4631121.500000
4932670.500000
4582400.000000
4631988.500000
4851036.500000
4612868.500000
5067195.000000
4548704.500000
4570599.500000
4537009.500000
4675693.500000
5035428.500000
4548668.500000
4346287.000000
4584860.500000
5191433.000000
5176337.500000
4325673.000000
4279110.500000
4195938.500000
4736436.500000
4120762.500000
4115536.750000
4135485.500000
4083718.500000
4160552.000000
4074312.250000
4043612.000000
4295570.500000
3954115.250000
3981357.750000
3884933.000000
3907900.250000
3931364.000000
3823315.250000
3804415.250000
3999164.250000
3892305.750000
4044069.500000
3744671.500000
3914440.000000
3797088.500000
3712036.000000
3975413.000000
3631863.000000
3967349.500000
3812767.250000
3645325.250000
3558365.500000
4120107.250000
3549297.250000
3541102.750000
3804253.750000
3472419.750000
3670900.000000
3547390.000000
3419497.750000
3497882.000000
3430504.500000
3430433.250000
3353300.500000
3377918.500000
3320702.750000
3335093.750000
3288107.500000
3332842.500000
3290998.000000
3241510.250000
3250522.250000
3276008.000000
3196245.500000
3190163.000000
3223461.500000
3161752.250000
3268389.000000
3172963.750000
3107797.250000
3093480.250000
3137507.750000
3182820.750000
3055579.750000
3176084.250000
3023950.250000
3010386.250000
2998560.250000
3180944.750000
3107816.500000
3389678.500000
3263479.500000
2945350.250000
2966439.500000
2926934.000000
2901458.750000
3023817.000000
2902990.000000
2858276.250000
2917099.250000
2900339.250000
3045602.000000
2866567.750000
2855025.750000
2781347.000000
2789738.000000
2800486.500000
2761884.000000
2841570.500000
2740154.250000
2710321.500000
2850989.000000
2764304.750000
2751506.000000
3140260.750000
2654817.000000
2862136.500000
2636285.000000
2670061.000000
2644305.750000
2607500.250000
2872991.000000
2662375.500000
2697358.500000
3089569.500000
2547666.250000
2539319.250000
2527386.500000
2712423.750000
2534797.000000
2496540.000000
2585954.250000
2509326.500000
2557401.500000
2471351.500000
2465402.250000
2546519.750000
2427936.000000
2498187.000000
2424548.250000
2402192.500000
2408920.500000
2384115.500000
2524055.500000
2371824.000000
2443898.500000
2349989.750000
2356559.000000
2332275.000000
2636371.250000
2366473.750000
2301133.500000
2296414.500000
2537127.500000
2390953.250000
2282522.250000
2291005.750000
2293112.500000
2616947.250000
2240847.250000
2484398.750000
2267541.500000
2251521.500000
2208001.000000
2192274.750000
2274535.000000
2176018.000000
2168333.250000
2160656.250000
2186009.750000
2169147.500000
2145798.000000
2128737.000000
2234031.250000
2323559.250000
2267747.000000
2225834.000000
2091344.250000
2083162.000000
2117094.500000
2069910.375000
2063123.500000
2077391.375000
2048352.125000
2086913.250000
2116890.500000
2126658.000000
2124821.000000
2300031.500000
2008089.375000
2051709.000000
2018745.500000
2169458.500000
2148040.750000
1970386.875000
1971865.875000
2046476.375000
1950377.500000
1972078.625000
2053189.625000
1932555.625000
1925222.625000
1934345.875000
2146181.750000
2087318.875000
1931832.875000
1920789.625000
1890604.375000
1908134.000000
1898653.750000
1925249.500000
2173257.750000
1891246.500000
1869641.000000
1843591.875000
1849431.875000
1830685.625000
1841700.750000
1896829.750000
1814304.625000
1831657.125000
1806553.500000
1807278.000000
2261231.500000
1866434.750000
1777773.375000
1839373.375000
1832321.750000
1774273.750000
1757793.750000
1801700.750000
1826142.875000
1752364.375000
1732790.500000
1727956.250000
1841421.250000
1745996.750000
1710872.500000
1730649.625000
1753368.875000
1695289.375000
1701176.750000
1733293.250000
1724888.125000
1854773.000000
1685197.000000
1667303.750000
1699626.125000
1655758.750000
1649186.500000
1660834.125000
1738890.500000
1780479.500000
1671424.375000
1639068.375000
1618711.875000
1640939.250000
1667544.625000
1643083.625000
1724998.625000
1606301.500000
1613264.250000
1611940.375000
1611116.500000
1576308.625000
1641989.125000
1569419.000000
1648345.500000
1574415.875000
1565835.250000
1635870.500000
1543426.500000
1692196.625000
1624886.625000
1584380.125000
1751923.500000
1548231.875000
1573249.500000
1526317.750000
1518860.750000
1512922.250000
1507328.250000
1497332.125000
1646253.000000
1620570.125000
1486191.875000
1495225.375000
1499589.625000
1541717.750000
1495382.875000
1528427.375000
1458938.125000
1491064.000000
1496096.375000
1449524.625000
1496854.875000
1464201.000000
1479920.250000
1527346.875000
1428943.500000
1450684.250000
1419047.125000
1473034.875000
1418897.125000
1405154.000000
1421188.125000
1411501.375000
1395129.500000
1421237.500000
1385705.500000
1447746.250000
1379607.625000
1382346.500000
1390318.000000
1367863.375000
1462435.500000
1376929.500000
1357258.125000
1448119.000000
1470882.500000
1475843.625000
1369735.125000
1397883.875000
1339314.625000
1365546.875000
1326888.250000
1446128.625000
1354012.125000
1316833.375000
1314544.250000
1361626.000000
1306551.250000
1309093.000000
1299754.500000
1295930.250000
1320080.500000
1479816.625000
1289998.000000
1339207.375000
1330620.000000
1347393.625000
1272149.375000
1321180.375000
1282465.625000
1263083.000000
1261508.250000
1290841.000000
1263466.500000
1249489.375000
1297449.500000
1248029.250000
1368945.500000
1249292.375000
1341102.000000
1278500.750000
1233124.500000
1224361.125000
1264247.625000
1218469.750000
1233159.000000
1237365.625000
1224616.375000
1231780.625000
1238863.125000
1218715.750000
1269120.375000
1202539.875000
1190505.625000
1192113.250000
1195202.875000
1181828.125000
1192090.625000
1178109.375000
1173979.250000
1200576.625000
1167157.375000
1164487.750000
1304262.125000
1294345.625000
1215746.250000
1156157.750000
1159790.125000
1147934.500000
1184022.125000
1168547.625000
1141463.875000
1303788.625000
1134743.250000
1141713.250000
1128122.125000
1138109.375000
1130262.125000
1128810.750000
1120148.375000
1114830.375000
1132476.875000
1163607.875000
1114384.750000
1133211.875000
1149070.875000
1117854.250000
1097531.625000
1094052.125000
1092207.125000
1134858.250000
1095750.250000
1098789.875000
1084648.875000
1092443.250000
1310563.750000
1074339.250000
1070668.375000
1186890.875000
1095852.125000
1079914.750000
1072944.000000
1107837.125000
1063607.500000
1158727.250000
1071513.750000
1143871.625000
1046736.187500
1091870.875000
1044817.625000
1039166.875000
1059707.000000
1081504.250000
1063246.500000
1184710.250000
1038469.062500
1024871.500000
1104053.875000
1403282.375000
1047357.562500
1042857.812500
1014779.437500
1057348.500000
1009099.625000
1006476.250000
1054234.750000
1018425.437500
999861.562500
1010989.312500
1001103.062500
1019333.875000
1021974.750000
1007398.062500
1027083.375000
1002579.875000
1051061.500000
985110.000000
1000610.875000
975843.187500
1036799.125000
982659.437500
978970.750000
1032703.187500
966502.875000
985941.312500
961625.937500
961697.625000
1249900.250000
1036218.750000
962893.562500
986151.375000
958633.312500
987231.000000
984116.062500
956700.937500
941368.625000
980811.437500
937403.625000
944537.375000
937711.375000
930436.812500
929815.437500
927811.250000
938309.000000
921696.062500
940831.187500
926779.250000
916642.000000
913897.875000
955767.812500
914905.437500
918611.250000
945964.437500
930060.750000
904150.437500
901152.375000
900727.062500
933958.500000
908644.437500
956735.312500
904182.437500
900159.312500
920335.750000
887347.750000
888758.500000
902942.125000
933899.625000
879215.687500
954575.875000
889174.687500
872229.437500
879469.625000
879234.312500
887289.437500
884819.437500
876518.875000
861687.062500
860813.312500
872055.875000
879857.625000
867778.125000
853281.187500
874552.000000
865122.937500
848357.437500
864876.625000
858445.000000
851929.875000
844168.750000
858160.875000
837274.562500
840880.375000
837124.062500
851986.437500
835813.562500
896179.312500
831722.250000
826165.875000
824835.312500
844732.250000
846162.375000
825751.687500
834907.750000
816255.812500
826927.812500
815048.125000
822222.500000
811959.687500
812974.687500
807762.062500
805110.625000
837564.937500
803489.625000
808905.937500
801175.250000
808508.375000
809093.937500
794165.937500
792322.250000
790470.437500
789113.937500
795570.687500
785930.687500
790424.375000
788765.562500
784701.437500
786894.125000
799675.687500
786333.937500
775535.437500
777214.625000
775568.812500
790946.937500
770601.125000
768356.062500
767045.875000
768699.125000
763550.875000
763009.875000
774320.000000
790423.375000
758068.375000
756731.500000
853278.250000
757457.312500
762335.125000
762262.687500
759511.187500
756986.500000
751891.437500
746282.625000
746470.437500
754422.625000
755622.812500
755215.437500
746344.375000
739138.250000
761343.750000
835141.375000
736758.937500
744699.937500
730297.375000
738805.375000
747628.812500
733074.000000
734340.500000
731757.875000
730193.062500
744387.000000
749407.187500
722684.375000
716588.687500
734584.687500
722181.875000
719016.437500
717526.562500
719962.437500
708884.125000
707242.187500
707669.500000
709860.937500
709453.562500
702542.875000
701867.375000
705195.875000
700131.312500
696979.625000
695947.500000
694505.875000
704474.375000
693046.812500
695135.062500
697733.750000
691283.125000
698555.187500
697588.625000
723518.000000
706128.812500
682913.625000
681554.500000
680158.062500
762397.375000
708435.062500
694449.437500
676400.750000
682932.875000
673058.500000
671656.062500
678208.437500
695391.687500
668470.062500
673678.562500
673326.812500
667985.187500
684408.937500
665683.500000
660963.125000
660288.562500
721310.312500
673279.812500
659195.875000
656819.187500
689275.375000
652673.062500
653344.625000
662756.437500
653775.125000
666088.062500
647236.437500
646353.125000
644862.437500
647631.500000
653298.187500
641710.625000
640876.125000
648828.875000
653033.562500
637805.750000
649201.250000
659958.125000
640887.562500
638106.562500
631564.250000
640797.062500
629686.562500
675952.250000
635900.937500
634081.812500
628670.250000
624349.937500
625078.812500
622059.562500
621818.812500
620748.750000
620181.500000
625162.062500
617104.375000
619263.937500
617694.500000
615999.062500
627056.562500
621338.062500
678243.375000
615092.562500
623377.875000
616583.125000
607673.187500
609253.500000
613282.687500
610268.375000
602826.875000
601501.937500
602802.125000
604971.187500
598809.750000
599459.500000
596988.125000
608318.937500
601218.000000
594068.687500
598582.500000
616925.062500
590676.750000
591005.500000
595205.062500
601719.125000
626546.000000
586188.625000
592644.750000
583959.000000
582870.312500
591424.000000
581403.750000
610010.500000
590887.250000
579297.500000
580676.375000
581202.875000
575169.437500
575391.812500
575248.750000
582246.437500
590264.875000
589665.875000
571853.750000
587408.125000
567948.562500
576387.937500
566513.312500
565119.750000
565489.625000
563528.500000
569961.812500
563901.687500
570551.312500
562452.000000
566028.312500
570973.875000
574215.125000
563773.375000
555277.250000
556481.875000
553696.625000
552836.625000
561592.687500
559621.562500
564423.312500
552028.000000
561997.437500
552001.625000
567393.000000
547826.250000
544802.125000
556180.125000
565338.625000
542609.000000
547388.875000
559776.625000
564734.062500
538713.437500
545480.375000
538899.687500
551157.562500
536914.937500
535627.187500
539412.500000
533792.625000
547099.125000
537917.437500
536008.125000
529608.937500
530690.375000
527962.187500
530431.437500
541768.250000
528383.062500
529937.562500
528685.250000
539621.062500
529295.062500
523329.781250
520871.093750
536420.312500
521112.843750
521994.000000
522888.281250
527483.750000
524412.500000
515660.031250
514457.875000
514101.406250
520589.125000
524875.750000
512345.437500
518036.750000
512772.812500
508729.281250
512573.218750
507583.343750
509691.812500
514498.468750
507123.406250
504325.593750
508497.812500
503097.781250
504949.625000
502883.343750
502467.906250
510802.406250
505530.718750
505424.812500
504014.562500
516549.656250
505596.718750
510761.125000
497064.125000
495544.187500
496919.875000
493040.906250
493647.656250
500964.968750
489993.468750
517885.593750
488680.343750
487998.375000
501253.562500
495152.687500
489756.937500
497893.968750
488005.656250
490560.093750
482832.500000
486499.843750
482337.562500
480985.093750
481429.843750
483177.687500
511051.625000
480960.625000
491327.093750
476734.468750
477358.656250
475675.156250
480672.968750
477038.218750
477481.312500
472523.437500
472837.625000
475132.062500
470914.625000
480632.656250
472634.156250
490261.468750
467822.125000
467453.312500
472845.750000
474940.343750
480791.437500
490139.406250
463753.625000
475091.687500
476178.656250
461782.531250
464445.187500
460130.500000
470880.468750
460415.468750
463123.406250
459075.625000
457068.406250
459619.781250
458677.718750
455619.468750
454256.562500
454589.593750
454017.968750
470040.031250
456278.218750
452974.781250
467854.312500
452917.187500
449217.718750
465528.000000
448345.468750
460241.750000
446694.593750
470639.781250
453072.125000
444681.468750
446317.062500
456142.093750
442830.343750
445794.312500
449368.437500
441404.343750
440869.906250
447019.281250
439974.406250
441041.781250
438078.187500
439908.531250
447827.500000
446019.343750
439367.968750
439882.281250
437965.593750
440380.750000
434948.031250
435109.750000
432386.187500
432736.968750
434524.593750
429850.468750
429815.156250
431281.968750
430069.656250
427797.343750
428724.000000
427080.812500
425823.437500
430120.468750
429833.718750
425202.281250
427336.093750
432400.781250
423150.937500
429921.968750
435310.875000
425945.750000
425943.468750
421368.937500
419626.093750
423882.156250
422537.937500
432119.718750
420410.031250
418459.031250
415456.156250
425619.625000
437089.312500
413917.937500
414666.843750
419865.750000
412154.343750
412011.656250
414517.750000
417036.687500
413466.687500
416526.125000
413855.968750
413888.750000
408289.843750
420766.531250
406934.500000
406123.031250
412977.406250
414866.625000
416743.718750
411045.500000
411531.937500
418250.750000
413407.687500
401703.812500
436600.500000
400657.187500
400335.312500
407756.968750
399185.562500
406046.031250
398460.437500
397310.343750
397174.718750
401273.656250
412479.625000
401496.093750
405742.906250
394788.312500
393844.156250
404174.937500
392617.468750
394371.906250
391671.093750
392953.781250
405697.156250
392001.843750
389638.875000
389135.093750
393376.187500
389428.656250
389621.656250
389219.875000
387279.656250
391354.156250
395711.500000
389643.468750
384734.593750
384049.000000
383462.000000
389228.718750
385536.375000
381923.562500
382103.812500
386048.031250
382189.281250
382161.718750
379901.187500
385229.781250
382776.093750
379822.437500
384226.343750
377062.531250
378035.125000
384234.156250
391003.718750
375273.687500
385371.312500
375976.062500
373591.250000
374780.906250
376386.468750
373829.906250
392555.375000
372120.250000
373973.625000
376603.843750
370008.937500
370286.906250
385794.687500
373070.781250
372423.000000
368456.718750
366795.687500
367241.281250
366208.812500
368275.593750
379826.312500
364657.187500
370754.625000
363752.812500
363303.687500
366003.031250
395754.968750
363412.468750
367033.500000
366333.000000
363773.562500
360158.812500
359941.625000
359656.531250
361059.312500
366567.500000
358248.656250
361162.125000
356886.031250
365371.937500
356761.562500
355575.250000
354999.218750
361544.406250
354254.312500
355661.968750
364842.750000
362642.968750
359984.437500
360989.750000
365260.312500
357999.875000
353419.281250
356528.312500
359880.406250
363849.937500
351802.781250
348971.906250
360937.062500
349022.125000
382280.312500
347819.781250
347284.187500
353265.812500
345929.750000
346101.781250
355067.718750
365423.843750
350700.468750
343326.843750
348505.125000
344477.781250
342036.031250
344518.875000
345400.937500
342016.937500
344878.062500
339850.781250
346475.375000
339621.531250
341078.125000
349760.937500
343316.062500
343395.062500
344343.843750
349401.406250
336856.156250
336232.156250
337951.562500
337095.750000
348561.968750
344101.343750
333771.250000
333961.625000
334156.562500
336821.406250
334474.625000
335789.031250
333814.875000
336612.187500
332578.031250
332278.875000
337325.687500
329704.062500
328906.718750
328440.531250
339669.312500
331323.437500
334177.250000
331331.375000
326734.312500
352491.375000
326512.187500
328435.187500
325152.218750
324706.156250
327038.687500
328742.875000
323591.968750
323884.625000
323132.750000
322320.125000
322621.375000
333061.718750
327846.875000
320623.187500
333413.406250
320089.312500
321593.906250
323917.437500
325926.343750
318281.000000
318450.500000
318232.156250
319098.093750
316821.062500
316773.750000
326670.531250
318285.468750
320528.781250
318907.125000
315771.500000
314402.812500
315842.343750
321449.187500
313906.656250
316452.156250
317366.093750
312023.906250
320307.187500
311267.218750
311436.531250
310727.625000
310487.062500
316278.750000
318165.687500
312836.000000
322985.250000
308831.312500
308450.875000
307745.343750
307183.781250
306940.562500
307228.125000
323997.031250
314718.281250
309215.468750
305359.187500
306204.250000
305329.812500
304808.343750
320609.437500
303506.031250
305884.812500
305961.531250
302996.625000
302003.687500
307056.875000
304670.875000
303810.750000
305738.593750
305219.656250
302873.468750
309617.843750
303315.687500
316268.781250
303897.937500
300702.031250
297720.906250
297340.875000
298760.843750
297271.750000
297260.156250
301305.312500
302287.531250
299574.531250
294918.156250
300408.250000
297788.906250
301952.625000
299269.968750
293899.187500
297760.968750
295354.218750
292286.406250
292752.406250
293653.625000
291297.500000
292073.312500
298394.687500
291780.625000
295057.937500
289804.656250
290103.031250
289308.406250
295250.312500
291782.968750
298323.531250
288699.218750
288387.406250
290291.843750
286692.281250
288808.218750
286697.343750
291713.593750
285418.593750
288343.593750
289809.375000
291092.531250
293172.562500
286404.250000
286181.406250
284719.562500
283758.062500
284368.406250
284851.656250
287899.625000
281610.687500
282940.781250
288114.781250
289277.687500
280279.250000
290713.562500
279703.593750
281137.031250
286706.781250
283980.718750
280923.843750
287561.687500
281764.250000
277705.906250
279269.968750
277662.312500
277429.843750
276428.625000
280254.562500
275833.906250
288993.375000
275876.062500
275076.468750
277184.375000
278971.093750
290116.343750
275180.531250
276329.500000
275389.250000
274357.093750
272720.968750
272732.281250
274469.656250
272855.687500
274087.593750
272144.156250
274025.468750
275358.781250
272002.937500
269510.968750
289909.750000
280945.562500
270076.625000
268648.875000
268302.781250
269447.781250
267627.968750
290293.781250
269183.937500
271754.625000
266658.656250
266044.343750
269514.437500
270850.000000
268075.250000
265064.968750
273157.218750
269884.281250
273060.062500
266936.093750
263746.812500
273243.875000
263127.468750
266323.218750
273009.781250
261949.218750
262079.812500
266539.125000
266000.968750
267647.437500
277467.500000
263054.750000
267710.968750
263820.125000
262278.781250
273343.781250
260250.156250
259419.828125
259021.421875
258889.671875
261081.281250
268725.406250
261698.062500
259992.906250
256575.234375
257764.656250
256487.265625
264226.062500
255539.718750
259132.281250
259974.640625
283916.593750
254972.375000
258434.703125
254981.125000
261993.812500
258265.515625
254553.796875
253449.890625
256709.531250
259856.156250
254577.984375
263837.781250
257972.640625
251535.515625
252819.343750
253589.312500
254134.968750
254374.843750
251844.359375
254293.250000
251578.203125
249324.421875
252209.125000
248573.421875
254293.890625
248592.593750
250480.187500
252632.859375
251925.421875
249275.890625
251070.562500
246453.546875
246508.609375
252403.234375
259504.609375
246167.687500
251965.609375
246530.312500
247452.625000
244441.781250
244413.875000
248308.375000
243762.796875
244036.281250
248459.093750
246201.390625
242543.468750
243466.812500
242713.375000
241979.171875
242471.328125
244532.156250
241199.046875
243848.062500
241945.281250
242948.406250
240895.156250
250517.937500
241152.859375
247736.921875
248498.593750
239315.484375
240560.375000
242297.281250
242525.703125
237986.343750
237677.890625
238996.046875
237179.609375
241488.406250
239865.562500
236324.703125
240096.640625
264698.937500
235700.062500
235705.718750
238957.484375
238956.562500
239418.781250
238645.484375
243781.953125
238567.468750
233914.656250
233404.375000
234804.687500
234603.671875
233712.218750
232853.109375
233373.031250
232205.593750
237363.484375
234602.953125
231309.015625
232862.765625
241114.859375
233038.953125
231953.218750
230646.984375
230697.546875
229780.515625
240300.593750
231313.812500
229511.468750
231948.968750
233812.968750
231080.187500
229618.265625
228085.250000
230467.968750
230307.593750
232332.687500
228268.625000
230808.796875
226326.765625
226846.093750
230207.843750
225914.906250
225803.156250
231939.484375
246311.468750
224820.609375
225473.968750
225405.187500
224202.250000
227968.531250
226540.234375
223397.562500
223097.000000
223024.921875
224460.625000
227640.125000
229105.890625
229637.281250
222738.125000
227625.500000
231009.968750
221976.312500
221157.828125
222677.390625
221232.843750
227049.468750
221053.781250
222117.000000
219742.343750
220269.515625
222279.531250
223983.953125
219696.671875
223347.171875
218502.921875
218790.578125
217809.093750
225274.437500
218688.218750
219944.843750
220858.140625
218154.250000
223449.734375
229131.453125
217310.843750
219822.703125
215621.859375
217783.296875
217496.562500
221788.734375
215127.687500
217192.687500
217840.984375
220043.906250
214850.718750
214241.828125
216099.562500
213496.406250
217509.015625
214122.265625
215423.953125
213927.703125
215328.062500
221166.359375
218199.578125
212136.562500
212138.328125
211519.328125
219121.640625
213795.656250
215042.859375
211008.359375
211502.906250
229629.265625
210458.703125
213031.156250
210927.218750
209044.218750
208875.359375
208708.937500
208916.281250
211523.968750
209136.390625
209015.265625
207672.515625
210430.750000
207780.312500
220840.875000
208740.312500
206766.125000
208494.062500
213819.812500
206546.265625
207949.218750
206126.187500
205396.484375
207447.078125
205319.671875
205174.562500
207983.625000
204491.375000
207071.343750
204319.640625
204574.984375
206289.640625
203993.750000
204981.187500
204506.218750
206127.468750
206554.218750
205507.234375
210451.671875
206309.859375
204828.656250
212027.093750
212483.062500
201393.187500
208368.656250
202064.062500
201156.250000
202660.843750
202438.687500
200617.984375
200035.671875
201029.187500
200020.812500
200948.921875
199835.046875
206781.546875
210841.546875
198890.281250
199180.765625
199484.609375
201459.093750
207416.296875
198460.312500
202027.484375
211523.968750
199334.453125
197788.656250
198160.890625
196438.921875
199348.453125
206319.671875
195874.406250
198577.781250
196453.468750
204216.671875
195892.265625
201104.062500
194827.906250
195816.281250
194450.109375
194503.750000
194428.156250
195538.765625
195912.312500
196568.218750
196320.421875
197818.921875
193793.171875
192964.578125
193704.109375
192497.609375
203658.625000
192139.062500
194268.281250
192155.968750
193368.296875
196217.984375
191264.796875
193104.843750
191117.453125
193713.734375
196418.578125
190937.687500
193477.687500
192907.406250
193448.953125
203897.375000
191225.468750
189206.875000
190479.937500
188879.546875
190706.156250
189196.531250
192680.218750
191632.406250
193318.578125
189690.359375
188604.171875
187374.500000
198794.062500
188092.687500
187435.390625
187340.921875
190291.062500
190060.390625
191626.625000
187438.359375
189100.203125
187675.078125
188225.562500
185304.156250
185377.687500
187753.921875
191439.453125
186009.203125
184384.578125
184378.546875
184191.468750
186046.406250
183700.734375
185425.218750
183789.921875
183275.890625
187797.515625
183369.437500
184158.093750
189866.984375
186392.093750
185422.062500
187180.031250
184282.390625
185357.921875
183535.171875
184825.875000
182342.718750
183458.484375
184046.796875
182954.437500
180827.781250
180542.687500
186371.218750
180272.906250
180126.609375
180215.937500
185457.890625
185232.156250
179136.125000
183237.046875
179078.875000
178901.000000
178952.015625
179079.375000
181548.000000
188434.390625
179017.140625
177875.781250
180480.375000
177668.156250
178076.937500
178859.953125
177758.375000
178821.734375
176601.890625
177286.687500
182824.765625
178952.375000
176586.875000
175730.406250
176368.000000
181994.843750
180519.562500
178602.156250
175218.468750
174724.625000
181651.359375
184650.750000
174516.953125
179276.578125
173943.906250
178968.031250
174912.328125
173497.281250
177319.625000
176645.609375
179154.062500
173229.203125
172764.703125
173522.625000
172587.531250
179615.500000
172487.609375
178555.125000
177931.078125
177055.218750
171562.968750
173163.953125
174159.750000
171155.296875
170932.562500
175945.437500
171245.218750
172414.781250
172417.718750
170092.906250
170414.343750
174322.906250
169996.343750
171086.875000
173246.640625
174165.062500
171653.453125
172120.562500
168769.796875
169302.937500
168744.812500
174312.468750
170622.015625
169188.187500
167887.500000
167836.437500
168866.343750
169310.453125
184394.093750
168113.125000
169025.312500
