1 2 0.799352
1 4 0.968182
1 5 0.880095
1 6 0.861891
1 7 0.710932
1 8 0.843538
1 9 0.967772
1 11 0.773973
1 13 0.820185
1 14 0.500000
2 1 0.799352
4 1 0.968182
4 14 0.500000
5 1 0.880095
6 1 0.861891
7 1 0.710932
7 14 0.500000
8 1 0.843538
8 14 0.500000
9 1 0.967772
11 1 0.773973
11 14 0.500000
13 1 0.820185
13 14 0.500000
14 1 0.500000
14 4 0.500000
14 7 0.500000
14 8 0.500000
14 11 0.500000
14 13 0.500000
1 1 0.962159
1 3 0.500000
1 10 0.543519
1 12 0.500000
2 2 0.646519
2 3 0.500000
2 4 0.823486
2 5 0.699155
2 6 0.680234
2 7 0.608913
2 8 0.673793
2 9 0.807934
2 10 0.517715
2 11 0.628822
2 12 0.500000
2 13 0.656104
2 14 0.500000
3 1 0.500000
3 2 0.500000
3 3 0.500000
3 4 0.500000
3 5 0.500000
3 6 0.500000
3 7 0.500000
3 8 0.500000
3 9 0.500000
3 10 0.500000
3 11 0.500000
3 12 0.500000
3 13 0.500000
3 14 0.500000
4 2 0.823486
4 3 0.500000
4 4 0.993863
4 5 0.903606
4 6 0.845876
4 7 0.795895
4 8 0.883931
4 9 0.973197
4 10 0.537252
4 11 0.793560
4 12 0.500000
4 13 0.841783
5 2 0.699155
5 3 0.500000
5 4 0.903606
5 5 0.789233
5 6 0.764292
5 7 0.645668
5 8 0.748214
5 9 0.886555
5 10 0.526806
5 11 0.684918
5 12 0.500000
5 13 0.725810
5 14 0.500000
6 2 0.680234
6 3 0.500000
6 4 0.845876
6 5 0.764292
6 6 0.794587
6 7 0.566510
6 8 0.714110
6 9 0.875614
6 10 0.526780
6 11 0.671054
6 12 0.500000
6 13 0.706723
6 14 0.500000
7 2 0.608913
7 3 0.500000
7 4 0.795895
7 5 0.645668
7 6 0.566510
7 7 0.938275
7 8 0.637456
7 9 0.730045
7 10 0.541722
7 11 0.595658
7 12 0.500000
7 13 0.579779
8 2 0.673793
8 3 0.500000
8 4 0.883931
8 5 0.748214
8 6 0.714110
8 7 0.637456
8 8 0.729786
8 9 0.841766
8 10 0.520534
8 11 0.658606
8 12 0.500000
8 13 0.692050
9 2 0.807934
9 3 0.500000
9 4 0.973197
9 5 0.886555
9 6 0.875614
9 7 0.730045
9 8 0.841766
9 9 0.996206
9 10 0.578516
9 11 0.776783
9 12 0.500000
9 13 0.821178
9 14 0.500000
10 1 0.543519
10 2 0.517715
10 3 0.500000
10 4 0.537252
10 5 0.526806
10 6 0.526780
10 7 0.541722
10 8 0.520534
10 9 0.578516
10 10 0.511206
10 11 0.516731
10 12 0.500000
10 13 0.518441
10 14 0.500000
11 2 0.628822
11 3 0.500000
11 4 0.793560
11 5 0.684918
11 6 0.671054
11 7 0.595658
11 8 0.658606
11 9 0.776783
11 10 0.516731
11 11 0.617016
11 12 0.500000
11 13 0.642510
12 1 0.500000
12 2 0.500000
12 3 0.500000
12 4 0.500000
12 5 0.500000
12 6 0.500000
12 7 0.500000
12 8 0.500000
12 9 0.500000
12 10 0.500000
12 11 0.500000
12 12 0.500000
12 13 0.500000
12 14 0.500000
13 2 0.656104
13 3 0.500000
13 4 0.841783
13 5 0.725810
13 6 0.706723
13 7 0.579779
13 8 0.692050
13 9 0.821178
13 10 0.518441
13 11 0.642510
13 12 0.500000
13 13 0.677554
14 2 0.500000
14 3 0.500000
14 5 0.500000
14 6 0.500000
14 9 0.500000
14 10 0.500000
14 12 0.500000
14 14 0.500000
