1 2 0.600796
1 4 0.715800
1 5 0.862184
1 6 0.686101
1 7 0.603778
1 8 0.617227
1 9 0.734835
1 11 0.500000
1 13 0.613121
1 14 0.500000
2 1 0.600796
4 1 0.715800
4 14 0.500000
5 1 0.862184
6 1 0.686101
7 1 0.603778
7 14 0.500000
8 1 0.617227
8 14 0.500000
9 1 0.734835
11 1 0.500000
11 14 0.500000
13 1 0.613121
13 14 0.500000
14 1 0.500000
14 4 0.500000
14 7 0.500000
14 8 0.500000
14 11 0.500000
14 13 0.500000
1 1 0.764421
1 3 0.500000
1 10 0.519883
1 12 0.500000
2 2 0.538604
2 3 0.500000
2 4 0.581227
2 5 0.641650
2 6 0.567834
2 7 0.537318
2 8 0.541568
2 9 0.586097
2 10 0.507347
2 11 0.500000
2 12 0.500000
2 13 0.539831
2 14 0.500000
3 1 0.500000
3 2 0.500000
3 3 0.500000
3 4 0.500000
3 5 0.500000
3 6 0.500000
3 7 0.500000
3 8 0.500000
3 9 0.500000
3 10 0.500000
3 11 0.500000
3 12 0.500000
3 13 0.500000
3 14 0.500000
4 2 0.581227
4 3 0.500000
4 4 0.694405
4 5 0.774071
4 6 0.635741
4 7 0.585038
4 8 0.588277
4 9 0.672702
4 10 0.514802
4 11 0.500000
4 12 0.500000
4 13 0.585838
5 2 0.641650
5 3 0.500000
5 4 0.774071
5 5 0.999042
5 6 0.752141
5 7 0.908857
5 8 0.722717
5 9 0.876552
5 10 0.516411
5 11 0.500000
5 12 0.500000
5 13 0.653270
5 14 0.500000
6 2 0.567834
6 3 0.500000
6 4 0.635741
6 5 0.752141
6 6 0.642197
6 7 0.517044
6 8 0.575362
6 9 0.677202
6 10 0.514848
6 11 0.500000
6 12 0.500000
6 13 0.580048
6 14 0.500000
7 2 0.537318
7 3 0.500000
7 4 0.585038
7 5 0.908857
7 6 0.517044
7 7 0.954875
7 8 0.608142
7 9 0.493221
7 10 0.517468
7 11 0.500000
7 12 0.500000
7 13 0.504045
8 2 0.541568
8 3 0.500000
8 4 0.588277
8 5 0.722717
8 6 0.575362
8 7 0.608142
8 8 0.564238
8 9 0.584722
8 10 0.508053
8 11 0.500000
8 12 0.500000
8 13 0.545009
9 2 0.586097
9 3 0.500000
9 4 0.672702
9 5 0.876552
9 6 0.677202
9 7 0.493221
9 8 0.584722
9 9 0.887184
9 10 0.502944
9 11 0.500000
9 12 0.500000
9 13 0.602708
9 14 0.500000
10 1 0.519883
10 2 0.507347
10 3 0.500000
10 4 0.514802
10 5 0.516411
10 6 0.514848
10 7 0.517468
10 8 0.508053
10 9 0.502944
10 10 0.510158
10 11 0.500000
10 12 0.500000
10 13 0.510282
10 14 0.500000
11 2 0.500000
11 3 0.500000
11 4 0.500000
11 5 0.500000
11 6 0.500000
11 7 0.500000
11 8 0.500000
11 9 0.500000
11 10 0.500000
11 11 0.500000
11 12 0.500000
11 13 0.500000
12 1 0.500000
12 2 0.500000
12 3 0.500000
12 4 0.500000
12 5 0.500000
12 6 0.500000
12 7 0.500000
12 8 0.500000
12 9 0.500000
12 10 0.500000
12 11 0.500000
12 12 0.500000
12 13 0.500000
12 14 0.500000
13 2 0.539831
13 3 0.500000
13 4 0.585838
13 5 0.653270
13 6 0.580048
13 7 0.504045
13 8 0.545009
13 9 0.602708
13 10 0.510282
13 11 0.500000
13 12 0.500000
13 13 0.550834
14 2 0.500000
14 3 0.500000
14 5 0.500000
14 6 0.500000
14 9 0.500000
14 10 0.500000
14 12 0.500000
14 14 0.500000
