1.572797
1.266635
1.540354
1.914282
2.586540
2.273478
2.021693
1.963248
2.618673
2.778009
1.943450
2.620447
2.606115
1.974861
3.908618
2.263811
2.737697
1.551098
2.053172
1.935463
1.551607
1.297576
1.115744
2.463880
1.640389
1.676060
3.031703
1.977419
3.876924
2.851397
1.747766
1.368782
1.370944
1.420575
1.709638
1.743826
2.135501
2.019589
2.407610
2.898248
1.984632
1.738645
2.258877
1.759502
1.281780
2.179179
1.808154
2.185924
1.629349
2.676446
2.442721
2.961817
2.665034
3.637522
1.023091
1.582972
2.016953
1.325057
2.200786
1.711506
1.399875
1.762320
1.704306
1.928581
2.721159
3.355615
2.083873
1.840938
1.417636
1.022859
1.847971
2.003932
2.283554
1.603542
2.255554
1.106118
5.702807
3.571355
1.600342
2.083732
2.129947
2.940556
2.781624
1.552829
1.666928
1.435127
2.586714
1.080751
1.122635
2.273500
3.535338
1.917482
1.126040
1.295405
3.812049
1.292128
2.315870
2.226931
1.393067
1.493766
2.274118
2.912623
1.025365
2.034784
1.134143
1.692347
2.072646
1.881738
1.448772
1.438655
2.673358
2.137141
2.061023
1.617448
2.100902
1.908431
1.695646
0.972553
1.922383
2.195575
2.328794
1.540905
3.245414
1.679244
2.050538
1.750198
2.036739
1.941023
3.342642
3.741004
1.602130
1.662803
1.860779
4.789506
2.013301
1.482773
2.366980
2.329684
2.980257
3.062005
2.184117
1.524719
1.144069
2.044090
2.264196
1.690889
2.161961
2.276185
1.376249
1.731915
2.362157
2.564705
2.256562
1.930518
2.207690
4.394008
1.236547
1.268175
2.771417
3.497307
1.586348
1.248951
2.094673
1.645883
2.275306
1.920357
1.385673
1.464353
2.344242
1.387379
1.760759
2.153718
1.448586
2.145859
1.802397
