2.234090
4.930165
2.060546
4.937742
1.514227
1.691576
3.826270
1.550074
2.054779
1.740116
0.942164
3.226134
4.517046
1.365640
2.770995
3.417289
1.097571
2.532600
1.468688
2.787399
3.094511
1.665968
2.219516
4.963535
1.753299
2.612001
2.650883
1.668287
3.437294
3.735802
2.996040
1.336193
1.999370
3.080026
4.467519
2.929935
1.842803
2.843975
1.524652
2.524309
1.903216
2.539335
3.254930
1.492247
2.830742
1.523245
4.015820
3.304100
1.855970
1.514992
2.725765
3.347541
2.326294
2.190696
1.368944
1.985875
3.990402
2.543766
1.333412
3.471699
2.845724
3.911904
4.211155
3.046584
1.379859
2.751711
1.179361
1.295724
2.397212
1.575873
2.338510
2.154820
2.090150
1.995167
4.089526
1.691386
3.713024
1.803302
3.084471
1.514018
1.929829
2.513917
2.722504
1.932496
1.520568
1.466478
2.331561
1.932951
1.495527
5.124655
1.244956
3.268497
1.776696
3.450093
3.688344
1.497604
1.400620
2.020655
2.020885
1.840162
1.858988
2.957181
1.900085
1.662992
2.871753
4.296145
1.419087
1.523522
1.378799
2.915076
1.423490
3.355900
3.743809
2.199703
1.144759
1.625092
2.525406
1.420114
2.083732
2.285455
1.470860
1.527511
1.979005
1.386555
1.930486
5.166969
1.727402
2.865865
1.709195
2.431631
3.609691
1.780057
3.426241
1.170571
1.134633
1.265433
2.739168
1.109718
1.600761
3.482252
1.545420
1.524443
1.304920
2.278366
1.640816
1.314477
0.994703
1.480746
1.428413
2.428296
2.885477
1.402818
1.944623
2.022542
2.362401
1.369400
2.844350
1.288289
2.499782
0.999789
1.737609
2.733240
2.221354
1.621363
0.918026
2.446361
1.474768
2.497809
1.223175
2.417262
1.867338
2.277601
1.772742
2.209939
1.626094
2.389785
1.288493
3.107318
1.854641
2.658220
2.874543
