4.137094
2.284313
1.652331
2.058116
2.402401
3.104223
2.878136
2.458453
2.660192
2.626988
1.506544
2.504458
2.771903
2.575464
2.101364
2.151048
2.341843
1.899359
1.799727
2.516669
2.088345
2.531670
3.923169
2.579878
2.380372
1.538636
1.459885
1.650037
2.355386
3.257730
1.888361
1.956942
2.238597
5.202955
2.614378
2.764181
2.341265
2.685684
1.830491
1.659269
1.364611
2.940769
3.692254
1.228022
1.810562
1.881036
1.501186
1.981185
1.537734
2.033583
2.971390
3.081084
1.615078
1.130895
1.078603
2.280274
2.092232
1.252556
1.644476
4.413142
2.285506
2.330101
1.478574
4.103270
3.969396
1.583567
2.011196
3.717704
1.673362
4.742859
1.980082
1.881103
2.116292
2.044246
3.598287
1.365681
2.636390
1.392243
2.437702
1.389374
3.077191
1.302498
1.191876
3.556114
2.402680
1.970611
2.840689
2.378023
1.428340
2.060391
1.502488
2.875057
2.230464
1.897936
3.519207
2.053062
4.105809
1.841224
2.336784
2.598608
1.875707
1.503736
1.347584
2.302814
1.168253
2.187213
3.880289
1.947593
1.871467
1.827730
2.567241
2.470164
2.513168
3.819647
2.154356
1.612482
3.310585
2.389976
1.974162
1.248746
1.366952
2.721166
2.239417
3.503800
2.969611
1.455074
2.931890
1.466400
2.434230
2.384165
2.928664
2.064711
1.747417
1.269642
1.455291
1.944039
1.073480
2.283850
1.729919
3.235930
1.907456
2.482278
1.795365
3.907258
1.952198
4.549726
3.116503
1.439542
2.517325
2.004975
2.094011
2.699891
1.396083
1.446775
2.163726
2.070931
2.766374
1.311538
1.117817
1.150210
2.476580
1.659450
1.828431
1.939456
1.810421
1.507772
1.751081
2.891568
2.092316
2.137828
1.311191
4.183736
3.487164
1.963688
2.790358
1.921796
1.769141
2.169347
1.879841
3.084421
2.849921
3.016737
1.660263
1.974870
1.297694
3.262966
4.196750
2.902824
1.321690
2.174629
3.471498
1.005124
1.118653
2.222059
2.098839
1.957730
1.419776
3.094978
3.138307
1.710125
3.012494
2.334327
1.559733
2.538601
2.267323
1.457519
2.856050
2.406875
2.353707
2.718872
2.719440
1.273597
2.299104
1.962547
1.054750
2.133059
1.966096
2.002611
2.697809
1.795609
2.965109
2.018616
0.896627
1.927651
1.961490
3.781218
5.213702
2.300774
2.589114
3.202269
1.772510
3.408056
1.695318
2.159854
2.786850
2.777956
1.991703
2.044428
2.391042
3.793895
1.584443
1.613210
1.200547
1.922468
1.688693
1.821038
1.490920
2.665138
2.207303
2.684942
1.772004
1.520549
1.126038
2.757614
1.796683
2.311563
1.813534
1.956093
1.774675
3.100295
2.464288
2.491638
2.260513
1.285183
1.728432
2.456948
2.575838
1.910792
2.007159
1.836866
1.142116
1.391979
2.231000
1.882490
1.855015
2.162652
2.407193
1.080544
1.228318
1.533727
1.182546
1.875435
2.388410
2.267521
2.868200
1.863186
2.894685
2.223922
3.679070
2.438082
1.555616
1.532141
1.049155
1.655277
2.359964
5.191382
3.413668
2.601930
1.821860
1.754399
1.666351
1.911488
2.630649
1.549908
3.000500
3.526679
4.592119
1.386925
1.615479
1.299066
2.008177
1.295581
2.564671
1.200450
2.108822
4.243435
2.492696
3.399967
1.446511
2.370251
1.215623
2.133024
1.175995
1.165820
2.507115
3.033862
1.844415
2.139206
1.862108
2.113161
0.917098
1.460736
1.411144
1.732427
1.536723
2.077714
2.655481
2.185322
1.625873
1.098326
1.306008
3.376331
2.825093
2.867715
1.485999
1.929028
1.514912
1.548290
1.230948
1.835039
1.821417
2.892338
2.100162
1.941485
2.770728
1.895873
2.112152
1.708075
2.629877
2.878960
2.997283
2.494285
4.167508
1.473527
3.185799
0.974440
1.310587
1.487617
1.703489
3.585147
1.780817
1.531399
2.965081
1.357284
1.263497
2.436591
3.135474
1.771276
2.155166
3.446991
3.756251
2.521694
3.046444
1.261724
2.222506
1.691951
1.647764
2.523897
1.758289
1.974436
2.380903
2.621968
2.690049
1.789707
1.314057
2.873490
2.422878
2.875183
2.777544
2.376961
1.314328
1.617600
2.479854
1.944806
2.323902
2.622893
2.133839
2.449436
1.462880
2.683715
2.095490
2.362243
2.626964
2.447617
1.842932
2.703781
1.810435
1.944756
3.651309
1.520743
1.151930
1.652631
1.245928
2.299221
2.625396
1.808096
1.527523
3.257908
1.727060
1.559736
0.910850
1.271854
1.969014
1.621713
3.305631
4.609146
2.411757
2.538425
2.346751
1.473830
1.379906
1.330951
0.977734
1.718244
3.333520
1.642124
1.500618
1.327172
1.577127
2.145818
1.700172
