2.785880
7.577259
3.695518
3.614022
7.689485
5.332275
3.842607
4.455432
3.450549
5.086843
2.818041
4.183651
4.376171
2.921368
3.180791
3.390666
4.543164
6.551751
4.854382
4.476711
4.586694
4.474136
3.110284
4.234743
6.028614
3.883566
3.552227
4.069526
4.748804
5.634397
3.377381
5.696373
6.424798
5.052615
5.633372
4.123992
4.304098
3.875208
3.594374
5.098435
3.725980
5.845883
4.973760
5.737532
3.387066
4.480885
8.014242
3.239935
5.312675
5.066215
4.514385
3.182524
5.058002
6.579948
3.089249
4.588581
4.386494
3.461389
5.774057
5.619624
2.682413
3.176548
4.450550
4.962910
3.361833
4.301994
5.481363
5.518805
5.289154
5.702525
3.251401
5.998948
3.650342
3.754910
5.597841
4.140522
2.670206
4.791618
6.565381
3.307722
4.277615
3.685483
4.821389
4.051027
3.885319
3.424936
6.152401
4.557365
3.955624
3.225681
4.153921
2.994505
4.062460
4.845726
4.883038
4.283146
3.208265
3.566659
4.675011
5.328430
4.603715
4.581016
3.630827
3.478576
4.236858
4.654113
4.510888
4.672946
3.609578
3.301795
4.298292
4.298810
3.738593
3.138152
3.260551
3.676864
3.708510
3.123413
2.577576
3.174082
3.790637
3.421083
2.776698
4.745126
3.239733
3.553662
4.286966
2.821431
3.600460
5.657462
3.935570
4.370752
2.871608
4.115706
3.269942
3.810220
3.229267
3.518656
4.164448
3.855365
2.784271
2.715032
5.585705
5.168786
4.876128
2.706563
2.971980
6.792307
2.633334
2.132521
3.005902
4.438708
4.550495
2.598536
3.428930
2.837033
4.383076
3.383062
4.910780
3.279285
4.800067
3.283184
4.779879
4.294199
4.331266
2.563208
2.279783
5.844161
4.408771
7.903053
3.101266
4.495093
2.554281
2.513340
5.069737
5.481179
4.721405
3.389560
4.160078
3.624279
3.132712
5.705725
3.100594
3.849113
4.011901
2.606527
3.066324
3.645783
5.353681
4.338357
3.993739
3.633706
3.489965
2.608247
3.188884
3.767816
3.039958
3.209496
2.908424
3.241475
4.163393
3.451065
3.357979
5.823587
3.473783
2.563848
2.609434
3.814718
3.848906
2.600269
2.684168
2.224079
2.829342
2.800366
