4.043978
3.208300
2.498814
3.406046
3.431657
2.647203
3.652344
2.629824
3.241980
2.722227
2.900491
2.357378
3.450232
2.162152
2.937971
2.558213
3.724378
2.321109
3.035254
3.671730
2.677614
3.048699
2.295801
2.783081
3.349962
2.840714
4.270905
4.183842
3.663378
3.032299
2.539373
3.356673
3.289665
3.318802
3.000990
2.994787
3.824622
2.807726
3.031388
3.064962
2.374909
2.892401
2.612691
3.243966
3.718506
2.530920
2.912163
3.165240
3.136527
3.349300
3.134974
2.823446
2.642492
3.217084
2.525745
3.161064
3.037065
2.286482
1.848680
2.847527
3.893086
3.447409
2.823120
3.154217
2.906322
2.753612
2.520075
3.249554
2.804998
3.356358
2.539988
2.462538
3.026911
2.765068
2.901434
3.055189
2.463027
2.801947
4.400622
3.408610
2.108859
2.238465
2.758791
4.403433
2.219877
3.905154
2.465360
2.561165
3.118693
2.742895
3.113562
2.700815
2.985030
2.788380
2.310295
3.070335
3.819111
3.049073
2.892309
2.704395
2.860754
2.921996
2.518028
3.099342
4.300985
2.782282
2.470668
3.085449
2.158220
3.102413
2.743503
2.719625
3.012480
3.442222
3.237884
4.446738
3.407356
4.187112
2.910264
2.842103
3.177930
2.648960
2.182855
2.008785
2.812717
3.377142
2.580802
1.945917
2.743619
2.353863
3.438588
3.264812
2.836124
2.847600
2.667575
3.213948
2.952690
3.096283
4.483031
3.983472
2.782182
3.081224
2.282164
2.494370
2.232881
2.479811
2.558071
2.664121
2.341409
3.000376
2.398134
1.965993
3.143461
2.560252
4.069457
3.006600
2.637567
2.779734
3.001490
2.898164
2.766119
3.219177
2.345556
2.500762
3.094403
2.314769
3.111115
2.195139
2.983508
2.437803
3.801460
2.482656
3.306066
1.885457
2.570673
3.411801
2.427587
2.714012
2.671527
2.899249
2.656571
2.961426
3.490253
2.569271
2.892937
3.380373
2.560717
3.338112
2.360871
2.723032
2.313344
2.054736
4.069067
2.325226
3.653577
3.029664
2.880495
3.618619
2.290634
2.967272
2.669099
2.825380
2.697128
2.980669
2.715246
2.728267
3.163455
3.405724
2.788206
2.934263
2.416158
2.724577
2.815105
2.552240
3.696650
2.397625
2.287457
3.025500
2.943895
1.915373
2.059148
2.567966
3.019016
2.524092
1.989911
