2.491954
2.605719
2.212075
2.592072
3.069235
2.108497
2.016057
2.573695
3.143482
2.696900
2.805820
3.648422
2.507243
2.671871
2.855385
3.251669
2.143235
2.596932
2.483031
3.256626
3.028966
2.914181
2.077835
2.281542
3.030909
2.740319
3.348538
2.036769
2.151907
2.856732
2.158749
3.768348
1.980695
3.391303
3.647310
3.488898
2.430208
2.652385
2.382106
2.337086
2.609772
2.688802
1.879422
1.983041
2.757266
2.653742
2.196774
2.328188
2.573252
1.930979
2.517516
3.050684
2.514432
1.963437
3.228412
3.215229
2.609245
2.908362
2.473246
3.376509
2.312589
2.123633
3.700464
2.443281
2.322474
2.500586
2.641768
3.640547
2.947216
2.608783
3.354737
2.157079
2.635993
3.266496
1.817327
1.752671
2.287113
2.335347
2.963449
2.938360
2.576642
1.918435
2.891694
2.652313
3.103882
3.058373
2.888069
2.398481
2.687623
3.853461
2.248820
1.902112
2.101384
2.877771
2.485452
3.269528
2.718331
4.051796
2.482748
2.896037
2.482187
2.857712
2.858216
2.517636
2.954536
2.094843
2.642446
2.346802
3.245974
2.072521
2.023646
2.137664
2.493140
2.321761
2.576952
3.404138
3.387836
3.092702
3.083108
3.085763
2.110568
2.309447
2.221129
2.186787
2.736794
2.763558
2.085906
2.747539
2.068962
2.132600
3.401848
2.556038
2.184692
2.526084
2.540180
2.378695
2.087040
2.583062
2.739139
2.101368
2.694166
3.234419
1.610202
2.871596
3.329750
1.699553
2.283892
1.716826
2.484517
2.321448
3.462272
2.227580
2.187462
2.599357
1.872980
2.406222
2.113659
2.095749
2.715802
2.927094
2.988278
2.808529
2.298516
2.276705
3.381427
2.104138
2.814088
4.622503
2.802090
2.613023
3.636013
2.408039
2.292508
2.750864
2.033757
3.217622
1.956391
1.818157
1.875800
1.956092
2.934575
2.673145
1.803859
2.126276
2.158369
2.144973
2.881575
2.534033
2.735767
2.745806
2.349477
3.054260
2.675081
2.371699
2.948355
2.144577
2.369681
2.781352
2.333176
2.964070
2.295487
1.491827
1.834490
2.008327
2.632311
2.192604
2.381824
2.160255
3.187209
2.871254
2.080855
1.735737
1.929793
2.698557
2.194508
2.000371
3.099996
2.117605
3.013278
2.305647
1.769605
2.226498
3.156349
2.106854
2.707944
2.741594
2.398934
2.332259
2.389811
2.160016
2.279168
3.016858
2.028382
1.671521
2.059554
2.153039
1.965152
1.752399
2.288875
2.593199
3.246230
2.287128
2.048710
2.534384
2.358652
3.175212
1.925179
1.858066
2.131478
2.503211
2.090142
2.748691
2.290601
3.154248
2.258088
2.068289
2.126483
2.529608
2.173700
1.701616
1.999791
2.057084
2.703550
2.621817
1.670271
1.990411
1.887554
2.189069
2.533101
2.456459
2.547583
1.810731
1.572625
2.366658
2.864391
2.037328
1.899850
2.398228
2.449139
3.286887
1.827004
2.196232
2.542909
2.869450
