2.159096
2.622005
2.668083
2.467444
3.787594
2.103989
2.182719
2.425536
2.466640
2.170609
3.106795
2.131257
1.952680
2.266319
2.229903
2.937983
2.679680
3.354199
2.945398
2.360665
2.424922
2.146416
2.724321
3.205774
3.209020
2.836004
2.656318
3.975210
3.090570
2.013698
2.878568
3.043208
2.543200
2.503451
2.283070
2.492277
2.283056
2.343840
2.777981
2.501849
2.558978
2.350687
2.307938
2.424010
2.217375
3.432539
2.630213
2.670943
2.420339
3.755820
2.273193
2.840560
4.032316
3.508958
4.131868
2.490808
2.325493
2.141600
2.692148
2.197736
3.137847
2.824288
3.721080
2.610555
2.170528
2.005451
1.886304
3.668881
2.293031
2.395527
2.953009
2.787448
2.554815
2.311098
2.194598
1.947974
1.776437
2.274512
2.838474
2.270055
2.153504
2.062999
2.307688
2.276165
2.050395
2.321794
2.610715
2.532297
2.741627
1.819970
2.299882
2.088671
1.783937
2.006772
3.241422
2.162425
2.590561
2.887063
2.233984
3.115869
2.180019
1.912566
2.096280
2.309979
2.046036
2.212103
2.104743
2.480806
2.622881
2.544563
2.006589
2.365256
3.363038
2.263030
2.071959
2.454296
2.992001
2.210677
2.045111
1.998657
2.388288
3.265348
2.388905
2.632536
2.834699
2.460200
2.105527
2.764498
2.592746
1.816558
3.385951
2.284694
2.032978
2.187971
2.349669
2.897870
2.870080
2.478248
2.285258
1.935152
2.172091
2.497060
2.210344
2.285751
2.245957
2.242172
2.185595
2.707710
2.474379
2.582458
3.523038
1.945579
2.962652
3.143688
3.105976
1.399929
2.100273
2.276930
1.646307
1.923332
2.535266
2.788346
2.189481
2.729414
2.437135
1.863589
2.170785
1.936651
3.185281
3.163005
2.612025
