3.152284
2.378455
5.036005
3.600164
2.731192
2.887365
3.716182
3.233142
3.214469
7.188431
2.913086
2.205413
4.389502
2.693816
5.227252
2.923061
3.151747
4.661098
3.118487
3.419305
4.345162
4.360020
4.518912
3.391153
3.018408
2.977781
2.839316
3.247666
3.199808
4.770113
3.221564
2.518381
2.828049
3.315423
3.911444
3.793370
2.913352
2.913025
2.937297
3.103246
3.901873
2.608344
2.428211
3.239227
3.128404
2.756763
3.658235
2.573441
3.007581
3.027092
2.507034
2.989324
2.995161
3.140910
3.630199
3.430738
3.216950
4.876191
2.707160
3.753888
2.531548
3.393998
4.541992
2.542564
2.973992
2.903955
2.513293
4.569283
4.226524
3.426198
2.357982
4.429459
3.221303
2.342011
2.361395
2.936586
2.738006
2.989475
2.664716
3.566907
3.064875
2.693922
4.416713
3.099727
3.155074
3.800514
3.638962
3.395480
2.464636
3.631408
2.283488
2.900213
2.799063
3.082009
2.315199
3.577994
2.121505
3.447530
3.971791
2.693326
2.682014
2.193107
3.599694
3.137998
2.414231
3.120816
3.268361
2.790430
2.916965
3.281041
3.153812
2.311844
3.563556
3.866541
4.640599
3.104769
3.350212
2.597700
3.188811
3.206947
