1.452158
1.405542
1.337569
1.108927
1.140787
1.025644
1.904948
1.616789
1.186162
1.484011
1.410655
2.144627
3.671944
2.788204
2.224875
2.737490
1.068241
1.081883
1.659962
1.611336
3.592943
1.665063
1.130232
1.371214
1.288751
1.147655
2.614941
1.669378
2.306338
1.541817
1.222303
2.472741
1.268467
1.297829
2.112978
1.890987
2.061862
1.732005
1.024493
1.696931
2.311704
2.053826
1.740113
2.033614
1.158274
2.124666
1.673177
1.808531
1.499547
1.558006
3.822378
1.538273
1.775317
1.479884
1.427744
1.963326
1.730696
1.954168
2.989041
1.403003
1.986586
2.153677
1.934767
3.633300
1.587900
1.892205
1.247151
1.176435
2.286917
2.620857
1.386163
2.594462
2.204372
1.844046
1.390987
1.411890
1.685398
0.885900
1.156756
1.013560
1.278037
1.509938
1.749752
1.540650
1.677036
1.815407
1.029016
1.239584
1.157492
1.102210
1.116136
2.060281
1.396239
1.186109
1.136496
1.935059
1.426916
1.666873
2.239686
2.110332
