1.814485
1.125941
1.972256
1.453796
1.774090
2.563753
1.552488
1.629544
2.084456
2.294939
1.947329
1.658034
2.054005
1.958410
1.858640
1.472535
2.095386
1.224317
1.382557
1.382357
2.021039
1.380723
2.086177
1.704875
1.895289
1.880110
2.381857
2.033009
1.196896
2.238759
1.952047
1.374279
3.225880
2.460714
1.437510
1.180320
1.154489
1.908874
1.523736
1.547474
2.082149
1.424506
1.807888
1.576037
1.641616
1.646155
1.753160
1.236322
1.738650
2.635015
1.335402
1.124148
1.519852
1.345867
2.229095
1.861669
1.518874
1.552948
2.701269
1.313068
1.116940
1.476647
1.423947
2.234492
1.504894
1.482256
2.280400
1.188249
1.458549
1.996029
1.248946
1.618361
1.210393
2.962649
1.960340
1.349655
1.338096
1.885343
2.375719
1.899031
1.983106
1.175181
1.231839
1.502499
2.127962
1.543308
1.397824
1.628773
2.019392
2.000756
1.122131
1.312271
1.876447
1.730684
1.405219
1.957439
1.086718
1.699929
1.764962
0.944758
1.460256
1.191079
2.221274
2.942360
1.103309
1.552243
1.916660
2.384914
1.725476
2.256032
2.285524
1.177939
2.784947
1.777729
1.570481
1.024949
1.098297
1.698100
1.903081
1.216998
1.551739
2.203474
1.380404
1.399101
1.349876
1.215495
1.970190
1.567921
1.587464
1.106577
2.535958
1.428097
1.179187
2.234288
1.377577
1.488987
1.452722
1.204749
1.780228
1.347228
1.581551
2.064330
1.547256
1.355478
2.366409
1.936884
3.061516
1.654188
1.924757
