59065632350887665991680.000000
59065578307692137545728.000000
59065537775295491211264.000000
59065506250098099617792.000000
59065474724900708024320.000000
59065443199703316430848.000000
59065420681705179578368.000000
59065407170906297466880.000000
59065389156507787984896.000000
59065380149308533243904.000000
59065371142109278502912.000000
59065357631310396391424.000000
59065348624111141650432.000000
59065348624111141650432.000000
59065335113312259538944.000000
59065335113312259538944.000000
59065330609712632168448.000000
59065330609712632168448.000000
59065321602513377427456.000000
59065321602513377427456.000000
59065317098913750056960.000000
59065317098913750056960.000000
59065317098913750056960.000000
59065317098913750056960.000000
59065317098913750056960.000000
59065303588114867945472.000000
59065303588114867945472.000000
59065303588114867945472.000000
59150286513083349204992.000000
59150286513083349204992.000000
59150286513083349204992.000000
59150286513083349204992.000000
59150286513083349204992.000000
59150277505884094464000.000000
59150277505884094464000.000000
59150277505884094464000.000000
59150277505884094464000.000000
59150277505884094464000.000000
59150273002284467093504.000000
59150273002284467093504.000000
59150263995085212352512.000000
59150263995085212352512.000000
59150263995085212352512.000000
59150263995085212352512.000000
59150263995085212352512.000000
59150259491485584982016.000000
59150259491485584982016.000000
59150259491485584982016.000000
59150259491485584982016.000000
59150254987885957611520.000000
59150254987885957611520.000000
59150245980686702870528.000000
59150245980686702870528.000000
59150245980686702870528.000000
59150245980686702870528.000000
59150245980686702870528.000000
59150245980686702870528.000000
59150241477087075500032.000000
59150241477087075500032.000000
59150241477087075500032.000000
59150232469887820759040.000000
59150232469887820759040.000000
59150232469887820759040.000000
59150227966288193388544.000000
59150227966288193388544.000000
59150227966288193388544.000000
59150227966288193388544.000000
59150227966288193388544.000000
59150227966288193388544.000000
59150218959088938647552.000000
59150214455489311277056.000000
59150214455489311277056.000000
59150214455489311277056.000000
59150214455489311277056.000000
59150214455489311277056.000000
59150214455489311277056.000000
59150205448290056536064.000000
59150205448290056536064.000000
59150205448290056536064.000000
59150205448290056536064.000000
59150205448290056536064.000000
59150191937491174424576.000000
59150191937491174424576.000000
59150191937491174424576.000000
59150191937491174424576.000000
59150191937491174424576.000000
59150191937491174424576.000000
59150187433891547054080.000000
59150187433891547054080.000000
59150187433891547054080.000000
59150187433891547054080.000000
59150187433891547054080.000000
59150182930291919683584.000000
59150173923092664942592.000000
59150173923092664942592.000000
59150173923092664942592.000000
59150173923092664942592.000000
59150173923092664942592.000000
59150173923092664942592.000000
59150169419493037572096.000000
59150169419493037572096.000000
59150169419493037572096.000000
59150169419493037572096.000000
59150160412293782831104.000000
59150160412293782831104.000000
59150160412293782831104.000000
59150160412293782831104.000000
59150160412293782831104.000000
59150155908694155460608.000000
59150155908694155460608.000000
59150155908694155460608.000000
59150146901494900719616.000000
59150146901494900719616.000000
59150146901494900719616.000000
59150142397895273349120.000000
59150142397895273349120.000000
59150142397895273349120.000000
59150142397895273349120.000000
59150142397895273349120.000000
59150133390696018608128.000000
59150133390696018608128.000000
59150133390696018608128.000000
59150133390696018608128.000000
59150128887096391237632.000000
59150128887096391237632.000000
59150119879897136496640.000000
59150119879897136496640.000000
59150119879897136496640.000000
59150119879897136496640.000000
59150119879897136496640.000000
59150115376297509126144.000000
59150115376297509126144.000000
59150115376297509126144.000000
59150115376297509126144.000000
59150115376297509126144.000000
59150110872697881755648.000000
59150110872697881755648.000000
59150110872697881755648.000000
59150110872697881755648.000000
59150110872697881755648.000000
59150110872697881755648.000000
59150097361898999644160.000000
59150097361898999644160.000000
59150097361898999644160.000000
59150097361898999644160.000000
59150097361898999644160.000000
59150097361898999644160.000000
59150088354699744903168.000000
59150088354699744903168.000000
59150088354699744903168.000000
59150088354699744903168.000000
59150088354699744903168.000000
59150083851100117532672.000000
59150074843900862791680.000000
59150074843900862791680.000000
59150074843900862791680.000000
59150074843900862791680.000000
59150074843900862791680.000000
59150070340301235421184.000000
59150070340301235421184.000000
59150070340301235421184.000000
59150070340301235421184.000000
59150070340301235421184.000000
59150061333101980680192.000000
59150061333101980680192.000000
59150056829502353309696.000000
59150056829502353309696.000000
59150056829502353309696.000000
59150056829502353309696.000000
59150056829502353309696.000000
59150056829502353309696.000000
59150047822303098568704.000000
59150047822303098568704.000000
59150047822303098568704.000000
59150043318703471198208.000000
59150043318703471198208.000000
59150043318703471198208.000000
59150038815103843827712.000000
59150038815103843827712.000000
59150038815103843827712.000000
59150038815103843827712.000000
59150038815103843827712.000000
59150038815103843827712.000000
59150029807904589086720.000000
59150029807904589086720.000000
59150029807904589086720.000000
59150025304304961716224.000000
59150025304304961716224.000000
59150025304304961716224.000000
59150016297105706975232.000000
59150016297105706975232.000000
59150016297105706975232.000000
59150016297105706975232.000000
59150016297105706975232.000000
59150016297105706975232.000000
59150011793506079604736.000000
59150011793506079604736.000000
59150002786306824863744.000000
59150002786306824863744.000000
59150002786306824863744.000000
59150002786306824863744.000000
59150002786306824863744.000000
59149998282707197493248.000000
59149998282707197493248.000000
59149998282707197493248.000000
59149998282707197493248.000000
59149998282707197493248.000000
59149989275507942752256.000000
59149989275507942752256.000000
59149984771908315381760.000000
59149984771908315381760.000000
59149984771908315381760.000000
59149984771908315381760.000000
59149984771908315381760.000000
59149984771908315381760.000000
59149984771908315381760.000000
59149984771908315381760.000000
59149984771908315381760.000000
59149984771908315381760.000000
59149984771908315381760.000000
59149971261109433270272.000000
59149971261109433270272.000000
59149971261109433270272.000000
59149971261109433270272.000000
59149971261109433270272.000000
59149971261109433270272.000000
59149966757509805899776.000000
59149966757509805899776.000000
59149966757509805899776.000000
59149966757509805899776.000000
59149966757509805899776.000000
59149966757509805899776.000000
59149957750310551158784.000000
59149957750310551158784.000000
59149957750310551158784.000000
59149957750310551158784.000000
59149957750310551158784.000000
59149957750310551158784.000000
59149953246710923788288.000000
59149953246710923788288.000000
59149953246710923788288.000000
59149953246710923788288.000000
59149953246710923788288.000000
59149953246710923788288.000000
59149944239511669047296.000000
59149944239511669047296.000000
59149944239511669047296.000000
59149944239511669047296.000000
59149944239511669047296.000000
59149944239511669047296.000000
59149939735912041676800.000000
59149939735912041676800.000000
59149930728712786935808.000000
59149930728712786935808.000000
59149930728712786935808.000000
59149930728712786935808.000000
59149930728712786935808.000000
59149930728712786935808.000000
59149930728712786935808.000000
59149930728712786935808.000000
59149930728712786935808.000000
59149930728712786935808.000000
59149930728712786935808.000000
59149926225113159565312.000000
59149926225113159565312.000000
59149926225113159565312.000000
59149926225113159565312.000000
59149926225113159565312.000000
59149926225113159565312.000000
59149926225113159565312.000000
59149917217913904824320.000000
59149917217913904824320.000000
59149917217913904824320.000000
59149917217913904824320.000000
59149912714314277453824.000000
59149912714314277453824.000000
59149912714314277453824.000000
59149912714314277453824.000000
59149912714314277453824.000000
59149912714314277453824.000000
59149912714314277453824.000000
59149912714314277453824.000000
59149912714314277453824.000000
59149912714314277453824.000000
59149912714314277453824.000000
59149903707115022712832.000000
59149903707115022712832.000000
59149903707115022712832.000000
59149903707115022712832.000000
59149903707115022712832.000000
59149903707115022712832.000000
59149903707115022712832.000000
59149903707115022712832.000000
59149903707115022712832.000000
59149899203515395342336.000000
59149899203515395342336.000000
59149899203515395342336.000000
59149899203515395342336.000000
59149899203515395342336.000000
59149899203515395342336.000000
59149899203515395342336.000000
59149899203515395342336.000000
59149899203515395342336.000000
59149899203515395342336.000000
59149899203515395342336.000000
59149899203515395342336.000000
59149894699915767971840.000000
59149885692716513230848.000000
59149885692716513230848.000000
59149885692716513230848.000000
59149885692716513230848.000000
59149885692716513230848.000000
59149885692716513230848.000000
59149885692716513230848.000000
59149885692716513230848.000000
59149885692716513230848.000000
59149885692716513230848.000000
59149885692716513230848.000000
59149881189116885860352.000000
59149881189116885860352.000000
59149881189116885860352.000000
59149881189116885860352.000000
59149881189116885860352.000000
59149881189116885860352.000000
59149881189116885860352.000000
59149881189116885860352.000000
59149881189116885860352.000000
59149881189116885860352.000000
59149881189116885860352.000000
59149872181917631119360.000000
59149867678318003748864.000000
59149867678318003748864.000000
59149867678318003748864.000000
59149867678318003748864.000000
59149867678318003748864.000000
59149867678318003748864.000000
59149867678318003748864.000000
59149867678318003748864.000000
59149867678318003748864.000000
59149867678318003748864.000000
59149858671118749007872.000000
59149858671118749007872.000000
59149858671118749007872.000000
59149858671118749007872.000000
59149858671118749007872.000000
59149858671118749007872.000000
59149858671118749007872.000000
59149858671118749007872.000000
59149858671118749007872.000000
59149858671118749007872.000000
59149858671118749007872.000000
59149854167519121637376.000000
59149854167519121637376.000000
59149854167519121637376.000000
59149845160319866896384.000000
59149845160319866896384.000000
59149845160319866896384.000000
59149845160319866896384.000000
59149845160319866896384.000000
59149845160319866896384.000000
59149845160319866896384.000000
59149845160319866896384.000000
59149845160319866896384.000000
59149845160319866896384.000000
59149845160319866896384.000000
59149845160319866896384.000000
59149840656720239525888.000000
59149840656720239525888.000000
59149840656720239525888.000000
59149840656720239525888.000000
59149840656720239525888.000000
59149840656720239525888.000000
59149840656720239525888.000000
59149831649520984784896.000000
59149831649520984784896.000000
59149831649520984784896.000000
59149831649520984784896.000000
59149831649520984784896.000000
59149827145921357414400.000000
59149827145921357414400.000000
59149827145921357414400.000000
59149827145921357414400.000000
59149827145921357414400.000000
59149827145921357414400.000000
59149827145921357414400.000000
59149827145921357414400.000000
59149827145921357414400.000000
59149827145921357414400.000000
59149827145921357414400.000000
59149827145921357414400.000000
59149822642321730043904.000000
59149822642321730043904.000000
59149822642321730043904.000000
59149822642321730043904.000000
59149822642321730043904.000000
59149813635122475302912.000000
59149813635122475302912.000000
59149813635122475302912.000000
59149813635122475302912.000000
59149813635122475302912.000000
59149813635122475302912.000000
59149813635122475302912.000000
59149809131522847932416.000000
59149809131522847932416.000000
59149809131522847932416.000000
59149809131522847932416.000000
59149809131522847932416.000000
59149809131522847932416.000000
59149809131522847932416.000000
59149809131522847932416.000000
59149809131522847932416.000000
59149809131522847932416.000000
59149809131522847932416.000000
59149809131522847932416.000000
59149809131522847932416.000000
59149800124323593191424.000000
59149800124323593191424.000000
59149795620723965820928.000000
59149795620723965820928.000000
59149795620723965820928.000000
59149795620723965820928.000000
59149795620723965820928.000000
59149795620723965820928.000000
59149795620723965820928.000000
59149795620723965820928.000000
59149795620723965820928.000000
59149795620723965820928.000000
59149795620723965820928.000000
59149786613524711079936.000000
59149786613524711079936.000000
59149786613524711079936.000000
59149786613524711079936.000000
59149786613524711079936.000000
59149786613524711079936.000000
59149786613524711079936.000000
59149786613524711079936.000000
59149786613524711079936.000000
59149786613524711079936.000000
59149786613524711079936.000000
59149773102725828968448.000000
59149773102725828968448.000000
59149773102725828968448.000000
59149773102725828968448.000000
59149773102725828968448.000000
59149773102725828968448.000000
59149773102725828968448.000000
59149773102725828968448.000000
59149773102725828968448.000000
59149773102725828968448.000000
59149773102725828968448.000000
59149773102725828968448.000000
59149768599126201597952.000000
59149768599126201597952.000000
59149768599126201597952.000000
59149768599126201597952.000000
59149768599126201597952.000000
59149768599126201597952.000000
59149768599126201597952.000000
59149768599126201597952.000000
59149768599126201597952.000000
59149768599126201597952.000000
59149759591926946856960.000000
59149759591926946856960.000000
59149759591926946856960.000000
59149755088327319486464.000000
59149755088327319486464.000000
59149755088327319486464.000000
59149755088327319486464.000000
59149755088327319486464.000000
59149755088327319486464.000000
59149755088327319486464.000000
59149755088327319486464.000000
59149755088327319486464.000000
59149755088327319486464.000000
59149755088327319486464.000000
59149755088327319486464.000000
59112758017388470861824.000000
59112758017388470861824.000000
59112758017388470861824.000000
59112758017388470861824.000000
59112758017388470861824.000000
59112532837407102337024.000000
59112528333807474966528.000000
59112528333807474966528.000000
59112528333807474966528.000000
59112528333807474966528.000000
59112528333807474966528.000000
59112528333807474966528.000000
59112528333807474966528.000000
59112528333807474966528.000000
59112528333807474966528.000000
59112528333807474966528.000000
59112519326608220225536.000000
59112519326608220225536.000000
59112519326608220225536.000000
59112514823008592855040.000000
59112514823008592855040.000000
59112514823008592855040.000000
59112514823008592855040.000000
59112514823008592855040.000000
59112514823008592855040.000000
59112514823008592855040.000000
59112514823008592855040.000000
59112514823008592855040.000000
59112514823008592855040.000000
59112514823008592855040.000000
59112514823008592855040.000000
59112505815809338114048.000000
59112505815809338114048.000000
59112505815809338114048.000000
59112505815809338114048.000000
59112505815809338114048.000000
59112505815809338114048.000000
59112505815809338114048.000000
59112505815809338114048.000000
59112501312209710743552.000000
59112501312209710743552.000000
59112501312209710743552.000000
59112501312209710743552.000000
59112496808610083373056.000000
59112496808610083373056.000000
59112496808610083373056.000000
59112496808610083373056.000000
59112496808610083373056.000000
59112496808610083373056.000000
59112496808610083373056.000000
59112496808610083373056.000000
59112496808610083373056.000000
59112496808610083373056.000000
59112496808610083373056.000000
59112496808610083373056.000000
59112496808610083373056.000000
59112487801410828632064.000000
59112487801410828632064.000000
59112487801410828632064.000000
59112487801410828632064.000000
59112487801410828632064.000000
59112483297811201261568.000000
59112483297811201261568.000000
59112483297811201261568.000000
59112483297811201261568.000000
59112483297811201261568.000000
59112483297811201261568.000000
59112483297811201261568.000000
59112483297811201261568.000000
59112483297811201261568.000000
59112483297811201261568.000000
59112483297811201261568.000000
59112474290611946520576.000000
59112474290611946520576.000000
59112474290611946520576.000000
59112474290611946520576.000000
59112474290611946520576.000000
59112474290611946520576.000000
59112474290611946520576.000000
59112474290611946520576.000000
59112469787012319150080.000000
59112469787012319150080.000000
59112469787012319150080.000000
59112469787012319150080.000000
59112460779813064409088.000000
59112460779813064409088.000000
59112460779813064409088.000000
59112460779813064409088.000000
59112460779813064409088.000000
59112460779813064409088.000000
59112460779813064409088.000000
59112460779813064409088.000000
59112460779813064409088.000000
59112460779813064409088.000000
59112460779813064409088.000000
59112456276213437038592.000000
59112456276213437038592.000000
59112456276213437038592.000000
59112456276213437038592.000000
59112456276213437038592.000000
59112456276213437038592.000000
59112456276213437038592.000000
59112456276213437038592.000000
59112456276213437038592.000000
59112456276213437038592.000000
59112447269014182297600.000000
59112442765414554927104.000000
59112442765414554927104.000000
59112442765414554927104.000000
59112442765414554927104.000000
59112442765414554927104.000000
59112442765414554927104.000000
59112442765414554927104.000000
59112442765414554927104.000000
59112442765414554927104.000000
59112442765414554927104.000000
59112442765414554927104.000000
59112433758215300186112.000000
59112433758215300186112.000000
59112433758215300186112.000000
59112433758215300186112.000000
59112433758215300186112.000000
59112433758215300186112.000000
59112433758215300186112.000000
59112433758215300186112.000000
59112433758215300186112.000000
59112433758215300186112.000000
59112433758215300186112.000000
59112433758215300186112.000000
59112429254615672815616.000000
59112429254615672815616.000000
59112429254615672815616.000000
59112429254615672815616.000000
59112429254615672815616.000000
59112429254615672815616.000000
59112429254615672815616.000000
59112429254615672815616.000000
59112429254615672815616.000000
59112429254615672815616.000000
59112429254615672815616.000000
59112424751016045445120.000000
59112424751016045445120.000000
59112415743816790704128.000000
59112415743816790704128.000000
59112415743816790704128.000000
59112415743816790704128.000000
59112415743816790704128.000000
59112415743816790704128.000000
59112415743816790704128.000000
59112415743816790704128.000000
59112415743816790704128.000000
59112411240217163333632.000000
59112411240217163333632.000000
59112411240217163333632.000000
59112411240217163333632.000000
59112411240217163333632.000000
59112411240217163333632.000000
59112411240217163333632.000000
59112411240217163333632.000000
59112411240217163333632.000000
59112411240217163333632.000000
59112411240217163333632.000000
59112411240217163333632.000000
59112402233017908592640.000000
59112402233017908592640.000000
59112402233017908592640.000000
59112402233017908592640.000000
59112397729418281222144.000000
59112397729418281222144.000000
59112397729418281222144.000000
59112397729418281222144.000000
59112397729418281222144.000000
59112397729418281222144.000000
59112397729418281222144.000000
59112388722219026481152.000000
59112388722219026481152.000000
59112388722219026481152.000000
59112388722219026481152.000000
59112388722219026481152.000000
59112388722219026481152.000000
59112388722219026481152.000000
59112388722219026481152.000000
59112388722219026481152.000000
59112388722219026481152.000000
59112388722219026481152.000000
59112388722219026481152.000000
59112384218619399110656.000000
59112384218619399110656.000000
59112384218619399110656.000000
59112384218619399110656.000000
59112384218619399110656.000000
59112384218619399110656.000000
59112375211420144369664.000000
59112375211420144369664.000000
59112375211420144369664.000000
59112375211420144369664.000000
59112375211420144369664.000000
59112375211420144369664.000000
59112375211420144369664.000000
59112375211420144369664.000000
59112375211420144369664.000000
59112375211420144369664.000000
59112375211420144369664.000000
59112375211420144369664.000000
59112375211420144369664.000000
59112370707820516999168.000000
59112370707820516999168.000000
59112370707820516999168.000000
59112361700621262258176.000000
59112361700621262258176.000000
59112361700621262258176.000000
59112361700621262258176.000000
59112361700621262258176.000000
59112361700621262258176.000000
59112361700621262258176.000000
59112361700621262258176.000000
59112361700621262258176.000000
59112357197021634887680.000000
59112357197021634887680.000000
59112357197021634887680.000000
59112357197021634887680.000000
59112357197021634887680.000000
59112357197021634887680.000000
59112357197021634887680.000000
59112357197021634887680.000000
59112357197021634887680.000000
59112357197021634887680.000000
59112357197021634887680.000000
59112357197021634887680.000000
59112357197021634887680.000000
59112352693422007517184.000000
59112343686222752776192.000000
59112343686222752776192.000000
59112343686222752776192.000000
59112343686222752776192.000000
59112343686222752776192.000000
59112343686222752776192.000000
59112343686222752776192.000000
59112343686222752776192.000000
59112343686222752776192.000000
59112343686222752776192.000000
59112343686222752776192.000000
59112339182623125405696.000000
59112339182623125405696.000000
59112339182623125405696.000000
59112339182623125405696.000000
59112339182623125405696.000000
59112339182623125405696.000000
59112339182623125405696.000000
59112339182623125405696.000000
59112339182623125405696.000000
59112339182623125405696.000000
59112339182623125405696.000000
59112339182623125405696.000000
59112330175423870664704.000000
59112325671824243294208.000000
59112325671824243294208.000000
59112325671824243294208.000000
59112325671824243294208.000000
59112325671824243294208.000000
59112325671824243294208.000000
59112325671824243294208.000000
59112325671824243294208.000000
59112325671824243294208.000000
59112325671824243294208.000000
59112325671824243294208.000000
59112325671824243294208.000000
59112325671824243294208.000000
59112316664624988553216.000000
59112316664624988553216.000000
59112316664624988553216.000000
59112316664624988553216.000000
59112316664624988553216.000000
59112316664624988553216.000000
59112316664624988553216.000000
59112316664624988553216.000000
59112316664624988553216.000000
59112312161025361182720.000000
59112312161025361182720.000000
59112312161025361182720.000000
59112303153826106441728.000000
59112303153826106441728.000000
59112303153826106441728.000000
59112303153826106441728.000000
59112303153826106441728.000000
59112303153826106441728.000000
59112303153826106441728.000000
59112303153826106441728.000000
59112303153826106441728.000000
59112303153826106441728.000000
59112303153826106441728.000000
59112303153826106441728.000000
59112303153826106441728.000000
59112298650226479071232.000000
59112298650226479071232.000000
59112298650226479071232.000000
59112298650226479071232.000000
59112298650226479071232.000000
59112298650226479071232.000000
59112298650226479071232.000000
59112289643027224330240.000000
59112289643027224330240.000000
59112289643027224330240.000000
59112289643027224330240.000000
59112289643027224330240.000000
59112285139427596959744.000000
59112285139427596959744.000000
59112285139427596959744.000000
59112285139427596959744.000000
59112285139427596959744.000000
59112285139427596959744.000000
59112285139427596959744.000000
59112285139427596959744.000000
59112285139427596959744.000000
59112285139427596959744.000000
59112285139427596959744.000000
59112285139427596959744.000000
59112285139427596959744.000000
59112280635827969589248.000000
59112280635827969589248.000000
59112280635827969589248.000000
59112280635827969589248.000000
59112280635827969589248.000000
59112280635827969589248.000000
59112271628628714848256.000000
59112271628628714848256.000000
59112271628628714848256.000000
59112271628628714848256.000000
59112271628628714848256.000000
59112271628628714848256.000000
59112271628628714848256.000000
59112271628628714848256.000000
59112271628628714848256.000000
59112271628628714848256.000000
59112271628628714848256.000000
59112267125029087477760.000000
59112267125029087477760.000000
59112267125029087477760.000000
59112267125029087477760.000000
59112267125029087477760.000000
59112267125029087477760.000000
59112267125029087477760.000000
59112267125029087477760.000000
59112267125029087477760.000000
59112258117829832736768.000000
59112258117829832736768.000000
59112258117829832736768.000000
59112253614230205366272.000000
59112253614230205366272.000000
59112253614230205366272.000000
59112253614230205366272.000000
59112253614230205366272.000000
59112253614230205366272.000000
59112253614230205366272.000000
59112253614230205366272.000000
59112253614230205366272.000000
59112253614230205366272.000000
59112253614230205366272.000000
59112244607030950625280.000000
59112244607030950625280.000000
59112244607030950625280.000000
59112244607030950625280.000000
59112244607030950625280.000000
59112244607030950625280.000000
59112244607030950625280.000000
59112244607030950625280.000000
59112244607030950625280.000000
59112244607030950625280.000000
59112244607030950625280.000000
59112240103431323254784.000000
59112231096232068513792.000000
59112231096232068513792.000000
59112231096232068513792.000000
59112231096232068513792.000000
59112231096232068513792.000000
59112231096232068513792.000000
59112231096232068513792.000000
59112231096232068513792.000000
59112231096232068513792.000000
59112231096232068513792.000000
59112231096232068513792.000000
59112231096232068513792.000000
59112226592632441143296.000000
59112226592632441143296.000000
59112226592632441143296.000000
59112226592632441143296.000000
59112226592632441143296.000000
59112226592632441143296.000000
59112226592632441143296.000000
59112226592632441143296.000000
59112226592632441143296.000000
59112226592632441143296.000000
59112226592632441143296.000000
59112217585433186402304.000000
59112217585433186402304.000000
59112217585433186402304.000000
59112217585433186402304.000000
59112217585433186402304.000000
59112217585433186402304.000000
59112217585433186402304.000000
59112217585433186402304.000000
59112217585433186402304.000000
59112217585433186402304.000000
59112217585433186402304.000000
59112217585433186402304.000000
59112213081833559031808.000000
59112213081833559031808.000000
59112213081833559031808.000000
59112208578233931661312.000000
59112208578233931661312.000000
59112208578233931661312.000000
59112208578233931661312.000000
59112208578233931661312.000000
59112208578233931661312.000000
59112208578233931661312.000000
59112208578233931661312.000000
59112208578233931661312.000000
59112199571034676920320.000000
59112199571034676920320.000000
59112199571034676920320.000000
59112199571034676920320.000000
59112199571034676920320.000000
59112199571034676920320.000000
59112199571034676920320.000000
59112199571034676920320.000000
59112199571034676920320.000000
59112199571034676920320.000000
59112199571034676920320.000000
59112195067435049549824.000000
59112195067435049549824.000000
59112195067435049549824.000000
59112195067435049549824.000000
59112195067435049549824.000000
59112186060235794808832.000000
59112186060235794808832.000000
59112186060235794808832.000000
59112186060235794808832.000000
59112186060235794808832.000000
59112186060235794808832.000000
59112186060235794808832.000000
59112181556636167438336.000000
59112181556636167438336.000000
59112181556636167438336.000000
59112181556636167438336.000000
59112181556636167438336.000000
59112181556636167438336.000000
59112181556636167438336.000000
59092789056640710082560.000000
59092789056640710082560.000000
59092789056640710082560.000000
59092789056640710082560.000000
59092789056640710082560.000000
59092789056640710082560.000000
59092789056640710082560.000000
59092789056640710082560.000000
59092789056640710082560.000000
59092789056640710082560.000000
59092789056640710082560.000000
59092789056640710082560.000000
59092784553041082712064.000000
59092784553041082712064.000000
59092775545841827971072.000000
59092775545841827971072.000000
59092775545841827971072.000000
59092775545841827971072.000000
59092775545841827971072.000000
59092545862260832075776.000000
59092545862260832075776.000000
59092545862260832075776.000000
59092545862260832075776.000000
59092545862260832075776.000000
59092545862260832075776.000000
59092545862260832075776.000000
59092545862260832075776.000000
59092545862260832075776.000000
59092545862260832075776.000000
59092545862260832075776.000000
59092545862260832075776.000000
59092545862260832075776.000000
59092545862260832075776.000000
59092545862260832075776.000000
59092545862260832075776.000000
59092545862260832075776.000000
59092545862260832075776.000000
59092541358661204705280.000000
59092541358661204705280.000000
59092536855061577334784.000000
59092536855061577334784.000000
59092536855061577334784.000000
59092536855061577334784.000000
59092536855061577334784.000000
59092536855061577334784.000000
59092536855061577334784.000000
59092536855061577334784.000000
59092536855061577334784.000000
59092536855061577334784.000000
59092536855061577334784.000000
59092536855061577334784.000000
59092536855061577334784.000000
59092527847862322593792.000000
59092527847862322593792.000000
59092527847862322593792.000000
59092527847862322593792.000000
59092527847862322593792.000000
59092527847862322593792.000000
59092527847862322593792.000000
59092527847862322593792.000000
59092527847862322593792.000000
59092527847862322593792.000000
59092527847862322593792.000000
59092527847862322593792.000000
59092527847862322593792.000000
59092523344262695223296.000000
59092523344262695223296.000000
59092523344262695223296.000000
59092523344262695223296.000000
59092523344262695223296.000000
59092523344262695223296.000000
59092523344262695223296.000000
59092523344262695223296.000000
59092523344262695223296.000000
59092523344262695223296.000000
59092523344262695223296.000000
59092523344262695223296.000000
59092523344262695223296.000000
59092514337063440482304.000000
59092514337063440482304.000000
59092514337063440482304.000000
59092514337063440482304.000000
59092514337063440482304.000000
59092514337063440482304.000000
59092514337063440482304.000000
59092514337063440482304.000000
59092514337063440482304.000000
59092514337063440482304.000000
59092514337063440482304.000000
59092514337063440482304.000000
59092514337063440482304.000000
59092509833463813111808.000000
59092509833463813111808.000000
59092509833463813111808.000000
59092509833463813111808.000000
59092509833463813111808.000000
59092509833463813111808.000000
59092509833463813111808.000000
59092509833463813111808.000000
59092509833463813111808.000000
59092509833463813111808.000000
59092509833463813111808.000000
59092509833463813111808.000000
59092509833463813111808.000000
59092500826264558370816.000000
59092500826264558370816.000000
59092500826264558370816.000000
59092500826264558370816.000000
59092500826264558370816.000000
59092500826264558370816.000000
59092500826264558370816.000000
59092500826264558370816.000000
59092500826264558370816.000000
59092500826264558370816.000000
59092496322664931000320.000000
59092496322664931000320.000000
59092496322664931000320.000000
59092496322664931000320.000000
59092496322664931000320.000000
59092496322664931000320.000000
59092496322664931000320.000000
59092496322664931000320.000000
59092496322664931000320.000000
59092496322664931000320.000000
59092496322664931000320.000000
59092496322664931000320.000000
59092496322664931000320.000000
59092496322664931000320.000000
59092496322664931000320.000000
59092496322664931000320.000000
59092496322664931000320.000000
59092487315465676259328.000000
59092487315465676259328.000000
59092487315465676259328.000000
59092487315465676259328.000000
59092487315465676259328.000000
59092487315465676259328.000000
59092487315465676259328.000000
59092487315465676259328.000000
59092487315465676259328.000000
59092482811866048888832.000000
59092482811866048888832.000000
59092482811866048888832.000000
59092482811866048888832.000000
59092473804666794147840.000000
59092473804666794147840.000000
59092473804666794147840.000000
59092473804666794147840.000000
59092473804666794147840.000000
59092473804666794147840.000000
59092473804666794147840.000000
59092473804666794147840.000000
59092473804666794147840.000000
59092473804666794147840.000000
59092473804666794147840.000000
59092473804666794147840.000000
59092473804666794147840.000000
59092473804666794147840.000000
59092473804666794147840.000000
59092473804666794147840.000000
59092473804666794147840.000000
59092473804666794147840.000000
59092473804666794147840.000000
59092473804666794147840.000000
59092473804666794147840.000000
59092473804666794147840.000000
59092469301067166777344.000000
59092469301067166777344.000000
59092469301067166777344.000000
59092469301067166777344.000000
59092464797467539406848.000000
59092464797467539406848.000000
59092464797467539406848.000000
59092464797467539406848.000000
59092464797467539406848.000000
59092464797467539406848.000000
59092464797467539406848.000000
59092464797467539406848.000000
59092464797467539406848.000000
59092464797467539406848.000000
59092464797467539406848.000000
59092464797467539406848.000000
59092464797467539406848.000000
59092464797467539406848.000000
59092464797467539406848.000000
59092464797467539406848.000000
59092464797467539406848.000000
59092464797467539406848.000000
59092464797467539406848.000000
59092464797467539406848.000000
59092464797467539406848.000000
59092464797467539406848.000000
59092455790268284665856.000000
59092455790268284665856.000000
59092455790268284665856.000000
59092455790268284665856.000000
59092451286668657295360.000000
59092451286668657295360.000000
59092451286668657295360.000000
59092451286668657295360.000000
59092451286668657295360.000000
59092451286668657295360.000000
59092451286668657295360.000000
59092451286668657295360.000000
59092451286668657295360.000000
59092451286668657295360.000000
59092451286668657295360.000000
59092451286668657295360.000000
59092451286668657295360.000000
59092442279469402554368.000000
59092442279469402554368.000000
59092442279469402554368.000000
59092442279469402554368.000000
59092442279469402554368.000000
59092442279469402554368.000000
59092442279469402554368.000000
59092442279469402554368.000000
59092442279469402554368.000000
59092442279469402554368.000000
59092442279469402554368.000000
59092442279469402554368.000000
59092442279469402554368.000000
59092437775869775183872.000000
59092437775869775183872.000000
59092437775869775183872.000000
59092437775869775183872.000000
59092437775869775183872.000000
59092437775869775183872.000000
59092437775869775183872.000000
59092437775869775183872.000000
59092437775869775183872.000000
59092437775869775183872.000000
59092437775869775183872.000000
59092437775869775183872.000000
59092437775869775183872.000000
59092437775869775183872.000000
59092428768670520442880.000000
59092428768670520442880.000000
59092428768670520442880.000000
59092428768670520442880.000000
59092428768670520442880.000000
59092428768670520442880.000000
59092428768670520442880.000000
59092428768670520442880.000000
59092424265070893072384.000000
59092424265070893072384.000000
59092424265070893072384.000000
59092424265070893072384.000000
59092424265070893072384.000000
59092424265070893072384.000000
59092424265070893072384.000000
59092424265070893072384.000000
59092424265070893072384.000000
59092424265070893072384.000000
59092424265070893072384.000000
59092424265070893072384.000000
59092424265070893072384.000000
59092424265070893072384.000000
59092424265070893072384.000000
59092424265070893072384.000000
59092424265070893072384.000000
59092424265070893072384.000000
59092415257871638331392.000000
59092415257871638331392.000000
59092415257871638331392.000000
59092415257871638331392.000000
59092415257871638331392.000000
59092415257871638331392.000000
59092415257871638331392.000000
59092415257871638331392.000000
59092410754272010960896.000000
59092410754272010960896.000000
59092410754272010960896.000000
59092410754272010960896.000000
59092410754272010960896.000000
59092410754272010960896.000000
59092410754272010960896.000000
59092410754272010960896.000000
59092410754272010960896.000000
59092410754272010960896.000000
59092410754272010960896.000000
59092410754272010960896.000000
59092410754272010960896.000000
59092410754272010960896.000000
59092410754272010960896.000000
59092410754272010960896.000000
59092410754272010960896.000000
59092410754272010960896.000000
59092410754272010960896.000000
59092401747072756219904.000000
59092401747072756219904.000000
59092401747072756219904.000000
59092401747072756219904.000000
59092401747072756219904.000000
59092401747072756219904.000000
59092401747072756219904.000000
59092397243473128849408.000000
59092397243473128849408.000000
59092397243473128849408.000000
59092397243473128849408.000000
59092397243473128849408.000000
59092397243473128849408.000000
59092392739873501478912.000000
59092392739873501478912.000000
59092392739873501478912.000000
59092392739873501478912.000000
59092392739873501478912.000000
59092392739873501478912.000000
59092392739873501478912.000000
59092392739873501478912.000000
59092392739873501478912.000000
59092392739873501478912.000000
59092392739873501478912.000000
59092392739873501478912.000000
59092392739873501478912.000000
59092392739873501478912.000000
59092392739873501478912.000000
59092392739873501478912.000000
59092392739873501478912.000000
59092392739873501478912.000000
59092392739873501478912.000000
59092392739873501478912.000000
59092383732674246737920.000000
59092383732674246737920.000000
59092383732674246737920.000000
59092383732674246737920.000000
59092383732674246737920.000000
59092383732674246737920.000000
59092383732674246737920.000000
59092379229074619367424.000000
59092379229074619367424.000000
59092379229074619367424.000000
59092379229074619367424.000000
59092379229074619367424.000000
59092379229074619367424.000000
59092379229074619367424.000000
59092379229074619367424.000000
59092379229074619367424.000000
59092379229074619367424.000000
59092379229074619367424.000000
59092379229074619367424.000000
59092379229074619367424.000000
59092370221875364626432.000000
59092370221875364626432.000000
59092370221875364626432.000000
59092370221875364626432.000000
59092370221875364626432.000000
59092370221875364626432.000000
59092370221875364626432.000000
59092370221875364626432.000000
59092370221875364626432.000000
59092370221875364626432.000000
59092370221875364626432.000000
59092370221875364626432.000000
59092370221875364626432.000000
59092370221875364626432.000000
59092365718275737255936.000000
59092365718275737255936.000000
59092365718275737255936.000000
59092365718275737255936.000000
59092365718275737255936.000000
59092365718275737255936.000000
59092365718275737255936.000000
59092365718275737255936.000000
59092365718275737255936.000000
59092365718275737255936.000000
59092365718275737255936.000000
59092365718275737255936.000000
59092365718275737255936.000000
59092356711076482514944.000000
59092356711076482514944.000000
59092356711076482514944.000000
59092356711076482514944.000000
59092356711076482514944.000000
59092356711076482514944.000000
59092356711076482514944.000000
59092356711076482514944.000000
59092356711076482514944.000000
59092356711076482514944.000000
59092356711076482514944.000000
59092356711076482514944.000000
59092356711076482514944.000000
59092352207476855144448.000000
59092352207476855144448.000000
59092352207476855144448.000000
59092352207476855144448.000000
59092352207476855144448.000000
59092352207476855144448.000000
59092352207476855144448.000000
59092352207476855144448.000000
59092352207476855144448.000000
59092352207476855144448.000000
59092352207476855144448.000000
59092352207476855144448.000000
59092352207476855144448.000000
59092352207476855144448.000000
59092343200277600403456.000000
59092343200277600403456.000000
59092343200277600403456.000000
59092343200277600403456.000000
59092338696677973032960.000000
59092338696677973032960.000000
59092338696677973032960.000000
59092338696677973032960.000000
59092338696677973032960.000000
59092338696677973032960.000000
59092338696677973032960.000000
59092338696677973032960.000000
59092338696677973032960.000000
59092338696677973032960.000000
59092338696677973032960.000000
59092338696677973032960.000000
59092338696677973032960.000000
59092338696677973032960.000000
59092338696677973032960.000000
59092338696677973032960.000000
59092338696677973032960.000000
59092338696677973032960.000000
59092338696677973032960.000000
59092338696677973032960.000000
59092338696677973032960.000000
59092338696677973032960.000000
59092338696677973032960.000000
59092329689478718291968.000000
59092329689478718291968.000000
59092329689478718291968.000000
59092325185879090921472.000000
59092325185879090921472.000000
59092325185879090921472.000000
59092325185879090921472.000000
59092325185879090921472.000000
59092325185879090921472.000000
59092325185879090921472.000000
59092325185879090921472.000000
59092325185879090921472.000000
59092325185879090921472.000000
59092320682279463550976.000000
59092320682279463550976.000000
59092320682279463550976.000000
59092320682279463550976.000000
59092320682279463550976.000000
59092320682279463550976.000000
59092320682279463550976.000000
59092320682279463550976.000000
59092320682279463550976.000000
59092320682279463550976.000000
59092320682279463550976.000000
59092320682279463550976.000000
59092320682279463550976.000000
59092320682279463550976.000000
59092320682279463550976.000000
59092320682279463550976.000000
59092311675080208809984.000000
59092311675080208809984.000000
59092311675080208809984.000000
59092311675080208809984.000000
59092311675080208809984.000000
59092311675080208809984.000000
59092311675080208809984.000000
59092311675080208809984.000000
59092311675080208809984.000000
59092311675080208809984.000000
59092311675080208809984.000000
59092311675080208809984.000000
59092307171480581439488.000000
59092307171480581439488.000000
59092307171480581439488.000000
59092307171480581439488.000000
59092307171480581439488.000000
59092307171480581439488.000000
59092307171480581439488.000000
59092307171480581439488.000000
59092307171480581439488.000000
59092307171480581439488.000000
59092307171480581439488.000000
59092307171480581439488.000000
59092307171480581439488.000000
59092307171480581439488.000000
59092298164281326698496.000000
59092298164281326698496.000000
59092298164281326698496.000000
59092298164281326698496.000000
59092298164281326698496.000000
59092298164281326698496.000000
59092298164281326698496.000000
59092298164281326698496.000000
59092298164281326698496.000000
59092298164281326698496.000000
59092298164281326698496.000000
59092298164281326698496.000000
59092298164281326698496.000000
59092293660681699328000.000000
59092293660681699328000.000000
59092293660681699328000.000000
59092293660681699328000.000000
59092293660681699328000.000000
59092293660681699328000.000000
59092293660681699328000.000000
59092293660681699328000.000000
59092293660681699328000.000000
59092293660681699328000.000000
59092293660681699328000.000000
59092293660681699328000.000000
59092293660681699328000.000000
59092284653482444587008.000000
59092284653482444587008.000000
59092284653482444587008.000000
59092284653482444587008.000000
59092284653482444587008.000000
59092284653482444587008.000000
59092284653482444587008.000000
59092284653482444587008.000000
59092284653482444587008.000000
59092284653482444587008.000000
59092284653482444587008.000000
59092284653482444587008.000000
59092284653482444587008.000000
59092284653482444587008.000000
59092280149882817216512.000000
59092280149882817216512.000000
59092280149882817216512.000000
59092280149882817216512.000000
59092280149882817216512.000000
59092280149882817216512.000000
59092280149882817216512.000000
59092280149882817216512.000000
59092280149882817216512.000000
59092280149882817216512.000000
59092280149882817216512.000000
59092280149882817216512.000000
59092280149882817216512.000000
59092271142683562475520.000000
59092266639083935105024.000000
59092266639083935105024.000000
59092266639083935105024.000000
59092266639083935105024.000000
59092266639083935105024.000000
59092266639083935105024.000000
59092266639083935105024.000000
59092266639083935105024.000000
59092266639083935105024.000000
59092266639083935105024.000000
59092266639083935105024.000000
59092266639083935105024.000000
59092266639083935105024.000000
59092266639083935105024.000000
59092266639083935105024.000000
59092266639083935105024.000000
59092266639083935105024.000000
59092266639083935105024.000000
59092266639083935105024.000000
59092266639083935105024.000000
59092266639083935105024.000000
59092266639083935105024.000000
59092266639083935105024.000000
59092266639083935105024.000000
59092266639083935105024.000000
59092257631884680364032.000000
59092257631884680364032.000000
59092253128285052993536.000000
59092253128285052993536.000000
59092253128285052993536.000000
59092253128285052993536.000000
59092253128285052993536.000000
59092253128285052993536.000000
59092253128285052993536.000000
59092253128285052993536.000000
59092253128285052993536.000000
59092253128285052993536.000000
59092253128285052993536.000000
59092253128285052993536.000000
59092253128285052993536.000000
59092253128285052993536.000000
59092253128285052993536.000000
59092253128285052993536.000000
59092253128285052993536.000000
59092253128285052993536.000000
59092253128285052993536.000000
59092253128285052993536.000000
59092253128285052993536.000000
59092253128285052993536.000000
59092253128285052993536.000000
59092253128285052993536.000000
59092248624685425623040.000000
59092248624685425623040.000000
59092248624685425623040.000000
59092239617486170882048.000000
59092239617486170882048.000000
59092239617486170882048.000000
59092239617486170882048.000000
59092239617486170882048.000000
59092239617486170882048.000000
59092239617486170882048.000000
59092239617486170882048.000000
59092239617486170882048.000000
59092239617486170882048.000000
59092239617486170882048.000000
59092239617486170882048.000000
59092239617486170882048.000000
59092239617486170882048.000000
59092235113886543511552.000000
59092235113886543511552.000000
59092235113886543511552.000000
59092235113886543511552.000000
59092235113886543511552.000000
59092235113886543511552.000000
59092235113886543511552.000000
59092235113886543511552.000000
59092235113886543511552.000000
59092235113886543511552.000000
59092235113886543511552.000000
59092235113886543511552.000000
59092235113886543511552.000000
59092235113886543511552.000000
59092226106687288770560.000000
59092226106687288770560.000000
59092226106687288770560.000000
59092226106687288770560.000000
59092226106687288770560.000000
59092226106687288770560.000000
59092226106687288770560.000000
59092226106687288770560.000000
59092226106687288770560.000000
59092226106687288770560.000000
59092226106687288770560.000000
59092226106687288770560.000000
59092226106687288770560.000000
59092226106687288770560.000000
59092226106687288770560.000000
59092226106687288770560.000000
59092226106687288770560.000000
59092226106687288770560.000000
59092226106687288770560.000000
59092226106687288770560.000000
59092226106687288770560.000000
59092226106687288770560.000000
59092212595888406659072.000000
59092212595888406659072.000000
59092212595888406659072.000000
59092212595888406659072.000000
59092212595888406659072.000000
59092212595888406659072.000000
59092212595888406659072.000000
59092212595888406659072.000000
59092212595888406659072.000000
59092212595888406659072.000000
59092212595888406659072.000000
59092212595888406659072.000000
59092212595888406659072.000000
59092212595888406659072.000000
59092212595888406659072.000000
59092212595888406659072.000000
59092212595888406659072.000000
59092212595888406659072.000000
59092212595888406659072.000000
59092212595888406659072.000000
59092212595888406659072.000000
59092212595888406659072.000000
59092212595888406659072.000000
59092212595888406659072.000000
59092212595888406659072.000000
59092212595888406659072.000000
59092212595888406659072.000000
59092212595888406659072.000000
59092212595888406659072.000000
59092212595888406659072.000000
59092208092288779288576.000000
59092208092288779288576.000000
59092208092288779288576.000000
59092208092288779288576.000000
59092208092288779288576.000000
59092208092288779288576.000000
59092208092288779288576.000000
59092208092288779288576.000000
59092208092288779288576.000000
59092208092288779288576.000000
59092208092288779288576.000000
59092208092288779288576.000000
59092208092288779288576.000000
59092208092288779288576.000000
59092208092288779288576.000000
59092208092288779288576.000000
59092208092288779288576.000000
59092208092288779288576.000000
59092208092288779288576.000000
59092208092288779288576.000000
59092208092288779288576.000000
59092208092288779288576.000000
59092199085089524547584.000000
59092199085089524547584.000000
59092199085089524547584.000000
59092199085089524547584.000000
59092199085089524547584.000000
59092199085089524547584.000000
59092199085089524547584.000000
59092199085089524547584.000000
59092199085089524547584.000000
59092199085089524547584.000000
59092199085089524547584.000000
59092199085089524547584.000000
59092199085089524547584.000000
59092199085089524547584.000000
59092199085089524547584.000000
59092199085089524547584.000000
59092199085089524547584.000000
59092199085089524547584.000000
59092199085089524547584.000000
59092199085089524547584.000000
59092199085089524547584.000000
59092199085089524547584.000000
59092199085089524547584.000000
59092199085089524547584.000000
59092199085089524547584.000000
59092199085089524547584.000000
59092199085089524547584.000000
59092194581489897177088.000000
59092194581489897177088.000000
59092194581489897177088.000000
59092194581489897177088.000000
59092194581489897177088.000000
59092194581489897177088.000000
59092194581489897177088.000000
59092194581489897177088.000000
59092194581489897177088.000000
59092194581489897177088.000000
59092194581489897177088.000000
59092185574290642436096.000000
59092185574290642436096.000000
59092185574290642436096.000000
59092185574290642436096.000000
59092185574290642436096.000000
59092185574290642436096.000000
59092185574290642436096.000000
59092185574290642436096.000000
59092185574290642436096.000000
59092185574290642436096.000000
59092185574290642436096.000000
59092185574290642436096.000000
59092185574290642436096.000000
59092185574290642436096.000000
59092185574290642436096.000000
59092181070691015065600.000000
59092181070691015065600.000000
59092181070691015065600.000000
59092181070691015065600.000000
59092181070691015065600.000000
59092181070691015065600.000000
59092181070691015065600.000000
59092181070691015065600.000000
59092181070691015065600.000000
59092181070691015065600.000000
59092181070691015065600.000000
59092181070691015065600.000000
59092181070691015065600.000000
59092181070691015065600.000000
59092181070691015065600.000000
59092181070691015065600.000000
59092181070691015065600.000000
59092181070691015065600.000000
59092181070691015065600.000000
59092181070691015065600.000000
59092181070691015065600.000000
59092181070691015065600.000000
59092181070691015065600.000000
59092181070691015065600.000000
59092181070691015065600.000000
59092181070691015065600.000000
59092181070691015065600.000000
59092176567091387695104.000000
59092176567091387695104.000000
59092176567091387695104.000000
59092176567091387695104.000000
59092176567091387695104.000000
59092176567091387695104.000000
59092176567091387695104.000000
59092176567091387695104.000000
59092176567091387695104.000000
59092176567091387695104.000000
59092176567091387695104.000000
59092176567091387695104.000000
59092176567091387695104.000000
59092176567091387695104.000000
59092176567091387695104.000000
59092176567091387695104.000000
59092176567091387695104.000000
59092176567091387695104.000000
59092176567091387695104.000000
59092167559892132954112.000000
59092167559892132954112.000000
59092167559892132954112.000000
59092167559892132954112.000000
59092167559892132954112.000000
59092167559892132954112.000000
59092167559892132954112.000000
59092163056292505583616.000000
59092163056292505583616.000000
59092163056292505583616.000000
59092163056292505583616.000000
59092163056292505583616.000000
59092163056292505583616.000000
59092163056292505583616.000000
59092163056292505583616.000000
59092163056292505583616.000000
59092163056292505583616.000000
59092163056292505583616.000000
59092163056292505583616.000000
59092163056292505583616.000000
59092163056292505583616.000000
59092163056292505583616.000000
59092163056292505583616.000000
59092163056292505583616.000000
59092163056292505583616.000000
59092163056292505583616.000000
59092163056292505583616.000000
59092163056292505583616.000000
59092163056292505583616.000000
59092163056292505583616.000000
59092163056292505583616.000000
59092163056292505583616.000000
59092163056292505583616.000000
59092163056292505583616.000000
59092154049093250842624.000000
59092154049093250842624.000000
59092154049093250842624.000000
59092154049093250842624.000000
59092154049093250842624.000000
59092154049093250842624.000000
59092154049093250842624.000000
59092154049093250842624.000000
59092154049093250842624.000000
59092154049093250842624.000000
59092154049093250842624.000000
59092154049093250842624.000000
59092154049093250842624.000000
59092154049093250842624.000000
59092154049093250842624.000000
59092154049093250842624.000000
59092154049093250842624.000000
59092154049093250842624.000000
59092154049093250842624.000000
59092154049093250842624.000000
59092154049093250842624.000000
59092154049093250842624.000000
59092154049093250842624.000000
59092154049093250842624.000000
59092154049093250842624.000000
59092154049093250842624.000000
59092149545493623472128.000000
59092149545493623472128.000000
59092149545493623472128.000000
59092149545493623472128.000000
59092149545493623472128.000000
59092149545493623472128.000000
59092149545493623472128.000000
59092149545493623472128.000000
59092149545493623472128.000000
59092149545493623472128.000000
59092149545493623472128.000000
59092149545493623472128.000000
59092149545493623472128.000000
59092149545493623472128.000000
59092149545493623472128.000000
59092149545493623472128.000000
59092149545493623472128.000000
59092149545493623472128.000000
59092149545493623472128.000000
59092149545493623472128.000000
59092149545493623472128.000000
59092149545493623472128.000000
59092149545493623472128.000000
59092149545493623472128.000000
59092149545493623472128.000000
59092149545493623472128.000000
59092149545493623472128.000000
59092140538294368731136.000000
59092140538294368731136.000000
59092140538294368731136.000000
59092140538294368731136.000000
59092136034694741360640.000000
59092136034694741360640.000000
59092136034694741360640.000000
59092136034694741360640.000000
59092136034694741360640.000000
59092136034694741360640.000000
59092136034694741360640.000000
59092136034694741360640.000000
59092136034694741360640.000000
59092136034694741360640.000000
59092136034694741360640.000000
59092136034694741360640.000000
59092136034694741360640.000000
59092136034694741360640.000000
59092136034694741360640.000000
59092136034694741360640.000000
59092136034694741360640.000000
59092136034694741360640.000000
59092136034694741360640.000000
59092136034694741360640.000000
59092136034694741360640.000000
59092136034694741360640.000000
59092127027495486619648.000000
59092127027495486619648.000000
59092127027495486619648.000000
59092127027495486619648.000000
59092127027495486619648.000000
59092127027495486619648.000000
59092127027495486619648.000000
59092127027495486619648.000000
59092127027495486619648.000000
59092127027495486619648.000000
59092127027495486619648.000000
59092127027495486619648.000000
59092127027495486619648.000000
59092127027495486619648.000000
59092127027495486619648.000000
59092127027495486619648.000000
59092127027495486619648.000000
59092127027495486619648.000000
59092127027495486619648.000000
59092127027495486619648.000000
59092127027495486619648.000000
59092127027495486619648.000000
59092127027495486619648.000000
59092127027495486619648.000000
59092127027495486619648.000000
59092127027495486619648.000000
59092127027495486619648.000000
59092122523895859249152.000000
59092122523895859249152.000000
59092122523895859249152.000000
59092122523895859249152.000000
59092122523895859249152.000000
59092122523895859249152.000000
59092122523895859249152.000000
59092122523895859249152.000000
59092122523895859249152.000000
59092122523895859249152.000000
59092122523895859249152.000000
59092122523895859249152.000000
59092113516696604508160.000000
59092113516696604508160.000000
59092113516696604508160.000000
59092113516696604508160.000000
59092113516696604508160.000000
59092113516696604508160.000000
59092113516696604508160.000000
59092113516696604508160.000000
59092113516696604508160.000000
59092113516696604508160.000000
59092113516696604508160.000000
59092113516696604508160.000000
59092113516696604508160.000000
59092113516696604508160.000000
59092113516696604508160.000000
59092109013096977137664.000000
59092109013096977137664.000000
59092109013096977137664.000000
59092109013096977137664.000000
59092109013096977137664.000000
59092109013096977137664.000000
59092109013096977137664.000000
59092109013096977137664.000000
59092109013096977137664.000000
59092109013096977137664.000000
59092109013096977137664.000000
59092109013096977137664.000000
59092109013096977137664.000000
59092109013096977137664.000000
59092109013096977137664.000000
59092109013096977137664.000000
59092109013096977137664.000000
59092109013096977137664.000000
59092109013096977137664.000000
59092109013096977137664.000000
59092109013096977137664.000000
59092109013096977137664.000000
59092109013096977137664.000000
59092109013096977137664.000000
59092109013096977137664.000000
59092109013096977137664.000000
59092104509497349767168.000000
59092104509497349767168.000000
59092104509497349767168.000000
59092104509497349767168.000000
59092104509497349767168.000000
59092104509497349767168.000000
59092104509497349767168.000000
59092104509497349767168.000000
59092104509497349767168.000000
59092104509497349767168.000000
59092104509497349767168.000000
59092104509497349767168.000000
59092104509497349767168.000000
59092104509497349767168.000000
59092104509497349767168.000000
59092104509497349767168.000000
59092104509497349767168.000000
59092104509497349767168.000000
59092104509497349767168.000000
59092104509497349767168.000000
59092095502298095026176.000000
59092095502298095026176.000000
59092095502298095026176.000000
59092095502298095026176.000000
59092095502298095026176.000000
59092095502298095026176.000000
59092095502298095026176.000000
59092095502298095026176.000000
59092095502298095026176.000000
59092095502298095026176.000000
59092095502298095026176.000000
59092095502298095026176.000000
59092095502298095026176.000000
59092095502298095026176.000000
59092095502298095026176.000000
59092095502298095026176.000000
59130857984290872885248.000000
59130857984290872885248.000000
59130857984290872885248.000000
59130857984290872885248.000000
59130857984290872885248.000000
59130857984290872885248.000000
59130857984290872885248.000000
59130857984290872885248.000000
59130857984290872885248.000000
59130857984290872885248.000000
59130857984290872885248.000000
59130857984290872885248.000000
59130857984290872885248.000000
59130857984290872885248.000000
59130857984290872885248.000000
59130857984290872885248.000000
59130857984290872885248.000000
59130857984290872885248.000000
59130857984290872885248.000000
59130857984290872885248.000000
59130857984290872885248.000000
59130857984290872885248.000000
59130857984290872885248.000000
59130857984290872885248.000000
59130857984290872885248.000000
59130857984290872885248.000000
59130857984290872885248.000000
59130857984290872885248.000000
59130857984290872885248.000000
59130848977091618144256.000000
59130848977091618144256.000000
59130848977091618144256.000000
59130848977091618144256.000000
59130848977091618144256.000000
59130848977091618144256.000000
59130848977091618144256.000000
59130844473491990773760.000000
59130844473491990773760.000000
59130844473491990773760.000000
59130844473491990773760.000000
59130844473491990773760.000000
59130844473491990773760.000000
59130844473491990773760.000000
59130844473491990773760.000000
59130844473491990773760.000000
59130844473491990773760.000000
59130844473491990773760.000000
59130844473491990773760.000000
59130844473491990773760.000000
59130844473491990773760.000000
59130844473491990773760.000000
59130844473491990773760.000000
59130844473491990773760.000000
59130844473491990773760.000000
59130844473491990773760.000000
59130844473491990773760.000000
59130844473491990773760.000000
59130844473491990773760.000000
59130844473491990773760.000000
59130844473491990773760.000000
59130835466292736032768.000000
