1 2 0.947493
1 3 0.871844
1 5 0.917647
1 8 0.985468
1 12 0.826854
1 16 0.884403
1 17 0.948097
1 19 0.985548
2 1 0.947493
2 8 0.973875
2 19 0.973301
3 1 0.871844
3 8 0.923306
4 17 0.500000
5 1 0.917647
5 8 0.961960
8 1 0.985468
8 2 0.973875
8 3 0.923306
8 5 0.961960
8 12 0.886436
8 13 0.987746
8 14 0.997184
8 15 0.846705
8 16 0.927279
8 17 0.973781
8 19 0.994490
10 19 0.500000
12 1 0.826854
12 8 0.886436
13 8 0.987746
14 8 0.997184
15 8 0.846705
16 1 0.884403
16 8 0.927279
17 1 0.948097
17 4 0.500000
17 8 0.973781
17 19 0.974175
18 19 0.984558
19 1 0.985548
19 2 0.973301
19 8 0.994490
19 10 0.500000
19 17 0.974175
19 18 0.984558
1 1 0.967395
1 4 0.500000
1 6 0.998925
1 7 0.502099
1 9 0.658605
1 10 0.500000
1 11 0.823728
1 13 0.959163
1 14 0.990082
1 15 0.788318
1 18 0.960591
2 2 0.923478
2 3 0.836985
2 4 0.500000
2 5 0.894353
2 6 0.995831
2 7 0.501738
2 9 0.640382
2 10 0.500000
2 11 0.787072
2 12 0.792257
2 13 0.946575
2 14 0.977603
2 15 0.756444
2 16 0.848776
2 17 0.923028
2 18 0.936482
3 2 0.836985
3 3 0.783413
3 4 0.500000
3 5 0.802960
3 6 0.991067
3 7 0.501637
3 9 0.588566
3 10 0.500000
3 11 0.708888
3 12 0.724330
3 13 0.860793
3 14 0.950624
3 15 0.686933
3 16 0.768461
3 17 0.837744
3 18 0.849662
3 19 0.913944
4 1 0.500000
4 2 0.500000
4 3 0.500000
4 4 0.500000
4 5 0.500000
4 6 0.500000
4 7 0.500000
4 8 0.500000
4 9 0.500000
4 10 0.500000
4 11 0.500000
4 12 0.500000
4 13 0.500000
4 14 0.500000
4 15 0.500000
4 16 0.500000
4 18 0.500000
4 19 0.500000
5 2 0.894353
5 3 0.802960
5 4 0.500000
5 5 0.904776
5 6 0.983033
5 7 0.501724
5 9 0.634470
5 10 0.500000
5 11 0.762388
5 12 0.772991
5 13 0.967214
5 14 0.949953
5 15 0.739127
5 16 0.805577
5 17 0.888903
5 18 0.884652
5 19 0.948951
6 1 0.998925
6 2 0.995831
6 3 0.991067
6 4 0.500000
6 5 0.983033
6 6 1.000000
6 7 0.507394
6 8 0.999838
6 9 0.796826
6 10 0.500000
6 11 0.957573
6 12 0.965269
6 13 0.996274
6 14 1.000000
6 15 0.928996
6 16 0.988735
6 17 0.997015
6 18 0.999434
6 19 0.999876
7 1 0.502099
7 2 0.501738
7 3 0.501637
7 4 0.500000
7 5 0.501724
7 6 0.507394
7 7 0.500024
7 8 0.503069
7 9 0.500272
7 10 0.500000
7 11 0.501216
7 12 0.501472
7 13 0.503525
7 14 0.505077
7 15 0.500945
7 16 0.501255
7 17 0.501819
7 18 0.501730
7 19 0.502519
8 4 0.500000
8 6 0.999838
8 7 0.503069
8 8 0.995537
8 9 0.696044
8 10 0.500000
8 11 0.879644
8 18 0.978896
9 1 0.658605
9 2 0.640382
9 3 0.588566
9 4 0.500000
9 5 0.634470
9 6 0.796826
9 7 0.500272
9 8 0.696044
9 9 0.546707
9 10 0.500000
9 11 0.569354
9 12 0.578411
9 13 0.709722
9 14 0.738731
9 15 0.563387
9 16 0.592998
9 17 0.639593
9 18 0.651633
9 19 0.699731
10 1 0.500000
10 2 0.500000
10 3 0.500000
10 4 0.500000
10 5 0.500000
10 6 0.500000
10 7 0.500000
10 8 0.500000
10 9 0.500000
10 10 0.500000
10 11 0.500000
10 12 0.500000
10 13 0.500000
10 14 0.500000
10 15 0.500000
10 16 0.500000
10 17 0.500000
10 18 0.500000
11 1 0.823728
11 2 0.787072
11 3 0.708888
11 4 0.500000
11 5 0.762388
11 6 0.957573
11 7 0.501216
11 8 0.879644
11 9 0.569354
11 10 0.500000
11 11 0.706115
11 12 0.678291
11 13 0.828812
11 14 0.891927
11 15 0.652776
11 16 0.720371
11 17 0.786794
11 18 0.791066
11 19 0.862454
12 2 0.792257
12 3 0.724330
12 4 0.500000
12 5 0.772991
12 6 0.965269
12 7 0.501472
12 9 0.578411
12 10 0.500000
12 11 0.678291
12 12 0.702725
12 13 0.859939
12 14 0.933349
12 15 0.658759
12 16 0.717798
12 17 0.794440
12 18 0.799022
12 19 0.872847
13 1 0.959163
13 2 0.946575
13 3 0.860793
13 4 0.500000
13 5 0.967214
13 6 0.996274
13 7 0.503525
13 9 0.709722
13 10 0.500000
13 11 0.828812
13 12 0.859939
13 13 0.999300
13 14 0.994675
13 15 0.801826
13 16 0.848557
13 17 0.942944
13 18 0.923722
13 19 0.979787
14 1 0.990082
14 2 0.977603
14 3 0.950624
14 4 0.500000
14 5 0.949953
14 6 1.000000
14 7 0.505077
14 9 0.738731
14 10 0.500000
14 11 0.891927
14 12 0.933349
14 13 0.994675
14 14 0.999998
14 15 0.860088
14 16 0.943669
14 17 0.982414
14 18 0.992696
14 19 0.997882
15 1 0.788318
15 2 0.756444
15 3 0.686933
15 4 0.500000
15 5 0.739127
15 6 0.928996
15 7 0.500945
15 9 0.563387
15 10 0.500000
15 11 0.652776
15 12 0.658759
15 13 0.801826
15 14 0.860088
15 15 0.634405
15 16 0.690100
15 17 0.755277
15 18 0.761089
15 19 0.832177
16 2 0.848776
16 3 0.768461
16 4 0.500000
16 5 0.805577
16 6 0.988735
16 7 0.501255
16 9 0.592998
16 10 0.500000
16 11 0.720371
16 12 0.717798
16 13 0.848557
16 14 0.943669
16 15 0.690100
16 16 0.778653
16 17 0.849927
16 18 0.870090
16 19 0.925136
17 2 0.923028
17 3 0.837744
17 5 0.888903
17 6 0.997015
17 7 0.501819
17 9 0.639593
17 10 0.500000
17 11 0.786794
17 12 0.794440
17 13 0.942944
17 14 0.982414
17 15 0.755277
17 16 0.849927
17 17 0.923912
17 18 0.939399
18 1 0.960591
18 2 0.936482
18 3 0.849662
18 4 0.500000
18 5 0.884652
18 6 0.999434
18 7 0.501730
18 8 0.978896
18 9 0.651633
18 10 0.500000
18 11 0.791066
18 12 0.799022
18 13 0.923722
18 14 0.992696
18 15 0.761089
18 16 0.870090
18 17 0.939399
18 18 0.967123
19 3 0.913944
19 4 0.500000
19 5 0.948951
19 6 0.999876
19 7 0.502519
19 9 0.699731
19 11 0.862454
19 12 0.872847
19 13 0.979787
19 14 0.997882
19 15 0.832177
19 16 0.925136
19 19 0.995333
