1.596979
2.729626
1.906659
1.680278
2.544801
2.386528
1.950206
2.052407
2.648682
2.270399
2.157488
1.885975
2.073352
2.396576
2.954748
1.561615
2.795970
1.911567
2.721235
2.794575
2.326004
2.084861
1.836907
1.848976
2.229618
2.341346
2.318560
2.366187
3.180079
2.148528
1.724370
2.014553
1.967579
1.976264
1.971269
1.723645
1.868515
2.004777
1.874958
1.456535
1.772307
1.969253
1.735280
2.864224
1.604035
2.396211
1.917671
1.377632
2.192975
1.741007
2.645308
2.414819
1.892444
1.979177
2.420091
1.838476
2.009160
2.792159
1.822896
1.534207
1.976862
2.123618
2.355873
2.455207
1.830306
2.065936
2.288388
2.714043
2.491159
2.240614
1.625972
2.344290
1.789567
2.343571
2.504576
1.350355
2.133341
1.884143
2.296272
1.868128
1.701439
2.469583
1.715041
1.908924
1.547805
1.830598
1.715796
2.561480
2.414265
2.220502
1.541723
2.071317
1.883428
2.214531
2.179950
1.826824
1.411318
1.676227
2.028899
2.122308
2.024246
1.697741
2.425331
2.209841
1.830075
1.921155
1.541345
2.294415
2.627409
1.832248
1.521899
1.554140
1.715632
1.570974
1.597466
2.012240
1.775418
2.551143
1.774943
2.205198
2.160535
2.484462
1.645321
2.069860
1.945233
2.225633
1.790835
2.272212
2.290454
1.489995
2.791756
1.817182
2.570194
1.680241
1.974099
1.945781
1.320742
2.615884
1.619985
2.122317
1.999207
1.722760
2.311750
2.329015
1.617141
1.770222
1.983311
1.716960
1.919535
1.953190
1.968146
1.732500
2.330341
1.610650
1.828921
2.063886
1.371167
1.664276
1.330705
1.563331
