3.037930
2.496543
3.142208
3.332548
2.849694
1.860059
2.666105
2.492856
2.123264
3.185691
3.203436
2.527589
2.046657
2.842820
2.181448
2.059020
2.964063
2.431122
2.489622
1.900885
2.959140
2.245770
1.785903
1.991001
1.807517
2.933299
2.165246
2.984699
2.711127
3.415268
2.103136
2.623065
1.945546
2.027850
2.037512
3.741809
2.427202
3.047498
2.791628
2.679922
3.473929
2.162652
2.674176
4.125484
1.994782
1.926525
2.193051
2.049711
2.291075
2.388608
3.641076
3.243711
2.314113
3.548726
2.227325
2.410923
2.312442
2.211092
1.959171
2.379098
2.153503
4.181927
2.690384
3.433149
1.834383
1.994265
3.587149
2.010866
2.698851
2.402414
2.011071
2.158893
2.249301
2.766057
4.014544
1.819018
2.657680
2.061713
2.386837
2.558439
2.289293
2.707357
3.463863
2.957980
2.195378
2.840834
2.657839
2.355732
3.456053
2.418667
2.841861
2.105742
3.163609
2.895844
2.630655
2.490465
1.730904
1.716052
2.008518
3.298476
2.518777
2.165406
3.108839
2.682152
1.909295
2.200336
2.130971
2.463481
2.299269
2.571955
2.429498
1.971227
2.023822
2.503353
1.932192
2.305080
2.715279
2.306386
2.898272
3.328639
2.279875
1.858699
1.951052
2.374614
2.972195
2.541169
2.110441
2.022082
2.161795
2.192305
2.009454
1.985464
2.539124
2.018638
2.001139
1.383522
2.603039
2.281240
2.605756
2.749551
3.255942
1.916566
2.769504
2.171437
2.465986
2.364810
1.990333
2.017137
1.744936
2.380805
2.207082
2.497073
3.498748
2.199394
2.422371
2.567633
1.740561
2.203589
1.939239
2.461625
2.239897
1.842458
1.875356
2.320050
2.853101
2.390347
2.379142
2.193079
1.548293
2.302938
2.485210
2.251106
2.153533
1.518872
2.140371
2.425187
2.189509
3.169018
2.515865
2.060384
2.083166
3.002609
1.725001
2.150056
1.990718
1.753590
2.756119
1.521245
2.128660
2.302916
2.222647
1.818019
2.008841
1.838085
2.020788
1.921559
2.233061
2.242521
2.686104
2.515507
2.084273
1.937950
3.334342
1.504344
2.548574
3.653117
3.110795
2.792914
2.671751
2.538102
2.001727
1.358229
1.870098
1.710029
2.512835
2.084452
2.232006
1.809176
2.670839
2.694275
2.555683
1.815992
2.347713
2.867087
1.742423
1.898084
1.408413
1.770850
2.198160
2.551959
2.821233
2.235470
2.681734
2.555261
2.361922
1.766066
2.062788
2.133506
2.897350
2.380455
2.753479
2.397935
2.406374
2.836630
2.823897
2.059009
2.390090
2.121842
3.144158
2.705181
2.584617
2.287170
2.538060
2.639190
2.366073
1.840852
1.414927
1.525385
1.939687
2.204001
1.896833
2.266243
2.547642
1.823192
1.967111
2.434327
2.523813
2.778296
1.837505
2.451242
1.928510
1.948469
2.538118
2.790122
2.109035
1.918705
2.105768
2.874855
2.584316
1.642925
2.508609
2.581816
2.200291
1.960814
2.657235
2.814107
2.480155
2.523642
1.839466
2.502396
2.994217
2.958489
2.126987
2.244073
2.219272
2.532242
2.956699
1.956400
1.685580
2.915370
1.646544
1.885084
1.953680
1.740293
1.937467
1.441998
1.941950
2.482097
2.340946
2.314287
2.022591
2.047377
2.330599
2.102522
1.704927
1.827325
1.710391
1.933248
2.296179
1.922903
2.247489
1.505752
3.000908
1.928477
2.352556
1.927104
1.584030
2.268104
2.373419
1.488921
1.456561
3.277967
2.640711
2.203354
2.682153
2.065735
2.455484
1.989626
2.256149
2.666950
1.763981
2.069783
1.803698
2.956970
1.991956
1.498908
1.606231
2.449169
1.913911
1.922013
2.731030
1.703003
2.498022
2.009749
1.830678
1.974446
1.711072
2.296957
2.177801
1.952127
2.095780
2.494076
2.227420
