2.137908
1.925280
1.973073
3.186766
1.321100
2.241101
1.785059
2.287584
1.725968
1.963233
1.930927
1.973586
1.571472
2.247508
1.724925
1.985914
2.077790
1.906613
2.005009
1.921124
2.361900
2.072785
2.274974
2.070648
2.216682
2.697134
1.626638
1.472281
1.317965
1.507549
1.849642
1.974391
1.554819
2.115103
1.977832
2.329493
1.947377
2.153943
1.672514
2.094596
2.065772
1.791327
1.851443
2.018609
2.557707
1.981437
2.605378
1.762735
1.900860
1.989188
1.798129
1.844275
1.997264
1.684023
1.803578
1.964641
2.013255
2.010937
1.559867
1.505625
2.127853
1.779217
1.624198
1.625088
2.326234
1.743224
1.817290
1.835522
1.716845
1.818405
1.520930
1.932589
2.083291
2.094396
2.591076
2.531887
1.902089
1.849276
1.368777
2.072416
1.898705
2.279060
1.626290
2.571058
1.599178
1.990678
2.174900
1.972656
1.315397
1.852025
2.225551
2.081912
1.873927
1.639859
1.371563
1.628595
1.599775
2.256512
1.500614
1.753237
2.781101
1.620717
2.044958
1.618127
1.891541
1.939273
1.433726
1.652665
1.758319
2.815667
2.575486
1.372464
1.779874
1.636885
1.926123
2.196085
1.665309
1.641545
1.986174
1.811567
2.011228
1.826575
1.406044
1.670985
1.754567
2.650780
1.476660
1.724237
1.655244
1.834106
1.122494
1.295235
1.401764
1.999053
1.669288
1.796741
2.092774
2.664595
1.541435
2.118415
1.739311
1.791229
1.802943
1.594101
1.759020
1.851306
1.513152
2.206775
2.538877
1.692884
2.095932
1.987503
2.131346
1.804945
2.879050
1.766557
1.576964
1.685383
1.782148
1.559347
1.676983
1.739971
2.270986
1.567959
1.371136
1.359811
1.209325
2.470571
1.622605
1.840987
1.225994
2.415986
2.348522
2.057359
1.507543
1.939080
1.588440
2.122141
1.680609
1.874914
2.362250
1.788766
1.826061
1.462201
1.658239
2.135750
2.051997
1.629286
1.904265
