4.421720
2.909783
3.735663
2.532226
2.157258
3.734714
2.910580
2.980889
3.591668
2.626449
2.749143
5.050942
2.213906
3.126661
3.461269
3.109126
2.916119
2.491709
3.389471
2.959792
2.314650
2.127917
2.471843
3.099644
3.001902
2.801582
2.062336
2.235779
2.421764
2.246313
2.631934
3.044065
2.857315
2.084061
2.917516
2.571456
2.862575
2.873778
2.820809
2.524812
3.158527
2.440358
2.808556
2.770593
2.820426
1.896101
2.356530
2.423805
2.117199
2.962509
2.740374
2.187489
2.108884
1.819360
2.518936
1.860893
2.291047
2.977479
3.310778
2.527956
1.844800
2.292905
2.121089
2.726494
2.467104
3.101907
2.819148
2.461454
2.956520
2.882842
2.640145
2.983822
1.881778
2.456895
2.383914
3.183170
2.264807
1.853870
2.628510
2.424646
2.477325
2.367027
2.176481
2.051068
2.028584
2.856283
2.110780
2.121196
2.302391
1.920982
3.926868
2.674860
1.546079
3.932076
2.275826
2.833853
2.999734
2.906649
3.338595
2.262248
2.541097
3.121414
2.693424
2.627068
2.838691
2.821150
2.436164
2.771619
2.336442
2.262904
1.692743
2.089290
3.041028
2.905594
1.768982
2.159544
2.480256
2.503478
2.611313
3.462701
2.496791
1.977439
2.085836
3.063643
2.613550
2.441561
2.545165
2.000813
2.971695
2.836427
2.316054
2.034056
2.490756
2.048923
2.404979
2.863247
1.805320
1.893234
1.803465
2.672406
1.581619
1.735112
2.373895
2.502062
1.769878
1.931773
1.957434
2.542395
2.661270
2.075827
3.862947
2.519554
2.171370
2.332123
2.316120
2.857412
1.934172
2.082204
2.175411
1.762543
3.239112
1.907976
1.944022
2.000420
1.880963
1.669861
1.413213
2.553816
1.705495
1.655874
2.345865
2.303290
1.830903
2.565335
2.615601
3.171154
2.393790
2.549902
2.268311
2.360447
2.574222
1.517720
1.844713
1.954341
3.265657
1.628895
1.694371
2.459688
2.102792
2.238058
2.377560
2.339007
1.861577
2.474445
1.523948
2.370484
2.704737
3.329734
1.541571
1.484017
1.990516
1.883501
2.327044
1.830594
2.557134
2.135530
2.300282
1.764305
2.182396
2.771930
2.327372
2.514170
2.362221
2.528348
1.634622
2.082840
3.948918
1.890762
1.750664
1.725245
2.086854
1.625002
1.862164
1.964634
2.072791
2.126406
1.810644
2.721301
2.010564
