3.593106
3.198622
2.051775
3.087227
3.166784
4.093493
2.991636
2.256845
3.195088
3.549839
3.052260
3.465647
3.495241
2.792308
4.175390
3.303166
2.585021
3.293644
3.249807
3.356330
1.977526
2.801016
3.086992
3.792932
3.324337
3.489464
2.600432
3.215431
3.385958
2.133141
2.670471
3.506190
3.207146
2.890113
3.284850
2.486148
2.927796
3.468512
2.665862
4.115727
3.497555
2.653347
3.122760
3.543542
2.865949
3.444158
3.386775
3.018157
2.914530
2.971677
2.330554
2.902290
3.179362
2.261999
2.623379
3.066622
2.276308
2.727434
2.308686
3.847877
4.100386
2.633878
2.587963
2.475922
3.633614
3.685071
3.067710
3.279773
3.506570
3.200240
3.239261
3.165679
2.349056
2.685366
3.124611
4.245754
2.073726
2.903162
2.577313
4.374997
2.895062
2.316918
3.266911
4.944244
2.448412
3.462422
2.589286
3.762582
2.221230
2.805089
2.734764
2.336672
2.773273
2.012499
3.505184
3.608515
1.903386
2.657765
2.367915
2.770338
3.104991
3.245067
3.277381
4.622824
2.184226
3.248357
2.948070
2.836356
3.114550
3.134425
3.073175
2.938552
3.001960
2.756221
2.618421
2.537083
2.568049
3.484495
2.899952
1.651041
2.448175
3.310850
1.542681
2.162530
2.122109
2.828108
2.523232
3.636414
2.450565
2.917274
3.554036
2.701890
2.231265
3.294346
2.214361
2.703791
3.768467
1.893142
2.491238
2.182013
2.228593
2.234930
3.593793
2.904778
3.296853
3.177215
2.260229
2.257958
3.908138
1.989663
2.614085
3.328337
2.394301
2.543112
3.084139
4.788422
1.782280
2.360664
2.551850
2.605030
2.554886
2.074510
2.448213
3.219800
2.353383
2.469076
2.230818
2.030707
2.017746
2.332879
2.085284
2.418182
3.115421
2.386154
2.430451
2.981126
1.705340
1.869530
2.643983
3.059646
2.729190
2.146234
1.856265
2.205765
3.399989
2.678125
2.678093
2.835771
2.385296
1.826901
2.554203
2.999435
1.932524
3.071831
2.219644
2.427801
3.155104
3.298240
2.203995
2.967547
1.960851
2.454172
2.506407
2.224003
1.871919
2.936641
2.430253
2.738602
2.813333
2.453269
2.576878
3.739694
1.727787
3.346877
2.840234
1.945783
2.282156
3.231881
3.011033
2.096287
2.441531
2.425842
2.611331
2.497444
1.992396
3.410716
3.027159
2.018705
2.417091
2.639045
3.839900
3.291727
4.031028
2.122616
3.173464
3.327330
2.513344
1.963019
2.348884
2.606624
2.320575
2.683147
2.417308
2.153028
2.363693
2.172559
2.893398
1.663104
2.301624
1.981567
2.885097
2.760020
1.803748
1.896694
1.953951
2.471937
1.927590
2.365088
1.935060
2.098800
