1.690007
1.825470
1.719417
1.075259
1.896153
1.210899
2.285318
1.980703
2.485330
1.235778
2.371915
1.453749
2.556351
1.865054
1.229154
1.921656
1.722623
1.216530
1.652426
1.239312
2.199404
0.995823
2.377742
3.758279
1.600679
1.283363
2.899296
0.990657
1.898192
1.436622
2.555438
1.685649
1.885830
1.962158
1.594893
1.831187
5.218487
2.260926
2.163550
1.406451
1.580298
2.044081
2.438135
2.385545
1.292009
1.392245
1.359023
1.732442
1.587321
1.339526
2.035363
2.269638
1.887363
3.427090
1.760854
1.506062
1.212255
1.764476
1.337579
2.484635
1.453219
1.764530
1.695968
1.973071
2.100990
2.030576
1.535148
2.921869
2.459048
2.960419
2.635238
1.513494
1.668630
1.841632
2.234670
1.462223
1.432243
1.507029
1.436969
1.611417
1.921364
1.228750
1.123596
2.579210
1.180283
2.459275
1.706965
1.196101
2.635211
1.636441
2.376766
1.743604
2.707369
2.004940
1.129876
1.336798
1.931861
1.819500
1.680289
1.202326
1.626397
1.975617
1.867469
1.803643
1.525071
1.988578
1.263499
1.890290
1.351032
1.625852
2.455317
2.793107
1.483980
2.260785
1.538315
1.292232
1.356330
2.405699
2.420614
1.858920
1.145947
1.619146
1.320543
1.515779
2.432629
1.466735
1.812995
0.978558
1.683596
2.085868
1.463306
1.537948
1.652031
1.231998
1.147442
1.425904
2.106413
1.607194
1.828004
1.381714
2.086582
1.522626
1.660995
1.962932
2.034818
1.179693
3.060562
2.009875
2.028071
1.045578
1.520493
1.456462
2.245198
2.112449
1.148232
1.470672
1.972839
2.209525
0.947228
1.259569
2.124808
2.370279
2.046783
1.476287
1.860044
1.361743
1.002204
1.187291
1.474038
2.320885
1.679973
1.069839
1.219314
1.765536
1.710653
2.699727
1.079544
2.018719
1.925737
1.819509
1.261980
1.256239
3.198108
1.846741
1.923437
1.776029
2.561353
1.499386
2.259343
1.805805
1.434749
2.235597
1.246238
1.509647
1.195552
1.328486
1.488926
1.333764
1.289842
1.962574
1.060403
1.865874
1.764014
1.330242
2.192223
2.327409
1.376034
