1.555785
1.181009
2.172630
1.676872
1.873660
1.652253
1.927818
1.686749
2.392562
1.379697
1.869940
3.591415
1.849126
2.493689
1.938303
1.496990
1.881759
1.897429
1.689037
2.238604
2.536020
1.226463
1.526049
2.027468
1.929705
1.448827
2.027636
1.833413
1.505494
1.185123
1.925983
2.024389
1.713840
1.888108
1.379940
1.619205
1.892067
1.668989
1.510662
3.657146
1.232778
2.418575
1.784965
1.261858
1.659467
1.426458
1.542892
2.427030
1.455528
1.529457
1.361857
1.765831
2.353411
1.789590
1.504146
2.466216
1.390418
1.706960
1.493307
1.558741
2.013583
1.913335
1.049935
2.455774
1.398480
1.637686
1.340794
2.107868
1.172646
1.999374
1.979545
1.415395
1.917401
1.426280
1.728204
2.083143
1.329714
0.851934
1.599607
1.550575
1.604883
1.644923
1.989521
2.286067
1.166845
2.818602
2.559387
1.871950
1.964226
2.118619
2.375602
2.326189
1.784088
2.641157
2.420986
2.122228
1.735005
1.936265
2.284345
1.980473
1.315420
2.343599
2.024532
1.411661
1.378040
1.220480
2.447758
1.872064
2.211276
1.723012
1.786992
1.438154
1.985397
1.610605
1.761777
1.782297
2.036298
1.939720
1.233293
2.186244
1.096835
1.915294
1.424584
2.643870
2.022569
1.999621
1.673581
1.795508
1.665126
2.416534
2.008867
2.478709
1.854613
1.254684
1.857501
1.745593
2.452581
2.326588
2.089623
1.726240
2.155245
1.270365
0.987624
1.479002
1.641760
1.824975
1.336620
1.043913
