5.426127
1.989429
4.498556
2.235845
1.451787
1.543615
4.444605
2.661123
1.932485
2.927210
4.365364
3.201805
2.822968
1.123284
1.428688
3.117873
3.620857
2.957928
4.888095
1.428999
5.311649
2.093385
1.786354
1.096070
4.926435
2.102077
4.092446
1.963309
2.022922
1.509881
1.783130
4.161744
2.855573
2.436738
1.013077
5.837111
4.871181
2.262771
2.232223
3.054084
4.634576
6.256847
6.775082
1.993069
1.774910
1.438331
5.536955
1.952797
6.011434
1.741173
1.904289
2.916594
6.311649
2.624395
1.911917
2.361972
3.221561
4.194891
2.183035
2.368027
1.363270
1.770663
1.156710
2.881824
1.792268
1.667077
2.809540
1.220053
1.435822
3.100012
1.691739
2.629009
1.878390
1.885844
1.761120
3.441503
2.456688
1.641446
2.297251
1.812122
1.827323
2.306419
3.721821
4.262748
1.946392
3.608905
4.157950
2.577124
1.842051
3.215138
4.456567
4.429768
3.401167
4.736811
1.411083
3.846223
1.626530
2.326859
5.102108
3.438376
2.555574
2.806449
2.069815
1.238919
4.772273
2.418678
2.233232
2.928532
2.333380
3.198057
2.390538
1.892639
2.657216
1.263890
3.585360
1.995618
2.517609
1.039476
2.032125
1.650198
1.585322
2.539491
1.643227
1.564526
1.547600
1.368771
1.852644
2.236381
2.686474
1.819607
2.183707
1.191469
2.697437
1.343513
2.427948
2.838567
1.722554
2.255741
1.649704
1.097106
1.585242
0.909824
2.030071
3.101415
1.252167
1.828081
0.980033
1.714891
3.310692
1.509346
2.066455
1.641083
2.397900
2.839288
1.315057
1.665284
1.210954
1.851707
2.064960
2.662471
1.650351
2.774514
3.419153
2.007602
1.694666
1.406728
2.179862
1.687662
4.623684
2.580605
3.694591
3.234715
2.208810
2.350704
2.533342
1.752695
2.542530
1.139074
1.842055
3.738879
1.616905
1.679426
2.883449
