1.423200
1.813363
2.393631
1.194510
1.181001
1.517327
1.623295
1.280615
2.247935
3.110216
2.850901
1.990788
2.617484
2.424965
1.786708
1.472820
3.154219
1.235850
1.449758
1.738340
1.157779
2.566343
2.506085
2.455424
0.975543
2.061766
1.825604
3.721040
1.416597
1.701812
1.557440
2.887052
1.407630
2.016193
2.734890
3.534897
1.889603
1.860475
1.396434
2.836695
1.276238
1.636240
1.174007
1.495794
1.405403
2.106263
2.084245
2.706396
3.024448
1.422563
2.055873
1.154191
1.477765
2.629684
3.613635
2.895144
0.919999
1.750779
2.371942
2.904028
1.100607
1.223957
1.034202
3.460148
1.602303
1.442041
2.825490
2.572624
2.503339
2.113604
1.512692
1.891016
2.399453
1.654801
1.966056
1.660600
2.663908
1.874669
0.949727
2.335951
3.126877
2.292658
1.593408
3.640286
1.551892
1.406789
1.857470
1.498479
1.266847
2.136154
1.905680
1.923819
2.402138
2.128897
1.335668
1.930030
2.115974
1.842083
1.836667
1.912549
1.234851
1.223041
1.842108
1.301185
1.740434
1.758214
2.851469
1.456142
3.548348
3.597177
1.158256
1.587644
3.548819
2.874111
1.518064
3.108536
1.387405
1.156880
2.326702
2.111120
2.687973
1.385459
1.501965
1.139475
1.274243
1.052299
0.955519
1.940073
1.162808
2.073689
1.670982
1.903291
1.489564
1.808398
1.569894
1.538496
1.479335
1.076896
3.668029
2.070014
1.293017
1.961430
1.404989
1.261444
4.141501
2.653163
1.825200
2.209244
1.797900
2.706564
3.447818
1.414699
1.432759
4.682656
3.036974
1.526268
1.780465
4.426519
1.086478
1.864070
1.222522
1.109857
2.908702
2.486472
1.278080
2.734794
1.015743
2.560054
1.745906
1.952653
1.880558
1.732653
1.395164
1.306776
2.643661
2.173682
4.260346
0.891714
1.908374
1.851473
1.984356
1.425247
1.608273
1.191841
1.813147
1.688800
1.516113
1.366335
1.716840
1.697851
1.337563
2.513449
2.895148
1.876539
2.612589
1.518062
2.733589
3.009849
3.468246
2.417650
2.835051
1.673204
2.599900
1.244597
3.432225
1.423248
1.773917
2.249822
1.652489
3.217438
2.262348
1.319115
1.901687
2.508836
1.384430
2.534228
2.242015
1.904530
2.186953
2.423936
1.379555
1.523828
2.827594
2.650433
1.674482
1.426039
1.882496
1.959232
1.297481
1.613132
1.725566
1.022871
1.997277
1.313478
1.870674
1.858577
1.426975
2.321973
1.719125
1.782876
1.964778
2.900881
3.432862
1.711910
2.270392
1.383803
1.964267
1.834731
2.568090
1.657050
1.591166
1.547245
2.281602
2.480645
0.955294
2.047544
1.807854
3.326782
2.328670
2.408159
1.636751
1.185678
1.596916
2.414525
2.076539
2.373468
2.473100
1.605036
2.056530
1.814460
1.257248
2.788856
1.382110
2.319179
1.066083
1.971401
4.005771
2.486093
1.642741
1.330462
1.363657
1.709380
1.983341
2.610399
0.975001
1.675166
1.566502
1.430359
2.110242
3.311639
1.504273
1.592057
1.838766
0.989032
2.349793
2.282264
1.505073
2.353366
1.924997
