2.225264
1.188983
1.566715
2.078429
1.971085
2.926649
1.798053
2.580236
2.013476
2.390007
1.557725
5.049735
1.694382
1.424386
1.713694
1.917740
1.604103
2.009384
2.159543
3.263761
3.371687
1.592025
2.990965
1.263588
2.095735
2.144464
2.217064
1.568996
2.059264
1.763435
1.726060
1.233384
2.075533
2.194993
2.007979
1.134942
1.512112
1.803184
1.788660
2.827802
2.576919
1.773199
1.633471
3.448406
1.382479
2.224042
1.445059
1.301013
1.828539
2.081398
3.389284
1.102033
3.202294
1.393028
2.792736
2.183788
1.056976
2.867713
1.556406
1.784051
2.422650
1.299790
1.250475
1.925602
4.818682
2.738144
1.778945
2.028410
2.564777
1.097617
2.947854
0.895927
1.474304
1.587561
1.560808
1.511068
1.164722
2.660929
2.536726
2.082598
1.227659
1.849207
1.759470
1.998703
1.666917
2.935741
1.799066
2.428302
4.046357
2.444848
1.667721
1.164777
1.896486
2.321674
3.296755
1.301278
1.420785
2.823741
3.080512
2.244951
0.892201
2.116065
1.502773
2.356017
1.769823
1.203852
1.609528
1.469273
1.715906
1.450884
1.643733
1.530071
1.478085
1.585002
1.515180
2.322096
1.453010
1.255398
2.559561
2.260536
2.384149
3.284830
1.851449
2.435628
1.717225
3.432957
1.905491
1.287649
1.757146
2.182310
1.797449
2.014011
1.304999
1.507722
1.893951
1.522771
1.341990
1.402261
1.033595
1.719129
2.338269
2.610633
1.046580
1.922659
1.122015
1.520628
2.398421
1.475872
1.449984
2.359053
1.564108
1.803270
2.007348
1.341181
1.375801
1.790420
2.154775
1.481219
1.238932
1.926573
2.195764
3.065727
2.485441
2.019936
