1 2 0.657261
1 4 0.678956
1 5 0.935237
1 6 0.848142
1 7 0.736282
1 8 0.670673
1 9 0.721456
1 11 0.500000
1 13 0.667281
1 14 0.500000
2 1 0.657261
4 1 0.678956
4 14 0.500000
5 1 0.935237
6 1 0.848142
7 1 0.736282
7 14 0.500000
8 1 0.670673
8 14 0.500000
9 1 0.721456
11 1 0.500000
11 14 0.500000
13 1 0.667281
13 14 0.500000
14 1 0.500000
14 4 0.500000
14 7 0.500000
14 8 0.500000
14 11 0.500000
14 13 0.500000
1 1 0.819491
1 3 0.500000
1 10 0.514632
1 12 0.500000
2 2 0.577408
2 3 0.500000
2 4 0.576446
2 5 0.752275
2 6 0.703908
2 7 0.614561
2 8 0.580453
2 9 0.598529
2 10 0.505082
2 11 0.500000
2 12 0.500000
2 13 0.576270
2 14 0.500000
3 1 0.500000
3 2 0.500000
3 3 0.500000
3 4 0.500000
3 5 0.500000
3 6 0.500000
3 7 0.500000
3 8 0.500000
3 9 0.500000
3 10 0.500000
3 11 0.500000
3 12 0.500000
3 13 0.500000
3 14 0.500000
4 2 0.576446
4 3 0.500000
4 4 0.618344
4 5 0.818312
4 6 0.745350
4 7 0.607086
4 8 0.585002
4 9 0.608647
4 10 0.509419
4 11 0.500000
4 12 0.500000
4 13 0.579410
5 2 0.752275
5 3 0.500000
5 4 0.818312
5 5 0.998632
5 6 0.971416
5 7 0.816823
5 8 0.770833
5 9 0.832939
5 10 0.533708
5 11 0.500000
5 12 0.500000
5 13 0.749830
5 14 0.500000
6 2 0.703908
6 3 0.500000
6 4 0.745350
6 5 0.971416
6 6 0.999848
6 7 0.773021
6 8 0.710488
6 9 0.755340
6 10 0.473217
6 11 0.500000
6 12 0.500000
6 13 0.677662
6 14 0.500000
7 2 0.614561
7 3 0.500000
7 4 0.607086
7 5 0.816823
7 6 0.773021
7 7 0.692417
7 8 0.620340
7 9 0.657565
7 10 0.504859
7 11 0.500000
7 12 0.500000
7 13 0.622654
8 2 0.580453
8 3 0.500000
8 4 0.585002
8 5 0.770833
8 6 0.710488
8 7 0.620340
8 8 0.601697
8 9 0.612751
8 10 0.507157
8 11 0.500000
8 12 0.500000
8 13 0.576966
9 2 0.598529
9 3 0.500000
9 4 0.608647
9 5 0.832939
9 6 0.755340
9 7 0.657565
9 8 0.612751
9 9 0.660149
9 10 0.509846
9 11 0.500000
9 12 0.500000
9 13 0.605228
9 14 0.500000
10 1 0.514632
10 2 0.505082
10 3 0.500000
10 4 0.509419
10 5 0.533708
10 6 0.473217
10 7 0.504859
10 8 0.507157
10 9 0.509846
10 10 0.503813
10 11 0.500000
10 12 0.500000
10 13 0.504848
10 14 0.500000
11 2 0.500000
11 3 0.500000
11 4 0.500000
11 5 0.500000
11 6 0.500000
11 7 0.500000
11 8 0.500000
11 9 0.500000
11 10 0.500000
11 11 0.500000
11 12 0.500000
11 13 0.500000
12 1 0.500000
12 2 0.500000
12 3 0.500000
12 4 0.500000
12 5 0.500000
12 6 0.500000
12 7 0.500000
12 8 0.500000
12 9 0.500000
12 10 0.500000
12 11 0.500000
12 12 0.500000
12 13 0.500000
12 14 0.500000
13 2 0.576270
13 3 0.500000
13 4 0.579410
13 5 0.749830
13 6 0.677662
13 7 0.622654
13 8 0.576966
13 9 0.605228
13 10 0.504848
13 11 0.500000
13 12 0.500000
13 13 0.587661
14 2 0.500000
14 3 0.500000
14 5 0.500000
14 6 0.500000
14 9 0.500000
14 10 0.500000
14 12 0.500000
14 14 0.500000
