1 2 0.777118
1 4 0.887531
1 5 0.811016
1 6 0.919335
1 7 0.763733
1 8 0.801160
1 9 0.829587
1 11 0.740377
1 13 0.852844
1 14 0.500000
2 1 0.777118
4 1 0.887531
4 14 0.500000
5 1 0.811016
6 1 0.919335
7 1 0.763733
7 14 0.500000
8 1 0.801160
8 14 0.500000
9 1 0.829587
11 1 0.740377
11 14 0.500000
13 1 0.852844
13 14 0.500000
14 1 0.500000
14 4 0.500000
14 7 0.500000
14 8 0.500000
14 11 0.500000
14 13 0.500000
1 1 0.941825
1 3 0.500000
1 10 0.570398
1 12 0.500000
2 2 0.643905
2 3 0.500000
2 4 0.736440
2 5 0.654182
2 6 0.752991
2 7 0.625885
2 8 0.654784
2 9 0.679057
2 10 0.535172
2 11 0.617005
2 12 0.500000
2 13 0.680736
2 14 0.500000
3 1 0.500000
3 2 0.500000
3 3 0.500000
3 4 0.500000
3 5 0.500000
3 6 0.500000
3 7 0.500000
3 8 0.500000
3 9 0.500000
3 10 0.500000
3 11 0.500000
3 12 0.500000
3 13 0.500000
3 14 0.500000
4 2 0.736440
4 3 0.500000
4 4 0.984771
4 5 0.728316
4 6 0.866732
4 7 0.680534
4 8 0.725722
4 9 0.778823
4 10 0.583841
4 11 0.682556
4 12 0.500000
4 13 0.797414
5 2 0.654182
5 3 0.500000
5 4 0.728316
5 5 0.688393
5 6 0.779781
5 7 0.649967
5 8 0.678069
5 9 0.700117
5 10 0.536633
5 11 0.633598
5 12 0.500000
5 13 0.716405
5 14 0.500000
6 2 0.752991
6 3 0.500000
6 4 0.866732
6 5 0.779781
6 6 0.907583
6 7 0.729195
6 8 0.775939
6 9 0.802805
6 10 0.557731
6 11 0.715646
6 12 0.500000
6 13 0.815129
6 14 0.500000
7 2 0.625885
7 3 0.500000
7 4 0.680534
7 5 0.649967
7 6 0.729195
7 7 0.649609
7 8 0.650238
7 9 0.669996
7 10 0.531011
7 11 0.609327
7 12 0.500000
7 13 0.702236
8 2 0.654784
8 3 0.500000
8 4 0.725722
8 5 0.678069
8 6 0.775939
8 7 0.650238
8 8 0.680868
8 9 0.705910
8 10 0.539449
8 11 0.631098
8 12 0.500000
8 13 0.707741
9 2 0.679057
9 3 0.500000
9 4 0.778823
9 5 0.700117
9 6 0.802805
9 7 0.669996
9 8 0.705910
9 9 0.757311
9 10 0.551763
9 11 0.648986
9 12 0.500000
9 13 0.733346
9 14 0.500000
10 1 0.570398
10 2 0.535172
10 3 0.500000
10 4 0.583841
10 5 0.536633
10 6 0.557731
10 7 0.531011
10 8 0.539449
10 9 0.551763
10 10 0.515306
10 11 0.527214
10 12 0.500000
10 13 0.543314
10 14 0.500000
11 2 0.617005
11 3 0.500000
11 4 0.682556
11 5 0.633598
11 6 0.715646
11 7 0.609327
11 8 0.631098
11 9 0.648986
11 10 0.527214
11 11 0.598465
11 12 0.500000
11 13 0.656231
12 1 0.500000
12 2 0.500000
12 3 0.500000
12 4 0.500000
12 5 0.500000
12 6 0.500000
12 7 0.500000
12 8 0.500000
12 9 0.500000
12 10 0.500000
12 11 0.500000
12 12 0.500000
12 13 0.500000
12 14 0.500000
13 2 0.680736
13 3 0.500000
13 4 0.797414
13 5 0.716405
13 6 0.815129
13 7 0.702236
13 8 0.707741
13 9 0.733346
13 10 0.543314
13 11 0.656231
13 12 0.500000
13 13 0.856981
14 2 0.500000
14 3 0.500000
14 5 0.500000
14 6 0.500000
14 9 0.500000
14 10 0.500000
14 12 0.500000
14 14 0.500000
