1 2 0.568588
1 4 0.565849
1 5 0.628791
1 6 0.566131
1 7 0.598657
1 8 0.568717
1 9 0.831820
1 11 0.500000
1 13 0.561333
1 14 0.500000
2 1 0.568588
4 1 0.565849
4 14 0.500000
5 1 0.628791
6 1 0.566131
7 1 0.598657
7 14 0.500000
8 1 0.568717
8 14 0.500000
9 1 0.831820
11 1 0.500000
11 14 0.500000
13 1 0.561333
13 14 0.500000
14 1 0.500000
14 4 0.500000
14 7 0.500000
14 8 0.500000
14 11 0.500000
14 13 0.500000
1 1 0.664537
1 3 0.500000
1 10 0.510361
1 12 0.500000
2 2 0.530941
2 3 0.500000
2 4 0.528881
2 5 0.555996
2 6 0.512848
2 7 0.539109
2 8 0.530714
2 9 0.648155
2 10 0.504526
2 11 0.500000
2 12 0.500000
2 13 0.525304
2 14 0.500000
3 1 0.500000
3 2 0.500000
3 3 0.500000
3 4 0.500000
3 5 0.500000
3 6 0.500000
3 7 0.500000
3 8 0.500000
3 9 0.500000
3 10 0.500000
3 11 0.500000
3 12 0.500000
3 13 0.500000
3 14 0.500000
4 2 0.528881
4 3 0.500000
4 4 0.541225
4 5 0.555590
4 6 0.526326
4 7 0.545402
4 8 0.529683
4 9 0.620544
4 10 0.498842
4 11 0.500000
4 12 0.500000
4 13 0.525809
5 2 0.555996
5 3 0.500000
5 4 0.555590
5 5 0.639079
5 6 0.481981
5 7 0.576864
5 8 0.554147
5 9 0.800169
5 10 0.516459
5 11 0.500000
5 12 0.500000
5 13 0.547466
5 14 0.500000
6 2 0.512848
6 3 0.500000
6 4 0.526326
6 5 0.481981
6 6 0.915298
6 7 0.547216
6 8 0.485386
6 9 0.406652
6 10 0.509196
6 11 0.500000
6 12 0.500000
6 13 0.546733
6 14 0.500000
7 2 0.539109
7 3 0.500000
7 4 0.545402
7 5 0.576864
7 6 0.547216
7 7 0.573333
7 8 0.542990
7 9 0.726316
7 10 0.499978
7 11 0.500000
7 12 0.500000
7 13 0.540067
8 2 0.530714
8 3 0.500000
8 4 0.529683
8 5 0.554147
8 6 0.485386
8 7 0.542990
8 8 0.541388
8 9 0.667400
8 10 0.499708
8 11 0.500000
8 12 0.500000
8 13 0.524657
9 2 0.648155
9 3 0.500000
9 4 0.620544
9 5 0.800169
9 6 0.406652
9 7 0.726316
9 8 0.667400
9 9 0.997494
9 10 0.548901
9 11 0.500000
9 12 0.500000
9 13 0.638584
9 14 0.500000
10 1 0.510361
10 2 0.504526
10 3 0.500000
10 4 0.498842
10 5 0.516459
10 6 0.509196
10 7 0.499978
10 8 0.499708
10 9 0.548901
10 10 0.513762
10 11 0.500000
10 12 0.500000
10 13 0.501214
10 14 0.500000
11 2 0.500000
11 3 0.500000
11 4 0.500000
11 5 0.500000
11 6 0.500000
11 7 0.500000
11 8 0.500000
11 9 0.500000
11 10 0.500000
11 11 0.500000
11 12 0.500000
11 13 0.500000
12 1 0.500000
12 2 0.500000
12 3 0.500000
12 4 0.500000
12 5 0.500000
12 6 0.500000
12 7 0.500000
12 8 0.500000
12 9 0.500000
12 10 0.500000
12 11 0.500000
12 12 0.500000
12 13 0.500000
12 14 0.500000
13 2 0.525304
13 3 0.500000
13 4 0.525809
13 5 0.547466
13 6 0.546733
13 7 0.540067
13 8 0.524657
13 9 0.638584
13 10 0.501214
13 11 0.500000
13 12 0.500000
13 13 0.535416
14 2 0.500000
14 3 0.500000
14 5 0.500000
14 6 0.500000
14 9 0.500000
14 10 0.500000
14 12 0.500000
14 14 0.500000
