1 2 0.656306
1 4 0.946546
1 5 0.668601
1 6 0.828903
1 7 0.619257
1 8 0.660539
1 9 0.722648
1 11 0.634643
1 13 0.638971
1 14 0.500000
2 1 0.656306
4 1 0.946546
4 14 0.500000
5 1 0.668601
6 1 0.828903
7 1 0.619257
7 14 0.500000
8 1 0.660539
8 14 0.500000
9 1 0.722648
11 1 0.634643
11 14 0.500000
13 1 0.638971
13 14 0.500000
14 1 0.500000
14 4 0.500000
14 7 0.500000
14 8 0.500000
14 11 0.500000
14 13 0.500000
1 1 0.790591
1 3 0.500000
1 10 0.589900
1 12 0.500000
2 2 0.581485
2 3 0.500000
2 4 0.797436
2 5 0.587562
2 6 0.664930
2 7 0.559197
2 8 0.583008
2 9 0.610120
2 10 0.544309
2 11 0.567464
2 12 0.500000
2 13 0.570629
2 14 0.500000
3 1 0.500000
3 2 0.500000
3 3 0.500000
3 4 0.500000
3 5 0.500000
3 6 0.500000
3 7 0.500000
3 8 0.500000
3 9 0.500000
3 10 0.500000
3 11 0.500000
3 12 0.500000
3 13 0.500000
3 14 0.500000
4 2 0.797436
4 3 0.500000
4 4 0.999970
4 5 0.824525
4 6 0.881437
4 7 0.616719
4 8 0.776667
4 9 0.907986
4 10 0.723177
4 11 0.767912
4 12 0.500000
4 13 0.770950
5 2 0.587562
5 3 0.500000
5 4 0.824525
5 5 0.612321
5 6 0.649289
5 7 0.548844
5 8 0.598593
5 9 0.629280
5 10 0.542123
5 11 0.573505
5 12 0.500000
5 13 0.580372
5 14 0.500000
6 2 0.664930
6 3 0.500000
6 4 0.881437
6 5 0.649289
6 6 0.999209
6 7 0.810400
6 8 0.702754
6 9 0.734179
6 10 0.562877
6 11 0.669385
6 12 0.500000
6 13 0.659341
6 14 0.500000
7 2 0.559197
7 3 0.500000
7 4 0.616719
7 5 0.548844
7 6 0.810400
7 7 0.758116
7 8 0.598050
7 9 0.559551
7 10 0.523333
7 11 0.549944
7 12 0.500000
7 13 0.552429
8 2 0.583008
8 3 0.500000
8 4 0.776667
8 5 0.598593
8 6 0.702754
8 7 0.598050
8 8 0.606620
8 9 0.612233
8 10 0.535872
8 11 0.570561
8 12 0.500000
8 13 0.577421
9 2 0.610120
9 3 0.500000
9 4 0.907986
9 5 0.629280
9 6 0.734179
9 7 0.559551
9 8 0.612233
9 9 0.688547
9 10 0.569859
9 11 0.597893
9 12 0.500000
9 13 0.601521
9 14 0.500000
10 1 0.589900
10 2 0.544309
10 3 0.500000
10 4 0.723177
10 5 0.542123
10 6 0.562877
10 7 0.523333
10 8 0.535872
10 9 0.569859
10 10 0.533319
10 11 0.537003
10 12 0.500000
10 13 0.537007
10 14 0.500000
11 2 0.567464
11 3 0.500000
11 4 0.767912
11 5 0.573505
11 6 0.669385
11 7 0.549944
11 8 0.570561
11 9 0.597893
11 10 0.537003
11 11 0.558061
11 12 0.500000
11 13 0.560187
12 1 0.500000
12 2 0.500000
12 3 0.500000
12 4 0.500000
12 5 0.500000
12 6 0.500000
12 7 0.500000
12 8 0.500000
12 9 0.500000
12 10 0.500000
12 11 0.500000
12 12 0.500000
12 13 0.500000
12 14 0.500000
13 2 0.570629
13 3 0.500000
13 4 0.770950
13 5 0.580372
13 6 0.659341
13 7 0.552429
13 8 0.577421
13 9 0.601521
13 10 0.537007
13 11 0.560187
13 12 0.500000
13 13 0.564928
14 2 0.500000
14 3 0.500000
14 5 0.500000
14 6 0.500000
14 9 0.500000
14 10 0.500000
14 12 0.500000
14 14 0.500000
