1 2 0.937629
1 4 0.990420
1 5 0.973071
1 6 0.983544
1 7 0.898923
1 8 0.995808
1 9 0.967209
1 11 0.500000
1 13 0.923723
1 14 0.500000
2 1 0.937629
4 1 0.990420
4 14 0.500000
5 1 0.973071
6 1 0.983544
7 1 0.898923
7 14 0.500000
8 1 0.995808
8 14 0.500000
9 1 0.967209
11 1 0.500000
11 14 0.500000
13 1 0.923723
13 14 0.500000
14 1 0.500000
14 4 0.500000
14 7 0.500000
14 8 0.500000
14 11 0.500000
14 13 0.500000
1 1 0.995750
1 3 0.500000
1 10 0.613577
1 12 0.500000
2 2 0.796967
2 3 0.500000
2 4 0.908617
2 5 0.856095
2 6 0.891546
2 7 0.737977
2 8 0.939401
2 9 0.844772
2 10 0.557407
2 11 0.500000
2 12 0.500000
2 13 0.776596
2 14 0.500000
3 1 0.500000
3 2 0.500000
3 3 0.500000
3 4 0.500000
3 5 0.500000
3 6 0.500000
3 7 0.500000
3 8 0.500000
3 9 0.500000
3 10 0.500000
3 11 0.500000
3 12 0.500000
3 13 0.500000
3 14 0.500000
4 2 0.908617
4 3 0.500000
4 4 0.982753
4 5 0.952150
4 6 0.968983
4 7 0.857659
4 8 0.993796
4 9 0.949054
4 10 0.601493
4 11 0.500000
4 12 0.500000
4 13 0.890740
5 2 0.856095
5 3 0.500000
5 4 0.952150
5 5 0.923697
5 6 0.935120
5 7 0.827127
5 8 0.962063
5 9 0.894664
5 10 0.566829
5 11 0.500000
5 12 0.500000
5 13 0.840564
5 14 0.500000
6 2 0.891546
6 3 0.500000
6 4 0.968983
6 5 0.935120
6 6 0.997683
6 7 0.735022
6 8 0.998836
6 9 0.920327
6 10 0.634479
6 11 0.500000
6 12 0.500000
6 13 0.866402
6 14 0.500000
7 2 0.737977
7 3 0.500000
7 4 0.857659
7 5 0.827127
7 6 0.735022
7 7 0.841885
7 8 0.887138
7 9 0.786112
7 10 0.543263
7 11 0.500000
7 12 0.500000
7 13 0.739692
8 2 0.939401
8 3 0.500000
8 4 0.993796
8 5 0.962063
8 6 0.998836
8 7 0.887138
8 8 0.999997
8 9 0.977412
8 10 0.709262
8 11 0.500000
8 12 0.500000
8 13 0.908091
9 2 0.844772
9 3 0.500000
9 4 0.949054
9 5 0.894664
9 6 0.920327
9 7 0.786112
9 8 0.977412
9 9 0.907676
9 10 0.581502
9 11 0.500000
9 12 0.500000
9 13 0.823885
9 14 0.500000
10 1 0.613577
10 2 0.557407
10 3 0.500000
10 4 0.601493
10 5 0.566829
10 6 0.634479
10 7 0.543263
10 8 0.709262
10 9 0.581502
10 10 0.522781
10 11 0.500000
10 12 0.500000
10 13 0.549437
10 14 0.500000
11 2 0.500000
11 3 0.500000
11 4 0.500000
11 5 0.500000
11 6 0.500000
11 7 0.500000
11 8 0.500000
11 9 0.500000
11 10 0.500000
11 11 0.500000
11 12 0.500000
11 13 0.500000
12 1 0.500000
12 2 0.500000
12 3 0.500000
12 4 0.500000
12 5 0.500000
12 6 0.500000
12 7 0.500000
12 8 0.500000
12 9 0.500000
12 10 0.500000
12 11 0.500000
12 12 0.500000
12 13 0.500000
12 14 0.500000
13 2 0.776596
13 3 0.500000
13 4 0.890740
13 5 0.840564
13 6 0.866402
13 7 0.739692
13 8 0.908091
13 9 0.823885
13 10 0.549437
13 11 0.500000
13 12 0.500000
13 13 0.771377
14 2 0.500000
14 3 0.500000
14 5 0.500000
14 6 0.500000
14 9 0.500000
14 10 0.500000
14 12 0.500000
14 14 0.500000
