1 2 0.566399
1 4 0.891334
1 5 0.857104
1 6 0.878547
1 7 0.816768
1 8 0.843875
1 9 0.894786
1 11 0.753369
1 13 0.773116
1 14 0.500000
2 1 0.566399
4 1 0.891334
4 14 0.500000
5 1 0.857104
6 1 0.878547
7 1 0.816768
7 14 0.500000
8 1 0.843875
8 14 0.500000
9 1 0.894786
11 1 0.753369
11 14 0.500000
13 1 0.773116
13 14 0.500000
14 1 0.500000
14 4 0.500000
14 7 0.500000
14 8 0.500000
14 11 0.500000
14 13 0.500000
1 1 0.964069
1 3 0.500000
1 10 0.573053
1 12 0.500000
2 2 0.580657
2 3 0.500000
2 4 0.552337
2 5 0.537200
2 6 0.538887
2 7 0.516251
2 8 0.518950
2 9 0.426758
2 10 0.510150
2 11 0.521328
2 12 0.500000
2 13 0.524931
2 14 0.500000
3 1 0.500000
3 2 0.500000
3 3 0.500000
3 4 0.500000
3 5 0.500000
3 6 0.500000
3 7 0.500000
3 8 0.500000
3 9 0.500000
3 10 0.500000
3 11 0.500000
3 12 0.500000
3 13 0.500000
3 14 0.500000
4 2 0.552337
4 3 0.500000
4 4 0.824214
4 5 0.751607
4 6 0.766353
4 7 0.724209
4 8 0.758897
4 9 0.837506
4 10 0.556597
4 11 0.675879
4 12 0.500000
4 13 0.703314
5 2 0.537200
5 3 0.500000
5 4 0.751607
5 5 0.745927
5 6 0.734577
5 7 0.702614
5 8 0.711370
5 9 0.763052
5 10 0.539703
5 11 0.644673
5 12 0.500000
5 13 0.652806
5 14 0.500000
6 2 0.538887
6 3 0.500000
6 4 0.766353
6 5 0.734577
6 6 0.792845
6 7 0.695874
6 8 0.720533
6 9 0.764014
6 10 0.534973
6 11 0.661278
6 12 0.500000
6 13 0.673851
6 14 0.500000
7 2 0.516251
7 3 0.500000
7 4 0.724209
7 5 0.702614
7 6 0.695874
7 7 0.680405
7 8 0.695276
7 9 0.738333
7 10 0.531392
7 11 0.626821
7 12 0.500000
7 13 0.637109
8 2 0.518950
8 3 0.500000
8 4 0.758897
8 5 0.711370
8 6 0.720533
8 7 0.695276
8 8 0.726337
8 9 0.754371
8 10 0.535693
8 11 0.644494
8 12 0.500000
8 13 0.661797
9 2 0.426758
9 3 0.500000
9 4 0.837506
9 5 0.763052
9 6 0.764014
9 7 0.738333
9 8 0.754371
9 9 0.982198
9 10 0.585696
9 11 0.671233
9 12 0.500000
9 13 0.701582
9 14 0.500000
10 1 0.573053
10 2 0.510150
10 3 0.500000
10 4 0.556597
10 5 0.539703
10 6 0.534973
10 7 0.531392
10 8 0.535693
10 9 0.585696
10 10 0.517107
10 11 0.523610
10 12 0.500000
10 13 0.528791
10 14 0.500000
11 2 0.521328
11 3 0.500000
11 4 0.675879
11 5 0.644673
11 6 0.661278
11 7 0.626821
11 8 0.644494
11 9 0.671233
11 10 0.523610
11 11 0.596387
11 12 0.500000
11 13 0.607170
12 1 0.500000
12 2 0.500000
12 3 0.500000
12 4 0.500000
12 5 0.500000
12 6 0.500000
12 7 0.500000
12 8 0.500000
12 9 0.500000
12 10 0.500000
12 11 0.500000
12 12 0.500000
12 13 0.500000
12 14 0.500000
13 2 0.524931
13 3 0.500000
13 4 0.703314
13 5 0.652806
13 6 0.673851
13 7 0.637109
13 8 0.661797
13 9 0.701582
13 10 0.528791
13 11 0.607170
13 12 0.500000
13 13 0.624371
14 2 0.500000
14 3 0.500000
14 5 0.500000
14 6 0.500000
14 9 0.500000
14 10 0.500000
14 12 0.500000
14 14 0.500000
