1 2 0.824827
1 4 0.936352
1 5 0.945675
1 6 0.944317
1 7 0.821869
1 8 0.839005
1 9 0.865473
1 11 0.500000
1 13 0.464662
1 14 0.500000
2 1 0.824827
4 1 0.936352
4 14 0.500000
5 1 0.945675
6 1 0.944317
7 1 0.821869
7 14 0.500000
8 1 0.839005
8 14 0.500000
9 1 0.865473
11 1 0.500000
11 14 0.500000
13 1 0.464662
13 14 0.500000
14 1 0.500000
14 4 0.500000
14 7 0.500000
14 8 0.500000
14 11 0.500000
14 13 0.500000
1 1 0.975593
1 3 0.500000
1 10 0.590156
1 12 0.500000
2 2 0.662182
2 3 0.500000
2 4 0.756508
2 5 0.781540
2 6 0.770161
2 7 0.655906
2 8 0.667094
2 9 0.684951
2 10 0.535261
2 11 0.500000
2 12 0.500000
2 13 0.481855
2 14 0.500000
3 1 0.500000
3 2 0.500000
3 3 0.500000
3 4 0.500000
3 5 0.500000
3 6 0.500000
3 7 0.500000
3 8 0.500000
3 9 0.500000
3 10 0.500000
3 11 0.500000
3 12 0.500000
3 13 0.500000
3 14 0.500000
4 2 0.756508
4 3 0.500000
4 4 0.893866
4 5 0.923188
4 6 0.885208
4 7 0.745000
4 8 0.775186
4 9 0.786000
4 10 0.579058
4 11 0.500000
4 12 0.500000
4 13 0.456451
5 2 0.781540
5 3 0.500000
5 4 0.923188
5 5 0.998134
5 6 0.855529
5 7 0.749387
5 8 0.787697
5 9 0.804510
5 10 0.618966
5 11 0.500000
5 12 0.500000
5 13 0.465710
5 14 0.500000
6 2 0.770161
6 3 0.500000
6 4 0.885208
6 5 0.855529
6 6 0.915253
6 7 0.770855
6 8 0.776536
6 9 0.803480
6 10 0.558073
6 11 0.500000
6 12 0.500000
6 13 0.449668
6 14 0.500000
7 2 0.655906
7 3 0.500000
7 4 0.745000
7 5 0.749387
7 6 0.770855
7 7 0.667058
7 8 0.660297
7 9 0.682029
7 10 0.531030
7 11 0.500000
7 12 0.500000
7 13 0.494323
8 2 0.667094
8 3 0.500000
8 4 0.775186
8 5 0.787697
8 6 0.776536
8 7 0.660297
8 8 0.691096
8 9 0.691912
8 10 0.540298
8 11 0.500000
8 12 0.500000
8 13 0.487873
9 2 0.684951
9 3 0.500000
9 4 0.786000
9 5 0.804510
9 6 0.803480
9 7 0.682029
9 8 0.691912
9 9 0.742748
9 10 0.548396
9 11 0.500000
9 12 0.500000
9 13 0.475709
9 14 0.500000
10 1 0.590156
10 2 0.535261
10 3 0.500000
10 4 0.579058
10 5 0.618966
10 6 0.558073
10 7 0.531030
10 8 0.540298
10 9 0.548396
10 10 0.519521
10 11 0.500000
10 12 0.500000
10 13 0.493157
10 14 0.500000
11 2 0.500000
11 3 0.500000
11 4 0.500000
11 5 0.500000
11 6 0.500000
11 7 0.500000
11 8 0.500000
11 9 0.500000
11 10 0.500000
11 11 0.500000
11 12 0.500000
11 13 0.500000
12 1 0.500000
12 2 0.500000
12 3 0.500000
12 4 0.500000
12 5 0.500000
12 6 0.500000
12 7 0.500000
12 8 0.500000
12 9 0.500000
12 10 0.500000
12 11 0.500000
12 12 0.500000
12 13 0.500000
12 14 0.500000
13 2 0.481855
13 3 0.500000
13 4 0.456451
13 5 0.465710
13 6 0.449668
13 7 0.494323
13 8 0.487873
13 9 0.475709
13 10 0.493157
13 11 0.500000
13 12 0.500000
13 13 0.593475
14 2 0.500000
14 3 0.500000
14 5 0.500000
14 6 0.500000
14 9 0.500000
14 10 0.500000
14 12 0.500000
14 14 0.500000
