1.518961
1.907767
2.650896
2.944691
1.592072
2.322306
3.322278
3.178549
2.959792
2.677509
3.320072
1.760582
2.345752
2.063679
1.616068
3.167310
1.787096
2.103572
4.510203
2.073223
2.449508
2.803209
1.632523
2.338386
2.223299
1.235900
3.133003
1.842511
1.477988
2.409841
2.706301
2.252481
1.772185
3.338913
1.395267
2.072629
1.991642
1.477849
1.226860
2.288105
1.818844
2.433349
1.629463
2.518024
2.709686
1.667590
2.114093
2.621887
2.172871
2.627434
2.903889
2.119803
1.454124
3.844304
2.907381
3.725105
2.429573
2.716523
1.823421
1.874274
2.023388
1.542402
1.862719
2.375286
2.938231
2.846169
2.052180
1.845561
2.003036
1.553691
3.603059
2.812044
2.115138
1.695143
1.895023
1.775262
3.018118
2.220604
1.997051
3.123411
2.094187
2.961812
2.721957
1.691980
2.280582
1.877664
2.201916
1.788834
1.849784
1.640972
2.520459
2.411883
2.246903
2.290754
2.527548
2.694531
1.716822
1.541593
2.671546
1.698000
1.272158
