3.026864
1.753220
2.092056
1.717655
2.156646
2.262417
1.714867
1.466331
5.771057
4.084919
2.213063
5.385077
2.687753
1.983604
1.378952
3.943628
1.898257
2.057313
2.488993
1.911142
1.511409
2.524497
3.806706
2.887123
1.947160
1.987858
2.484778
2.783842
2.304561
1.598774
3.905099
1.585506
1.838919
2.370437
2.285475
2.534060
2.159057
2.347123
1.558480
2.259095
3.077211
2.622588
2.045433
2.084798
1.963417
2.138716
2.515649
2.237312
2.156822
2.389612
3.386638
1.677130
2.503231
2.870118
1.090784
1.968334
2.596657
1.143075
1.426875
1.701776
1.925754
1.312725
1.820233
1.795587
2.897848
1.791598
2.370623
1.965718
2.179931
3.720417
2.703184
2.831470
3.038568
2.428053
1.980302
1.644260
1.492630
1.651965
1.525246
2.481711
2.702500
1.423485
1.556524
1.889356
1.535993
2.176596
1.724696
2.049050
3.995665
1.721817
1.306726
1.036795
2.818828
2.224855
1.827542
1.871154
1.690161
2.478605
1.661922
2.075771
1.882973
1.764462
2.340356
4.707947
2.752738
3.751516
3.194124
2.437446
2.150199
3.745469
2.281132
2.211787
1.333936
1.773904
2.156611
2.009248
1.636899
1.950655
2.264583
1.988721
2.427835
1.603637
1.277522
2.436469
3.467413
1.567210
1.703678
2.410306
2.094902
2.624644
2.302883
4.150545
1.220344
2.286694
1.725537
2.611188
1.817746
1.682592
2.608171
1.937959
1.981616
1.924084
2.359123
1.870715
1.855127
2.554400
2.920510
2.047551
5.463164
1.734657
2.055477
2.272512
2.784504
2.644817
2.733752
1.899160
1.856459
3.125824
3.275335
2.977478
2.564607
4.085227
