1.767679
2.158780
2.684244
3.368139
2.177274
2.207517
3.018991
1.530279
2.490952
2.051816
2.116562
2.288273
1.900334
3.074873
1.695940
2.170289
1.560250
1.909698
3.008340
2.178161
2.928997
1.630272
3.156617
2.482396
2.690056
1.451184
1.527591
2.423019
1.237759
1.263572
1.487773
2.700248
2.017559
2.066502
1.623442
3.266971
1.537492
2.319248
2.897362
3.465557
3.962915
2.400872
3.727155
2.628610
1.865744
2.261260
1.973053
2.136736
2.274254
1.527535
1.735291
2.071352
2.427281
1.058516
1.704042
4.093414
2.898056
2.659712
1.155065
3.315423
1.533622
2.822666
2.423643
3.198216
2.764929
2.020214
2.357853
1.521558
1.982690
3.185184
2.478893
3.412827
1.664984
1.897936
2.466987
3.244955
1.192887
1.529493
1.308364
2.660476
1.984662
1.300034
3.792314
3.894528
1.464328
2.799001
2.022549
2.011165
2.383424
1.967931
1.447958
1.283793
1.910877
2.119394
2.201090
1.522186
2.801441
1.166550
2.495907
3.041382
1.349094
1.522115
2.023194
4.438523
1.560624
2.844997
1.843030
3.517584
2.243983
2.379613
1.642081
4.360484
