2.235914
2.313047
2.854192
1.544779
1.515391
2.884751
2.039496
1.706453
2.436925
2.062139
1.409178
2.354253
2.003973
2.045016
3.113736
2.034926
1.065931
2.321468
2.254009
2.346579
2.115604
1.403323
1.820574
2.167460
1.897187
1.648386
1.418245
1.514605
2.474473
1.570987
1.636763
2.340187
2.086390
1.737338
1.843576
2.398365
3.265390
1.971615
1.778670
1.166141
1.693955
1.888517
2.609290
2.797470
1.995765
1.848225
1.683129
3.635255
1.649740
1.295435
1.876296
3.145290
1.121942
2.245813
2.017850
1.907670
2.882811
1.682970
1.321799
1.490199
2.209191
1.720712
1.529117
1.397555
2.216032
1.641858
1.396339
1.736050
1.857413
1.798363
2.099483
1.575385
2.155977
1.209636
2.338733
1.759025
1.801837
1.849800
2.468691
1.109484
1.431134
1.848920
2.201103
1.687122
1.649708
1.165855
1.840660
2.219956
1.973909
1.272843
2.179978
1.623599
1.318205
1.730272
2.079771
1.590276
1.240747
1.426326
1.488493
1.765193
1.863549
2.301744
1.351010
2.318151
1.207100
2.628985
1.662456
2.515576
2.221467
2.210768
2.772431
1.400543
1.685976
1.505901
1.731527
1.431458
2.108173
1.558764
1.797386
2.243488
2.592419
1.023796
1.555365
1.560314
1.856532
1.278749
1.802555
1.593928
1.827834
1.644407
2.202873
1.959765
1.739523
1.552976
1.986419
2.004418
1.899992
1.168181
2.158890
1.565767
1.187575
1.756597
1.738610
1.482909
1.024933
2.097522
2.216823
1.174948
1.533183
1.654013
2.574276
1.426070
2.899746
1.332595
1.487669
1.226952
2.492782
1.338257
2.284302
1.874012
3.504644
1.816576
1.552124
1.425907
1.737473
2.341715
2.425595
1.503514
1.964686
1.363973
1.523805
1.512821
1.666696
1.572847
1.637338
1.777763
2.150622
2.778795
3.465751
1.764745
1.553153
1.430387
2.117031
1.702553
2.637991
2.806693
2.763807
1.632709
2.214825
2.852868
3.059563
2.849741
1.491108
2.190183
1.594816
2.695743
1.822433
1.069772
1.590626
1.276467
2.319388
1.578475
1.854888
1.169568
1.657063
1.188831
1.125439
1.750696
2.946477
1.712489
1.839791
1.195774
2.663774
2.517190
1.672788
1.153721
1.939907
2.440591
1.722186
1.729772
1.256836
1.326494
2.567990
1.466529
1.585470
1.557025
1.517514
1.859730
2.209018
2.333166
1.469855
1.664325
1.800750
2.537149
3.480497
2.084732
1.769604
1.365988
1.965564
1.475136
2.420954
1.723260
1.079272
2.105932
1.950189
1.957363
2.102327
1.176253
2.048176
1.844885
1.714514
1.234264
