2.101417
3.198257
3.473464
1.731903
1.928249
3.161142
2.113826
1.560830
1.943691
1.517570
2.588722
2.481926
3.428405
4.102700
1.649570
1.409773
3.374955
1.648453
2.343222
3.784004
2.500581
2.438968
1.938752
2.118500
1.340886
2.591063
1.607530
2.802680
1.765411
1.957064
2.322570
2.400318
1.938578
2.525004
2.346539
2.314408
1.731957
2.004243
1.331698
3.328029
2.775588
2.422118
4.401644
2.500894
3.035955
2.258791
2.667081
2.728813
2.601569
1.655522
2.237132
3.721035
1.871652
1.747854
2.038857
2.185970
2.195706
1.614188
1.685377
1.072808
1.667924
2.556428
2.516213
2.416147
1.605747
1.276579
1.941506
3.262868
1.963161
1.280972
2.171970
2.561786
1.457056
1.924056
3.174339
3.357093
2.136003
1.569339
3.405179
3.419793
1.710627
1.683231
1.788389
4.401665
1.553968
1.855477
2.288246
1.486964
2.716335
2.129529
3.089209
2.845241
2.332084
2.182252
3.532639
2.381752
1.924629
1.511736
2.385875
2.966913
3.118300
2.326602
2.352855
1.618680
2.313028
2.692214
3.535920
2.244066
2.029019
1.849599
2.373303
1.561812
2.098522
2.761818
2.397565
1.506383
1.860166
1.790666
3.452667
2.096726
2.732513
2.152991
3.769776
2.495699
1.547545
1.589346
1.700406
1.561778
2.783359
3.267862
1.408700
1.457296
2.431106
1.882972
2.651388
3.072569
1.203937
2.852687
1.481745
1.558659
3.337603
1.909740
2.046840
1.877442
1.851063
2.182098
2.260188
1.398685
1.226204
1.222402
5.239223
2.259408
1.927341
2.336444
2.820710
3.446472
1.856080
2.000577
1.157058
2.401133
1.630573
2.329058
3.437389
2.084993
1.666094
1.965809
2.142390
1.502838
1.196248
2.718943
1.769796
3.588635
2.520135
1.001819
1.245822
2.239222
2.093412
1.249861
2.729891
3.483748
2.689063
1.744877
1.589010
2.346714
2.562598
1.839320
2.405154
2.488708
2.391072
1.281360
3.055875
1.808437
1.648295
1.512673
2.576664
1.222431
1.906819
1.957033
2.829293
1.879198
2.278393
1.516532
2.313955
2.474849
1.722272
2.278466
1.724177
2.379551
2.111691
2.159743
3.251863
1.609390
1.342705
2.461024
2.208762
2.279548
1.628105
1.248046
2.714264
2.218127
1.533326
2.664856
1.824945
2.180948
1.554043
1.828663
2.992178
1.660497
1.812827
2.479789
2.497114
1.347005
2.555315
4.489376
1.501540
2.222434
2.133497
1.882181
1.086751
1.122363
1.909929
2.876824
1.667255
1.618039
1.327616
2.083192
1.908057
2.194103
2.620229
1.631454
3.752602
2.412123
1.532635
2.983316
2.296531
1.204350
2.213039
2.503890
2.014309
2.973861
1.864545
1.199216
1.713622
1.900656
2.232821
1.835087
1.494150
1.380879
1.398678
1.465052
1.841799
1.649868
1.772231
1.286996
1.585153
2.290667
1.603691
2.068578
1.791281
2.386499
1.283641
2.646199
2.083837
1.734011
2.142399
1.203723
1.545631
1.761981
2.192238
4.317158
2.159380
1.666507
