1.507890
2.282513
1.812367
3.168764
2.271232
1.858221
2.202268
2.129303
1.549338
1.598376
1.941729
2.603251
2.202622
2.315508
2.798948
2.330485
1.848859
1.330740
1.737971
2.022569
2.209635
2.986520
2.227254
2.487915
2.356344
1.474187
2.901767
2.534178
1.278368
3.358687
2.649644
2.018824
1.185106
1.885301
2.042481
2.523158
1.844831
1.581910
3.366571
2.824634
1.788382
2.463788
2.043211
1.921728
2.072713
1.248484
1.627879
1.719786
1.724143
4.154182
1.383393
1.854404
2.620330
2.415945
1.859336
1.546870
3.848679
2.960928
3.646599
1.846644
2.065845
3.812688
1.559538
1.618312
1.764499
1.402164
3.460356
2.297566
2.405186
2.423012
3.087680
2.700419
1.741679
1.916628
2.015375
1.805358
1.364508
2.026131
1.456895
1.780812
2.008518
1.843891
1.535767
1.476328
1.971253
1.933731
1.715873
3.349595
1.663691
2.653078
1.360003
1.453961
1.677377
1.545436
1.105607
2.543708
2.250097
1.709470
1.593044
1.236452
1.562755
1.425976
2.275154
2.392239
1.235591
2.540715
2.178649
1.820079
1.322411
2.016982
1.443615
1.393957
1.692955
2.315983
2.152414
2.466208
3.667801
1.388006
3.750773
2.184336
2.618469
2.405947
2.333740
2.289609
2.720958
3.676043
1.951932
2.107128
1.723053
2.215050
1.297255
1.289022
1.395188
2.690643
1.918665
1.381214
1.443066
1.404404
2.405438
1.916361
2.615507
2.129457
2.550336
1.604871
2.123118
1.501936
2.566615
1.351209
2.392491
1.604177
1.232692
1.798532
1.885314
2.152378
2.690779
1.909709
2.037883
1.660323
2.550600
2.907437
2.727365
2.182959
1.654428
2.154305
1.489843
1.566014
2.105903
1.860477
1.442851
1.850214
2.408012
2.463544
1.407432
2.053689
1.779878
2.004594
1.993655
1.372564
1.824548
2.248482
2.573797
1.466114
2.544518
1.305429
2.067140
1.651188
1.623221
2.409630
1.476449
2.049472
4.063228
2.416893
1.410327
2.230649
2.430643
1.701927
1.955481
1.394550
1.868961
1.455610
1.788945
1.490821
1.720336
1.640308
1.296289
2.373884
1.599406
4.797674
1.766903
1.728847
2.011279
1.556777
1.407139
2.454222
1.453273
3.909257
1.761324
1.804539
2.240916
1.090745
1.669271
2.010061
2.294810
2.197243
1.753623
1.903190
4.893045
2.012239
2.074014
1.496921
1.365315
1.917632
1.333322
1.475004
1.983930
2.344035
1.168522
1.744182
2.125677
1.968697
2.003318
1.370202
1.172229
1.497391
1.402264
2.398399
2.339677
1.534073
1.934415
2.160285
2.275130
1.639610
1.018072
2.319990
1.519489
1.035023
1.189485
1.277159
2.082242
2.152235
1.835201
1.819353
1.750448
2.024697
1.906747
2.114834
1.886277
1.836586
1.955362
1.943638
1.211830
2.893489
2.360420
1.485527
1.881466
2.040409
2.416690
1.155689
1.194349
1.202177
2.033463
1.716105
2.027937
1.502785
2.410113
1.745804
0.996853
3.124902
1.434188
2.059100
2.203294
1.616188
2.042189
1.440004
1.814284
1.954486
3.543458
1.822789
1.764119
2.210915
1.800922
2.693537
1.555743
1.208416
2.921700
2.207549
2.382780
1.403435
1.401409
2.095858
2.238645
1.745017
3.247514
3.012769
1.398115
1.942669
2.229264
1.847633
1.851449
1.702494
0.968783
1.765789
1.281105
1.262679
1.633879
2.259825
2.107287
1.997661
2.524908
1.566644
1.701513
1.923940
2.606765
1.479294
1.626352
1.696676
1.282660
1.668646
1.629527
2.128141
2.014963
1.821193
1.072806
1.878954
2.857898
1.862471
2.999969
0.758123
2.025765
1.858917
2.020938
1.965398
1.371561
2.228173
2.491605
1.483465
2.048875
1.497356
1.069891
0.867447
3.837058
3.107606
1.353788
1.083933
1.612505
1.409879
2.026775
2.374137
1.807898
2.118207
1.818543
1.632410
3.134181
2.394310
1.549553
1.550923
1.577229
1.765666
1.416092
1.702858
2.559540
1.903525
1.124383
1.796519
1.526695
1.937575
1.800238
1.364240
2.143646
2.531532
1.430008
1.438046
1.611978
2.128006
1.271102
1.296200
1.735920
2.585013
2.050924
1.639181
1.296371
1.615675
1.791070
1.379482
2.102183
2.884284
1.454743
2.350244
1.319270
1.497773
1.895972
2.796979
2.352759
1.646034
4.453608
0.961348
4.549271
1.533303
2.069505
2.017409
1.930224
1.869776
1.066438
1.330545
1.346220
2.224664
1.778025
3.847678
2.416871
2.427120
1.919668
2.407058
1.459862
2.809552
1.344100
1.277614
1.682455
2.077855
1.491582
2.177319
1.553025
1.892633
1.925046
1.680791
1.103333
2.463090
1.577407
2.681814
1.997345
1.757403
1.517886
1.471085
1.818982
1.323747
1.413205
1.982287
1.694347
2.135167
1.911380
1.863255
1.782506
2.984088
2.091375
1.445501
2.377605
3.557813
1.246877
1.571453
2.298745
1.148048
1.432962
1.400574
1.560780
1.374089
1.612383
2.086383
1.983925
1.848345
1.606603
1.680505
1.761859
1.621664
2.300184
1.788605
1.426409
1.438013
2.013521
1.394581
1.022948
2.152404
1.803712
1.846743
1.676593
1.633465
1.690743
3.532479
2.591389
3.414479
1.339363
2.020554
2.198665
1.415820
2.661008
1.517178
1.446637
1.546649
1.717721
1.481586
2.352604
1.829769
2.745252
1.462243
2.144261
1.556190
1.613657
2.844927
1.186644
2.511217
1.531482
1.366940
1.455378
1.884374
1.928211
2.005162
1.833473
1.612189
