1.263397
1.952748
1.743601
1.136881
1.938358
1.139137
1.679929
1.440630
1.913335
1.443975
1.613012
2.102648
3.677618
1.381652
1.889633
2.184159
2.266504
3.477317
1.786609
1.030184
1.383441
2.132022
1.124683
1.095242
1.160733
1.096015
1.868786
2.303777
1.267609
1.323901
1.987215
1.816884
1.704071
1.708220
1.377229
1.959667
0.871585
1.901728
2.077968
2.080173
1.415127
2.944087
1.791422
1.618140
2.012920
2.288458
1.697765
1.808524
2.103850
1.277810
1.247224
2.117147
1.967642
1.596186
2.013585
1.770242
1.096603
1.979247
2.134283
1.467374
2.439697
1.846062
1.560113
1.820183
2.029715
1.163445
1.314780
1.537230
1.179687
2.096140
1.176807
0.820118
1.486431
1.710983
3.394760
2.354516
1.811062
1.819171
1.706549
2.132342
2.335638
2.566767
1.587938
2.216782
1.633309
2.282725
1.551063
1.699995
2.038637
1.238893
1.201034
1.799739
2.031787
2.286042
1.793560
0.990114
2.069335
1.835087
1.306719
1.187997
1.169123
1.611331
1.324252
