1.545613
1.254286
1.772199
1.186930
1.772583
1.475980
1.835349
1.763264
1.758984
1.099086
1.748401
1.262787
1.420184
1.842610
4.405870
2.004858
1.354686
1.932319
2.342626
1.757671
2.315395
1.864312
2.318499
2.801056
1.068772
1.284101
2.176859
4.593992
2.142719
2.432084
0.990582
2.617589
2.393957
1.524237
1.828927
1.677962
1.017291
1.877503
2.252799
3.433735
1.612441
1.620477
1.500694
2.072602
1.388614
2.525019
2.051956
1.990454
1.407080
1.877385
1.574620
2.495060
1.598676
1.232435
1.598081
2.694608
1.496233
2.359397
1.365516
2.801547
1.830902
0.968854
3.797726
2.147617
2.503289
2.108639
1.576821
0.945726
3.905891
1.732527
0.933186
2.188250
2.237647
1.127287
1.585163
1.268745
2.768105
2.797666
2.005127
1.105350
1.946786
1.442512
1.983404
2.482845
1.855963
1.504350
2.724936
3.393149
2.018695
2.683397
1.537960
2.085594
1.318132
1.225163
1.072454
1.477647
1.215108
1.010919
1.383102
1.269132
2.802644
1.756780
1.432476
1.846262
1.885746
1.978044
2.001308
1.170552
2.140519
1.377143
1.078259
1.512547
1.503289
1.605387
1.405902
1.586357
2.204175
3.177891
1.971086
2.059585
1.576857
1.028934
2.056609
1.651176
4.419320
2.125483
2.092169
2.016983
1.889087
1.003198
3.286720
1.401737
2.360238
2.072299
2.009018
3.337824
1.962104
1.640843
1.740237
3.097142
1.492518
1.902509
1.253219
1.220732
1.625430
1.588903
1.819293
1.493665
1.347882
1.643454
1.927301
2.375310
1.392584
1.938752
1.881353
