1.945536
1.814980
1.584792
1.947143
2.062696
1.206922
0.958011
1.557785
1.541659
1.214987
2.111813
1.312123
1.363961
1.761581
2.081800
1.996369
1.030445
1.189272
2.254307
1.377380
1.742950
1.571327
1.860196
1.974283
1.462629
2.359081
1.592536
1.085768
2.148697
1.777483
1.207561
1.423946
1.521922
1.434622
0.928867
1.268607
2.972117
1.258802
1.277144
1.190741
2.717784
1.686065
2.324306
1.439445
1.331444
1.632256
1.763295
1.627314
1.199760
1.387572
1.624607
1.882861
1.408754
2.058682
1.233727
1.570818
1.047788
1.418636
2.038033
1.692998
2.636972
1.437563
1.381759
1.811272
1.009240
1.405149
1.281901
1.199276
1.056621
2.677175
1.161425
1.205140
1.061111
1.656208
1.726089
1.290511
1.285111
1.816619
0.905998
2.678493
1.124630
0.877755
1.453895
2.133893
2.049906
1.492923
1.477839
1.602147
2.077069
1.606995
1.266613
2.121692
1.553492
1.181284
2.085226
1.782864
1.620180
1.585674
2.242410
3.284689
1.759035
1.388893
1.367379
1.203394
1.300680
2.647294
1.642851
1.655465
2.956059
1.281839
1.631566
2.579432
2.020508
1.367684
1.862883
1.412065
2.489613
3.091461
1.576604
