1.251618
1.798217
1.185919
1.748847
1.897364
1.492849
1.428284
1.182024
2.678367
1.670499
1.966208
1.176935
1.531894
1.834530
1.507172
1.314115
2.293617
2.789994
0.989369
1.429546
1.511142
2.051419
1.235222
2.288932
1.240875
2.178607
1.918535
1.162225
1.742663
2.593893
2.244138
1.333984
1.422405
1.924301
2.018209
1.768834
1.684031
1.612560
1.727203
1.882828
1.518865
1.477597
2.602347
1.378904
2.026061
1.803071
1.302687
1.374938
1.796003
1.476831
1.307212
2.327158
2.040371
1.659195
1.536038
1.561341
1.311210
1.357866
1.576746
2.228580
1.490344
2.057113
2.091258
1.375942
1.683859
1.882348
2.022042
1.223494
2.316606
1.504522
1.185619
1.269372
1.280114
2.310876
1.511868
1.576701
0.922330
1.862734
1.916208
1.871638
1.746968
2.491523
1.531119
1.193614
1.849819
1.415425
1.869776
1.980452
1.340373
2.841743
1.451734
1.875992
1.131708
2.305735
1.261035
1.288323
1.837441
1.738939
1.881506
2.150230
1.132487
1.456890
1.869042
1.650304
1.082865
1.687226
1.239928
1.839750
1.127360
