4.379256
1.410815
2.062731
1.589977
1.265044
1.404559
1.467430
3.283969
1.970898
1.691523
2.357878
2.102823
1.343798
1.630401
2.140439
2.353563
1.323147
2.477187
1.600705
1.722618
2.629403
2.022813
1.985525
1.962755
1.313615
1.440555
1.347094
4.341863
1.757883
2.380161
1.849148
2.067127
2.041403
2.050813
2.003178
1.772117
2.088919
2.006733
2.244970
2.250494
1.165099
1.371634
3.055310
2.036891
2.121604
1.992898
3.198986
1.949630
1.321153
2.629260
2.966530
2.556071
0.925334
1.139550
2.332916
3.366597
2.201544
1.257094
1.270134
1.177981
1.761840
1.717958
1.572952
2.913311
1.886749
2.781125
1.699719
2.056241
2.284879
1.160772
2.028511
1.834189
2.766488
1.798429
1.679180
1.144679
1.260472
2.557381
1.701502
2.871147
2.408126
0.996151
2.036502
2.030733
2.343310
2.253259
1.723213
1.424231
2.075318
2.397135
1.529190
2.894933
1.473502
2.276789
1.031517
1.615469
1.285967
2.630027
3.548852
2.202291
1.197345
1.538419
1.497273
1.108078
1.815423
1.979382
2.850912
2.178963
2.230806
1.474524
1.526729
1.858180
3.140099
2.031398
1.556716
1.079550
1.583655
1.476851
1.800052
2.735634
1.451933
1.102129
2.434190
4.538650
1.410889
1.995017
2.027122
2.473134
1.062108
1.282299
