1.223500
1.500069
1.931270
3.829359
1.685878
1.945994
2.123681
1.960989
1.835708
2.369920
2.067422
1.688094
1.755955
1.594931
4.180238
1.461001
1.980375
1.945920
1.860687
1.938418
2.171117
1.734828
1.648616
1.785453
1.624066
3.722675
1.731262
1.494962
2.137520
2.217355
1.415233
1.563468
1.572020
1.667055
1.837420
1.414827
1.478158
3.064259
1.930022
1.381303
1.460037
1.572972
2.480943
1.896584
1.251680
1.977380
1.469288
2.329174
2.388297
2.117724
2.269875
1.328677
1.927899
2.121478
0.982519
1.439445
1.216458
1.362278
1.768114
1.582186
1.876915
1.066489
1.450771
1.262695
1.391577
1.456040
2.252100
1.505523
2.446866
3.387518
1.832585
1.433998
1.913150
1.379832
2.068187
1.572118
1.856659
1.661162
1.022528
1.570936
2.213425
2.524149
2.294305
1.334460
3.468883
2.697895
1.436133
0.963004
1.432760
1.289509
1.640470
1.518721
0.989350
1.976958
2.360023
1.122346
1.112896
1.210892
1.416197
1.529137
1.404915
1.756753
