2.581438
1.393532
1.591580
2.069461
1.404610
1.392531
1.480978
1.452381
2.418800
1.441523
1.456454
2.439063
2.449012
2.356272
2.394966
1.661244
1.622916
1.238947
2.775384
1.416585
1.697008
1.944595
1.055560
1.311943
1.921819
2.049947
2.162642
1.097358
1.567278
4.093920
2.159538
1.438076
2.961154
1.895488
2.441212
2.005852
1.776670
2.021780
1.527527
2.643450
1.202440
1.406405
1.774193
1.719198
1.043608
1.912392
0.961410
1.612176
1.967989
2.199076
1.992833
0.962842
2.202431
1.469233
1.587911
2.049649
1.297778
1.587710
1.432900
1.627098
1.491441
1.578830
1.756952
1.928615
3.209330
2.268862
1.538881
2.230642
2.001677
1.783643
0.937439
1.531007
1.230755
1.576944
1.290850
1.701252
1.448890
1.958383
1.052783
1.465665
2.422940
1.243851
1.666032
1.440232
2.136647
2.040777
1.836617
2.118781
1.674008
2.375964
1.538412
1.721047
1.394778
2.019612
1.062393
1.278328
1.736019
1.642706
1.753240
2.335822
1.746163
2.093642
1.975694
1.426446
1.358105
1.105422
1.990251
1.714187
1.049207
2.045216
3.075298
1.860166
2.184472
2.389861
1.291907
2.321319
1.483412
1.184374
1.464363
1.213879
1.392447
1.979343
1.935854
2.153831
1.780961
1.402781
1.152282
2.003214
1.464135
1.403905
1.831311
2.456257
1.115778
1.929570
1.846763
2.198844
1.816662
1.169186
1.959453
1.694116
1.987119
2.335343
1.525681
1.386924
2.317473
