1.130068
1.076632
2.227576
3.107675
2.203968
1.341481
1.365961
2.097445
1.636339
1.733184
1.709569
1.765153
2.688019
1.261468
1.759297
1.747516
1.562655
2.728055
1.736711
1.237628
2.917720
1.376001
2.389844
1.172916
1.254861
1.836439
1.124079
2.361672
2.481451
1.544373
2.234758
1.619707
1.341486
1.496725
2.929828
1.124828
1.419170
1.698000
2.124220
0.921990
1.717295
2.491116
2.011445
1.596161
1.500834
1.156885
2.084695
1.499264
2.352663
2.911922
2.424401
2.099038
1.647906
1.996922
2.276110
1.516324
1.106856
3.168234
1.692459
1.745741
1.983548
1.602827
1.460638
1.176295
1.988492
3.472626
2.033973
1.296298
2.561275
2.788228
1.113646
1.514220
2.124471
2.746415
2.301387
1.188388
2.124066
2.625039
1.226383
1.643371
4.075678
1.437459
1.279089
1.494998
2.331471
1.702765
1.194504
2.586603
4.109620
1.101083
1.649775
1.213469
1.159078
2.991708
1.315932
1.467702
1.637198
1.468043
2.022252
2.269405
1.380918
1.948078
1.135491
1.703347
1.701818
1.473165
2.279858
0.917768
1.085767
1.244672
1.392453
2.380944
2.793625
1.807327
2.361162
2.341604
1.809437
2.473974
2.925896
1.740018
1.484452
1.705579
3.936188
1.361533
1.236606
1.871800
1.741894
2.484854
1.255718
1.960633
1.573003
1.716239
2.188235
1.614559
2.111044
2.886748
1.991423
1.969289
2.279099
2.300023
2.422718
1.463276
3.144992
1.849183
1.389448
2.812339
1.408679
2.013717
2.719761
1.665598
2.357015
2.571817
1.587931
1.945565
1.265705
2.949003
1.247358
2.507524
1.174113
1.673345
2.191555
2.894189
1.586727
2.254242
1.300338
1.384792
1.403683
1.194751
2.552099
2.058113
2.211168
1.293885
