1.243667
2.759856
1.859733
1.009843
1.402473
1.479718
1.839354
1.074969
1.296627
1.593549
1.706928
1.438385
1.901045
0.954371
1.463040
1.302649
1.055414
1.865274
1.523459
1.157738
1.719507
1.737345
1.611216
1.171022
1.111191
1.636712
1.420346
1.615050
2.134605
2.443396
1.640569
1.724812
1.363474
2.400253
1.304790
1.729765
1.165176
2.473733
2.782808
1.582722
1.506986
1.990544
1.840832
1.130716
1.297985
1.257884
1.158970
2.115913
1.339891
1.353443
1.460879
1.814038
2.198108
1.584925
1.332204
2.333374
1.881805
1.961729
2.271449
1.204635
1.496760
1.595813
1.609801
1.299270
2.014000
2.271435
1.889379
1.733246
2.566114
2.491656
2.663287
2.387542
2.314214
2.116827
1.730664
1.365405
2.152703
1.108718
2.439115
2.121660
1.818249
1.153563
1.631820
1.463664
1.323490
1.275064
0.994336
1.595689
2.041302
1.663235
2.229890
1.734019
1.525992
2.016372
1.706288
1.448100
1.518240
1.282857
1.534733
2.096580
2.030752
1.616912
2.189263
1.615065
2.724861
1.972852
1.077181
1.842377
1.420423
2.200001
1.508141
2.410505
1.778204
1.433666
1.567048
1.657122
1.829347
1.562789
1.050339
2.860100
0.962419
1.544829
1.216665
1.216984
2.217674
2.867104
1.281563
2.771351
1.793380
1.330931
1.862853
1.660385
2.040021
1.918104
1.281900
1.485933
2.140181
1.250719
1.922307
1.855783
1.790433
1.657211
3.320642
1.759603
1.412560
1.538230
1.975899
1.318117
1.784926
1.431207
1.860903
1.732833
2.607001
3.222046
1.325399
1.851004
1.941343
1.814940
1.463935
1.762024
1.601832
1.701230
1.534104
2.465750
1.961506
1.251331
2.277771
1.712375
2.056784
1.652556
2.530332
1.466575
1.846407
2.099302
1.095676
1.371200
2.820324
1.927575
1.593711
2.318798
1.078621
1.264575
1.722857
1.428985
2.377184
1.938017
1.851344
1.029043
2.425272
1.179593
2.046017
1.594013
1.549692
1.493476
1.445808
1.649386
2.018837
1.408528
1.720693
2.522980
1.900009
2.015331
