2.409714
1.586248
1.799525
1.453981
1.153873
1.775820
2.970170
4.902576
1.817030
1.099444
2.640471
1.233005
1.500457
2.475709
1.527264
1.810258
1.546593
1.880417
1.539258
1.767016
1.611029
3.001471
2.452490
2.330950
2.693280
2.748176
2.404427
3.509964
2.156438
2.078865
1.986774
1.721216
1.073340
1.378449
1.939716
2.974203
1.928245
1.544029
1.449728
2.629612
1.285705
1.898646
1.512014
1.277779
2.299360
2.424333
1.030773
3.018332
1.300931
3.296586
2.068980
2.079968
2.609586
2.755441
2.469277
1.066633
2.357053
4.247972
1.905951
1.519992
1.680500
2.371016
1.330486
3.676451
1.666123
2.125054
1.212675
1.088708
2.144501
1.150093
2.070601
1.584328
1.363673
1.184533
0.937697
1.349628
2.744776
1.558822
2.440212
1.495598
2.761351
2.325886
1.683970
1.425257
1.146469
2.070713
1.394795
2.541441
2.004504
2.254211
2.842774
3.156824
2.664979
1.799363
1.248169
1.735309
1.836796
1.133141
1.175478
1.350353
1.593085
1.923848
2.072779
1.144546
1.819689
1.731635
3.038377
2.190740
3.268267
2.488081
1.474791
1.695167
1.764543
1.690957
1.548963
2.677495
2.580859
2.113736
2.873905
1.547456
1.534350
1.798335
1.830174
1.948392
1.543651
1.831138
1.404298
1.889779
1.676195
1.194444
2.513092
1.786881
1.296146
1.885082
1.456465
2.890361
1.787704
1.808960
1.758987
2.527699
1.337063
1.097896
1.539432
1.967668
1.348968
2.326839
1.470616
1.606244
1.463585
2.067495
1.865589
1.568537
2.086699
3.168259
1.411372
2.666028
1.534376
3.079724
2.469953
1.403214
2.090322
1.772146
1.831342
1.731087
1.818875
1.141580
1.210961
1.368051
3.208675
1.543432
1.163869
1.331091
1.710798
2.379180
1.642341
1.934951
1.355968
2.407775
2.964676
1.358841
1.646765
1.869886
1.932542
1.330403
2.135608
2.110482
1.244640
1.488700
1.668091
1.569154
2.017107
2.528621
1.379433
2.097517
2.537982
1.203041
1.808885
2.030308
1.735836
2.056171
1.931514
2.320426
0.906464
1.785829
3.073738
1.681898
2.418060
1.831587
2.198608
1.749579
1.658181
2.218762
1.815217
1.938945
2.637226
1.526351
