1.375998
1.060313
1.609019
1.520517
1.238762
1.717159
1.723967
1.989679
3.339435
1.948742
2.511280
3.147702
1.832242
1.335459
3.040003
2.046683
2.452977
1.755782
1.422296
2.293337
1.812918
1.999948
1.534004
1.412788
1.708252
1.938800
1.310940
2.225960
1.555017
1.672530
1.417368
1.094888
1.338452
1.233697
2.191812
1.911686
4.686387
1.858341
3.809219
4.368667
3.008450
1.678631
1.837008
1.711613
1.392213
1.110649
2.730703
1.769925
1.478918
2.618072
2.622339
3.433874
2.149928
2.528911
2.539971
3.206198
1.866867
3.446122
0.964578
1.280190
1.307496
1.381071
3.547503
1.914707
1.391118
1.808316
1.132561
1.719893
1.358634
1.719883
3.143893
1.848241
1.953565
1.707580
1.644397
1.859045
1.755969
2.363621
1.094051
1.900085
1.124508
1.545800
1.433937
2.432482
2.259894
1.701483
1.640410
4.115460
1.976645
1.208945
1.751583
1.776345
1.697725
1.935155
2.203420
2.493656
1.306722
2.967648
2.172530
2.356958
1.198263
2.161064
2.847687
0.994589
1.996662
1.642244
1.951961
2.431662
1.488435
2.107720
1.572183
1.899877
1.463185
3.662358
1.782910
2.041114
1.766145
1.311250
2.065369
1.005386
1.596775
1.323934
0.977812
1.988214
1.845358
1.609086
1.246876
1.495775
1.155254
1.908685
1.268373
1.232238
0.887402
1.598332
2.794538
1.903097
1.457068
1.929762
1.072765
2.527843
2.070026
2.707165
1.065295
1.348514
2.258126
2.328016
1.857668
1.686586
1.856887
2.095414
3.314394
1.052126
1.515167
