4.139729
6.050951
2.631784
1.482179
21.162857
4.739226
4.562234
2.119218
1.778389
3.273564
1.165408
3.298440
1.933279
2.051694
5.186108
2.812754
1.983883
1.532610
1.454980
3.923208
6.327551
1.535035
7.003439
6.839166
3.306499
1.926877
3.783540
7.536484
2.076989
1.382468
1.833324
2.023160
2.285842
2.329514
1.775346
3.258127
2.477503
2.207721
1.532457
1.792613
2.082470
3.168437
1.929748
2.600083
1.565914
6.035574
3.436133
1.638470
2.454704
2.147880
3.019979
1.346917
3.909132
3.909268
1.234404
2.709168
3.861055
1.308906
2.652380
3.336498
1.271196
7.386500
3.714705
1.735493
1.721995
3.284544
2.079739
2.696269
1.510118
2.498622
1.489229
2.088082
1.924191
5.263234
4.748400
3.243164
1.040178
2.668401
5.159357
2.043520
2.456190
3.682446
3.506039
2.325099
2.852364
1.595682
1.221117
2.470070
1.564537
1.550551
1.716323
1.642974
2.473805
2.575165
1.343299
2.273428
2.273509
1.264974
1.888349
3.447831
3.071481
3.377390
1.782641
1.783557
1.502805
2.186676
2.309904
1.544059
2.517903
2.579563
