3.267511
2.326410
2.519383
4.877906
4.359487
2.506233
3.603179
3.457730
3.795374
2.821800
3.428051
3.427261
3.947538
3.738726
2.920978
2.233447
3.060860
5.884315
3.301630
3.302343
4.579521
4.510934
3.949217
4.333931
2.396523
3.817798
3.865291
2.543250
5.130362
4.265360
3.085104
3.005856
3.945846
5.695611
5.377575
4.277798
2.402892
2.602034
2.585668
3.017077
3.710634
3.457424
5.345076
2.327821
3.039528
3.012419
3.185708
2.607640
3.513504
4.153997
3.390159
3.046111
3.269342
2.257322
3.056184
3.455067
2.491587
3.001611
2.658580
3.540646
3.455817
2.323796
2.445185
2.953187
2.706232
3.152403
2.999695
2.572021
2.829342
2.363633
3.504775
3.464674
3.228681
2.758500
3.898032
4.378754
2.973423
3.975106
2.514517
4.740174
3.954313
1.736679
1.733395
3.835954
2.427751
1.932494
3.668947
4.688564
2.567377
3.534242
2.381816
3.443750
3.319746
2.642517
2.934166
4.319980
2.921518
3.481508
2.569768
2.959857
2.928753
3.255500
2.293454
2.957679
2.390832
2.780599
3.576428
2.334638
4.152484
2.526029
2.677928
3.203846
3.136145
5.777053
2.885832
3.172826
2.604587
2.307978
3.127164
3.030599
3.161499
2.612803
2.279036
2.166658
2.524005
2.625052
3.174443
3.311678
2.964335
3.079159
3.557513
4.412001
2.230293
2.711809
3.275980
2.955212
3.308204
2.111258
2.703802
2.107836
2.721941
3.993477
3.908663
2.659251
2.642072
3.219621
2.436127
2.387039
2.718704
2.658562
3.073216
2.793397
3.709388
2.711324
3.450371
2.645084
4.837201
2.662623
2.802154
4.032125
2.459516
3.610363
2.736448
2.098190
4.281435
2.277205
2.732449
2.088738
2.168006
2.725469
3.067388
4.795709
2.941961
3.186282
3.046941
2.927819
3.970263
3.007237
2.633843
2.653046
3.010868
4.696776
2.807498
2.175795
2.816303
2.330657
3.888482
3.837561
3.015219
3.017310
2.838061
2.142296
4.757556
3.341723
2.172853
2.240919
4.211158
2.089365
2.122997
2.472567
2.550799
4.989686
3.257764
2.669013
3.137644
3.304764
3.874590
2.763402
2.878874
2.694381
2.561496
2.393471
3.151788
3.230832
2.170476
3.577384
1.967988
3.584741
3.599586
2.594405
2.546173
2.849002
2.337286
3.114544
2.445232
4.190428
2.639976
2.738308
2.052901
2.654222
2.081038
3.280961
3.044684
3.342820
2.434212
3.181987
2.488631
