8.140059
6.469512
10.658806
6.090097
8.641131
8.492129
13.489601
6.892129
8.122889
6.769773
8.394179
8.393450
10.237825
8.945658
8.149094
5.666835
7.204646
6.265907
8.224215
7.952265
5.942359
8.085390
10.655180
6.583622
7.183798
5.617292
7.048721
6.761544
8.279955
5.124809
7.477923
5.959875
5.398287
6.474923
8.477926
8.146811
8.310458
7.138734
7.032420
7.439199
6.831409
6.447177
6.744915
7.666092
6.658059
6.680962
6.333853
7.568131
7.806098
6.447567
7.498510
7.866879
6.000067
6.022848
6.275058
6.439615
5.579058
7.829833
5.321116
5.262544
5.726640
7.933746
7.501633
6.344732
6.677253
6.318069
5.818451
6.158339
5.935927
7.606153
8.103750
8.204840
7.111053
8.446760
4.998138
7.528624
6.445539
5.784006
6.425189
5.243823
5.611895
6.753843
5.265689
7.364278
6.531856
5.619646
5.681017
8.024470
6.123702
4.809603
5.282303
7.870368
7.773539
6.253532
9.306702
6.368287
6.406127
4.938332
6.069177
7.506065
7.776337
7.515497
7.700340
7.175513
6.995923
8.154941
5.967834
7.449955
6.595843
7.678194
6.866614
5.688793
6.605143
5.164418
6.621172
5.660929
6.372106
5.391525
6.154376
6.270116
4.990694
4.656081
4.631776
5.372677
6.002545
5.564426
6.673421
6.555657
5.155603
6.291080
6.665375
6.200034
6.199374
5.802289
5.638461
6.488242
5.868989
7.338244
6.966519
5.951972
4.997021
4.355671
5.870964
5.581238
6.152768
4.781053
6.148210
6.789720
5.911809
5.457588
5.866874
5.896909
4.580271
5.306097
4.555116
5.826039
6.125905
9.544639
6.680307
7.288597
5.324409
7.766680
6.378574
7.791332
5.091326
7.018662
5.664590
5.897095
6.147478
8.131929
7.597120
4.409812
6.563521
5.288048
4.801806
3.999592
4.551541
4.884243
8.709262
5.500067
5.268980
6.377150
4.418724
4.342947
5.459107
4.389682
4.499490
6.774684
4.519946
4.718720
4.730452
4.953053
4.545624
5.269022
4.178542
5.506090
7.110969
5.390880
5.503283
6.592697
5.673255
6.233469
4.911651
8.350063
5.582131
7.819155
5.891578
6.046294
4.358554
4.331987
5.715347
6.066467
6.798540
6.028731
4.482688
7.288137
7.948936
5.909978
5.667119
5.059106
5.664689
6.973193
7.426373
7.222568
5.680792
6.317428
6.706458
6.391079
6.558864
6.643529
5.516581
4.933342
4.760813
7.095323
5.681202
3.654404
5.066915
6.590057
7.539096
4.307615
4.794964
6.831608
5.424592
6.348810
7.156480
5.055781
5.798625
3.876869
8.514756
4.369894
4.066597
5.764464
4.464886
5.645833
4.861089
4.387164
4.911398
5.423915
4.373040
5.425575
5.424567
5.634787
7.304635
5.659078
4.764078
4.896597
6.429967
6.714225
5.111899
5.230227
4.511481
4.178826
4.525343
4.826851
5.808624
5.134723
5.246799
6.286526
4.621214
4.522665
3.907637
4.651527
4.748706
5.535274
3.583169
4.140702
3.778240
7.243128
4.696398
4.286189
4.430997
5.834869
4.508679
4.929051
4.937572
4.835096
4.952863
