2.570688
3.620362
2.553164
2.315026
2.398429
3.490595
3.697895
3.681509
3.288929
3.403046
3.253597
3.198866
3.177954
3.497736
2.272181
4.405419
2.882241
2.709890
3.050659
2.530156
3.129456
2.821905
2.796780
2.215640
3.637753
3.026100
3.545509
3.182801
3.472672
2.323581
2.633171
3.732459
3.893084
3.019443
4.675739
3.039059
4.029770
3.501157
2.580485
3.521175
3.014288
2.990697
2.406807
3.385619
2.892834
2.465212
2.208695
2.551172
2.747719
2.913614
2.605063
2.593151
2.592083
2.572660
4.167336
3.191570
4.088781
2.972847
3.028308
4.650105
2.184944
3.436219
2.576657
4.765577
2.749581
3.600662
3.176406
4.480789
2.735749
2.191752
2.561047
2.930296
2.652351
2.516296
3.217286
2.576229
3.212665
2.847984
2.338645
3.540547
3.373986
2.476588
3.033967
3.166336
2.470409
2.490404
2.416492
2.873599
3.032263
2.056955
2.707081
3.520468
3.125678
2.865942
3.249473
2.805914
2.359893
2.801163
2.919775
4.023695
3.204381
3.559105
3.967836
2.272407
3.834400
4.120788
3.353972
2.535477
2.729097
4.494217
2.758478
2.506300
3.492047
3.051165
3.131271
2.321423
2.756665
2.854987
2.480869
2.439012
2.033106
2.138443
2.761331
2.565359
3.325339
2.161091
3.085541
3.279409
2.399542
2.158827
3.520023
3.335472
3.141078
2.920910
2.721327
3.080161
2.839257
5.019640
2.090631
3.255451
3.273986
3.357011
2.775836
3.166632
2.893875
3.688205
3.336084
3.753201
5.037053
2.395598
5.359506
2.813133
2.583321
2.734891
4.597621
2.257028
2.311819
3.276396
2.890585
2.610381
4.782284
2.876507
3.474482
3.338904
3.182457
2.260401
3.345123
2.575034
2.887906
2.239779
3.036753
1.825059
2.346579
3.029503
3.137455
2.766620
3.482175
2.942698
2.361366
1.638411
2.340054
2.926402
2.746014
2.176689
2.977004
