3.038024
2.853693
2.045233
2.161867
3.100808
2.200108
1.768779
2.851920
2.138784
2.951427
2.278501
2.711435
1.707718
1.462743
2.639087
1.587900
3.988975
1.754176
2.411026
1.736143
1.927776
1.386724
2.432776
1.821757
1.924273
1.828289
1.844638
2.046852
1.422191
2.549846
2.326433
2.084076
2.411897
1.998499
2.305925
2.341024
1.423903
2.386251
1.912481
1.956359
1.989405
2.088293
2.120449
1.625291
2.158361
1.998695
2.195422
2.280015
1.546797
2.180377
1.585273
1.927020
2.432508
2.623888
1.912131
2.417204
1.607344
2.148124
1.466950
1.773355
2.713799
1.976840
1.485326
1.890721
2.236918
2.573353
2.175469
2.043439
2.447322
2.112080
2.475978
1.666757
2.208882
1.692428
1.858912
2.477195
1.871347
2.025553
2.853515
2.806168
1.630153
1.694526
2.038675
2.543046
1.785041
1.449866
1.202900
2.006771
1.318169
2.236347
1.337404
1.750620
1.663992
2.154478
1.681432
2.572803
2.470954
1.896750
2.507208
4.124501
2.475953
2.230220
1.555419
1.856154
2.221035
1.883011
1.665641
2.008642
2.654791
1.556079
2.648132
1.660480
1.920597
1.992059
1.684273
3.550052
2.323478
2.076236
2.440793
1.857052
1.956326
1.918938
2.270517
1.310136
1.684245
1.486419
1.676839
1.724450
1.934323
1.930591
2.477486
2.365430
1.724958
3.014608
2.086377
2.018158
1.842979
1.994937
2.389795
2.075913
2.235483
1.885975
2.204044
1.904462
2.120908
1.953129
1.315300
2.046157
2.381280
2.239529
2.028982
3.081911
2.555172
2.833127
2.273172
1.589245
1.993611
1.896442
1.679409
2.241792
1.864815
1.300227
2.805680
2.015691
2.265752
3.000782
1.828158
2.414678
1.436206
1.742096
1.449182
1.576926
1.809481
1.888717
2.775834
2.556920
1.519992
2.489354
2.300771
1.889758
2.129524
1.765880
1.947643
1.731347
1.541361
3.073775
1.875767
2.337341
1.505884
