2.471875
2.305822
2.115208
1.987271
2.145896
2.745617
1.928332
1.948913
2.916706
2.248677
2.055502
2.815631
2.580436
2.510105
3.897911
3.360231
2.165288
2.791606
2.457950
2.441556
2.282759
4.795168
1.839901
1.694748
2.128427
2.765493
2.263061
2.325182
1.886941
2.141676
2.083835
2.609494
2.810709
1.912529
1.986147
2.228277
3.106708
2.379931
3.075111
1.970537
2.248654
4.027295
2.685899
1.823498
2.742503
2.413723
2.578184
2.281925
2.368071
1.773612
2.310782
2.489712
1.810857
1.460456
2.781334
2.981982
3.264767
1.868978
3.447282
3.930908
1.723271
2.237400
2.757924
2.609981
3.389453
2.157994
1.854399
2.166547
2.712282
2.007042
2.764437
2.004202
2.034057
2.180689
2.119035
2.081453
2.082757
2.769810
2.021267
2.318263
2.468154
2.794428
2.408879
3.832608
2.246176
2.258133
1.963003
3.362832
2.195536
2.175255
4.865086
2.192712
1.974896
2.150796
2.281257
2.112028
2.285953
2.258465
1.810463
2.468776
2.110776
1.470049
2.015402
1.582204
3.346035
2.498896
4.885841
1.890736
2.427825
2.003862
1.939657
3.849405
2.545821
2.399822
2.739968
2.279182
2.157026
2.908434
2.651191
2.183023
2.583382
1.836705
1.778698
2.717247
2.487272
2.383933
3.503781
2.030262
1.808717
2.541236
2.242769
2.767838
2.021456
2.587996
1.844182
2.101144
2.826881
2.548560
2.213648
2.356069
2.378570
2.939995
2.374672
3.011243
1.891756
2.753140
2.897563
3.541330
2.441582
2.060302
2.095034
2.164319
1.871244
2.723665
2.856001
2.333054
2.917413
2.992174
2.242372
1.673196
1.626952
