3.923701
2.754675
4.511953
2.541701
3.723720
5.887168
2.867385
4.475881
3.020137
3.398344
2.794275
3.217083
2.506799
3.694061
4.344473
3.206256
3.221767
5.109327
3.275171
5.233886
4.360433
2.981929
4.962750
4.940543
3.534890
2.876159
2.850207
5.862308
4.101815
3.410943
3.098829
2.860148
2.693632
3.191557
4.668957
3.627507
4.445702
4.425686
3.089272
3.920091
4.010673
3.205941
3.121911
3.240852
3.795829
4.321317
3.385142
2.455167
2.701839
3.645387
3.716798
3.355433
2.929621
4.304029
2.497511
5.119076
2.942154
2.770042
3.048621
3.340451
2.849643
3.195176
4.101681
4.354017
3.940268
3.307627
2.971961
3.862050
3.276942
2.632125
3.901556
3.700544
3.785656
3.461028
3.858436
2.810359
3.564566
3.130095
3.149052
2.922974
3.839841
4.074291
4.744463
5.145740
4.605640
3.628863
2.840696
3.112857
3.231040
3.190746
3.550491
2.065569
4.523041
2.918039
2.983715
2.161871
2.912228
3.373561
3.091734
2.968470
3.506742
2.978710
2.873667
3.049146
3.461429
3.192763
3.184900
3.772041
2.994606
2.523239
2.921603
4.338951
2.656350
3.171829
5.516017
2.802520
3.278074
2.824647
2.652253
2.548755
3.216088
2.624191
3.630948
3.767330
3.127301
2.983299
4.019309
2.524201
2.940161
2.975693
2.712430
3.405696
2.645951
4.049369
3.083224
3.809266
2.826776
3.484410
4.180021
3.039298
2.893099
3.842199
3.016672
2.866189
2.400522
2.188563
2.237481
2.424363
2.867885
2.925022
2.496145
3.775934
3.726641
2.772610
2.014565
3.265121
4.023268
3.444704
3.166082
3.230761
2.687976
2.721122
2.988997
2.560665
3.015672
3.528748
2.702740
4.801367
2.626351
3.077082
2.417525
1.949205
2.028042
3.135201
3.101070
3.843051
2.811381
2.887408
4.612015
3.050388
3.873426
2.994561
2.404578
2.679594
2.632584
3.592123
2.654045
2.499206
2.531884
3.937096
