4.470191
7.133543
4.924552
4.427524
4.038623
4.095217
5.753560
5.174159
4.920622
5.545381
7.514282
3.387918
6.798461
4.658051
7.085858
4.310141
5.453088
4.728055
8.272836
6.340847
3.921359
4.378276
5.134209
3.607340
5.127624
5.210376
5.138605
4.539469
5.967436
4.962333
4.381490
3.860519
4.766592
4.736133
4.504874
4.817249
5.088491
5.402154
5.770375
4.110756
3.854963
6.051844
3.369101
3.725945
3.851595
4.587456
5.331631
4.724731
4.446599
5.136855
4.242782
5.809455
4.123241
3.941036
4.394535
6.166767
6.136011
3.615200
4.402867
4.007903
6.846961
5.261300
4.995897
4.456123
4.619986
3.094210
4.861798
3.922341
4.182355
3.847474
4.849162
6.127304
4.569012
3.838827
4.594366
6.738507
4.658853
4.174447
3.833073
3.781830
3.916121
4.474306
5.076595
4.792495
5.495618
4.260962
5.023981
3.910742
8.093685
4.074031
4.366315
3.450675
4.505181
5.217914
5.803012
4.978584
4.890235
3.486060
5.739305
4.650841
3.857857
5.291899
4.290825
3.609190
5.921308
3.659233
3.898792
3.561064
5.587397
5.022842
6.205472
3.364285
5.686901
3.771569
3.876818
4.094906
3.747149
3.778604
4.884924
4.279897
6.094620
4.865048
4.535985
4.529397
3.523541
6.207564
5.232485
4.706623
4.360447
4.417280
2.911030
4.767480
6.702063
4.484741
3.962336
4.201435
6.738170
4.647874
3.626109
5.270434
3.655345
4.647651
4.029600
3.017233
4.662418
4.944705
5.622321
3.802665
5.777767
3.207266
4.996727
3.363161
4.340757
5.460530
5.245108
3.629162
4.750894
3.550599
4.462840
3.361537
3.691352
4.487232
5.686519
4.291817
5.730393
5.025027
4.675115
4.402207
4.383897
3.319917
4.688028
3.338145
7.274985
3.453144
4.333826
4.091114
3.284623
3.579963
4.087508
3.628270
3.622282
4.319581
3.938731
4.422113
3.382515
4.688111
3.074080
3.841803
5.812573
5.172510
5.104121
3.416322
4.068097
4.775832
3.396933
5.521437
4.930421
3.809224
3.744966
4.520029
4.429866
3.160220
3.384449
3.698230
3.703933
3.900992
4.511122
3.214765
3.779698
3.626594
4.443614
4.542898
3.636209
4.027800
4.456226
4.659691
2.980457
3.070845
4.311344
4.587393
4.036821
3.752671
4.736148
4.445753
3.376984
5.682156
4.979173
3.699629
6.081230
4.960496
4.650997
3.281359
3.786932
4.424024
4.848344
3.139813
3.138001
6.022036
3.577483
3.394321
3.983316
4.140286
5.146458
4.470273
4.082762
4.593123
3.798852
3.207809
5.192131
3.465027
4.419781
4.415680
5.286641
2.644158
3.517911
4.628142
5.331694
3.816714
9.012657
3.451292
3.695662
2.885835
3.676826
3.177238
4.743363
3.683768
3.795666
5.220032
3.437629
3.881515
3.367487
3.728010
2.946749
4.496228
3.607097
3.880809
6.053148
6.177588
4.278968
3.420029
4.155567
3.763573
3.714781
4.358012
5.735299
6.733741
3.072952
4.248471
3.317360
3.545546
3.720342
3.206765
4.107268
3.627292
3.225485
3.703302
2.800480
3.304367
3.514944
5.351091
3.556686
4.377872
3.640396
3.062157
