3.123064
2.017799
2.254467
3.350207
2.367046
2.693353
2.882954
1.841395
2.751880
2.189414
1.542992
3.290642
2.476232
2.789585
3.967710
2.493506
3.769221
2.385165
3.593218
3.341455
2.504262
2.247526
2.250580
3.476881
3.037766
1.736908
2.720009
2.726006
1.847188
2.216350
2.132269
2.595979
3.481127
2.762540
3.042248
3.481652
2.085279
1.960576
2.273041
2.285888
3.824328
3.453475
3.252901
2.806895
2.620172
3.201679
2.886156
3.259897
2.619371
2.270975
2.535392
3.216229
2.265928
2.959236
3.038109
2.839912
2.487568
1.972928
2.833387
2.268885
2.823406
1.656109
2.202128
2.353433
2.080113
2.433774
1.912813
3.434757
2.815305
3.003348
2.676916
2.479983
2.315898
2.788591
3.626391
3.151976
2.771662
2.464732
2.710174
3.081881
3.104519
1.693006
2.386972
2.200680
3.022313
3.222132
2.187841
2.971756
1.981754
2.455901
2.025641
2.535922
2.624326
2.395353
1.903106
3.524915
2.873126
2.218971
4.074177
2.110759
3.206089
2.880016
2.747552
4.359169
2.248204
2.892446
2.093990
1.772842
3.548044
2.109968
2.854754
2.845415
1.683729
2.370395
3.642229
3.447603
2.132979
1.530391
2.816145
2.107053
1.962142
2.750199
2.477830
2.286325
2.111151
2.786071
2.977743
1.758936
2.518549
2.261251
2.012622
2.987782
3.792440
2.195594
2.075200
1.927472
2.117096
2.479194
2.787884
2.620239
2.613681
2.674218
1.931138
3.017284
3.614346
2.790606
2.264132
2.307961
2.668533
2.104786
1.674362
2.208169
