2.966230
3.753050
3.170988
3.410490
3.091246
3.770772
3.938062
2.414871
2.779885
4.107033
3.090597
3.342811
2.907204
2.250101
3.359855
4.025099
3.081574
3.127351
3.326245
2.525527
3.121254
2.860746
2.701990
2.955990
2.740070
2.583954
2.532546
2.970737
2.719683
3.169600
2.786664
4.750499
2.406771
3.997968
3.872443
2.687282
2.230855
5.017113
3.196239
2.267141
2.585990
2.170851
3.061618
2.430645
2.641713
3.225908
2.590335
3.097893
3.538566
2.680637
3.175209
3.043835
2.311749
2.925251
4.692900
2.338847
2.391730
3.018677
2.535321
2.949778
3.056085
2.345973
2.918983
2.434791
2.402669
3.615011
2.993203
2.940183
2.825175
2.383193
3.080230
3.719669
2.782052
2.412706
3.680355
3.189484
2.482175
3.369154
2.744099
3.121210
2.592551
2.201352
2.897458
3.849414
1.995020
3.328894
3.714136
1.912199
2.416826
3.896297
3.174614
2.308773
2.662861
4.610126
2.545343
2.957476
2.849560
3.482635
3.231900
3.873181
2.592249
2.902621
3.861529
2.277430
2.500273
2.965387
2.074353
3.856533
1.869999
3.545288
2.928167
2.879443
3.010334
3.149804
2.747283
3.164107
2.717409
3.122456
4.260334
2.284194
2.500235
3.289979
3.200794
2.582861
3.269517
2.379353
2.812767
3.460724
1.941039
2.553200
2.992076
2.785168
2.871571
2.585629
2.510273
2.571090
3.584480
2.737172
3.804350
2.146690
2.092344
3.761010
2.051852
4.208665
2.039309
2.112739
2.055295
2.519019
2.398123
2.706267
2.480937
4.044610
3.383506
3.586040
3.117620
3.407022
3.509743
2.339081
2.777088
3.302577
2.116133
3.331004
3.223614
2.345137
3.280073
2.129389
2.866781
2.772179
2.483641
2.510432
2.727410
2.983484
2.319160
4.197686
2.714215
3.414138
3.310045
2.358467
1.968552
1.730815
2.474167
2.113832
2.347098
1.998731
1.809448
2.547219
2.335060
2.570556
2.797539
3.575769
2.291078
2.379964
2.782646
2.324159
2.570310
2.499814
2.630654
2.326053
2.350741
2.723301
2.461187
2.467861
2.760051
2.667804
1.919205
2.291436
2.194495
2.956849
2.504705
2.532066
3.631163
2.942571
2.623673
1.888584
2.250529
2.214801
2.358668
2.268676
3.635655
2.061677
2.332219
2.885164
3.702668
3.062322
2.388115
2.605717
2.910449
2.688880
3.194187
2.309047
2.280540
1.849152
2.826242
2.798120
2.300380
2.609189
2.534717
