2.833947
3.024611
2.739203
2.804647
2.319695
2.663033
2.456502
3.653762
3.795361
2.364599
1.976900
3.000875
3.245013
2.829743
3.120867
3.853299
3.106743
3.017928
3.240979
2.444635
2.112820
3.382498
2.472091
3.089303
3.398439
3.211292
2.725124
3.745391
2.851908
2.882021
1.844866
2.609057
2.802886
2.340174
3.022606
2.585722
2.398822
3.662218
3.089727
3.977081
2.776499
3.364147
2.011785
2.247129
2.664280
3.315629
2.869674
2.550953
2.444781
2.598451
3.343418
2.624930
2.430140
3.162377
2.383363
2.213215
2.882285
2.621077
2.570772
4.059187
1.920881
2.874217
2.628998
3.150996
2.594530
2.394309
2.639002
2.402202
2.574702
2.235830
3.151028
2.693361
2.914474
2.350272
2.281323
2.011847
2.423549
3.432469
2.791450
2.173926
2.599970
2.387612
2.404826
2.602433
2.044235
2.404804
2.794178
3.042796
3.301982
2.861938
2.125723
2.772686
2.536313
2.191864
2.847751
2.934297
2.335259
3.071373
2.964216
2.811110
2.000648
2.974821
3.395686
2.420708
2.962642
2.542975
3.096045
2.702437
2.793944
2.965166
2.127348
2.557857
2.950823
3.280107
2.568948
1.640516
2.464072
2.995909
2.299067
2.226700
3.560565
1.974341
2.764909
2.900584
2.754495
2.001211
2.222830
2.904451
2.800526
3.005125
2.845812
2.992151
2.007145
2.389249
2.898314
2.958148
2.261601
3.607365
2.136897
2.409637
2.240186
2.332269
2.914385
1.964658
3.396255
2.249029
2.687887
4.044745
2.800439
2.537057
3.135767
2.286629
2.090317
3.224969
2.536916
2.296828
3.690282
2.616385
3.211582
2.727002
3.100432
2.612442
2.234523
2.173324
3.305247
2.227458
2.490387
2.774930
2.650169
2.372954
2.591147
2.668346
2.317458
3.086543
3.409368
2.638633
2.158034
2.187562
2.965941
1.997562
2.325269
2.543008
3.224773
2.304676
3.166671
2.135605
2.771976
2.223221
2.701300
1.904778
2.689508
2.097214
2.110714
1.989118
2.656960
2.469642
2.560858
2.687273
2.301502
2.769612
1.978147
3.251560
2.782117
2.955928
2.288483
3.088144
2.069944
2.582038
2.527724
2.700869
3.153791
2.401464
2.175767
3.052692
3.131952
2.705167
2.889337
2.473104
3.892517
2.106097
2.379279
2.442932
1.797387
2.492558
1.923886
1.914046
