3.334530
3.042003
2.392312
5.618066
2.870311
2.776536
3.743462
3.714037
4.119638
3.383265
2.307240
4.501261
3.445574
2.399262
4.054777
3.047162
4.199732
3.333741
2.675021
3.353838
4.119127
2.362238
3.734823
3.652793
2.860548
4.016022
3.995640
3.654397
2.942297
3.382470
2.515416
2.959302
3.159121
3.697544
2.678958
2.767047
2.245933
2.675105
2.704333
2.142962
4.125844
2.895890
2.167393
2.453207
2.729330
3.276124
4.122211
3.284664
4.046462
3.782282
2.362924
2.153111
2.986880
2.799739
2.577558
3.236419
3.022926
2.925639
3.898362
3.385752
3.491917
2.906081
3.243105
3.735004
3.288528
2.502184
2.845162
2.704935
3.335052
3.055016
2.537300
3.231302
3.598683
3.578407
3.253210
3.292041
3.310426
3.294732
4.073173
3.298108
2.260891
2.702965
3.071896
4.089588
2.841131
2.599696
2.709216
2.895132
3.909292
3.954146
2.635775
3.658679
3.141104
2.905830
3.399532
2.092188
5.406187
2.656693
4.064008
2.479517
3.339186
3.001797
2.982383
2.353217
2.704363
3.718153
3.723704
1.844292
4.173112
2.042285
3.393499
3.857398
2.980778
2.517257
2.509775
3.547782
2.900492
3.334123
2.994016
2.577096
2.129830
2.846222
3.929091
2.209370
3.605346
2.836717
3.654266
3.179850
4.092386
3.510546
2.433119
2.912721
3.782575
2.498554
2.821542
2.128251
3.347110
2.976885
2.929746
3.215760
3.535740
2.780155
2.760913
3.238878
2.723889
3.813347
2.371062
2.817838
3.345708
3.117104
2.536278
2.973733
3.346793
3.430983
2.581631
2.946508
3.008451
2.858823
3.161451
2.711839
3.789371
3.533510
2.365300
2.837273
3.099962
2.177072
2.848208
3.614661
2.919317
1.966578
3.362230
3.322617
2.361419
2.453403
2.897869
2.522949
3.477069
3.985874
1.981212
2.172918
3.546281
3.650950
2.432629
2.893638
2.585915
1.962016
2.787139
