3.076684
2.796608
4.015412
3.730877
2.396441
2.674625
2.961047
3.438661
2.960733
3.212867
2.708668
2.577952
3.777370
2.301237
3.244086
3.390550
3.724001
2.537724
2.042278
2.774772
3.458518
3.039116
3.187132
3.126776
2.460901
3.184253
2.464106
2.063129
3.140859
2.682732
4.898380
2.569253
2.766279
3.223691
3.028486
2.785764
2.143078
2.262793
3.450902
2.872106
2.932871
3.670865
2.809758
2.550617
3.390767
2.275500
2.956124
2.174401
2.800346
2.985983
2.510408
3.217183
3.412015
2.990953
2.847793
2.259465
2.524637
3.428553
2.573856
3.054399
3.092694
2.925893
2.633784
2.293000
2.244307
2.411467
2.656983
2.828664
2.847683
2.062340
2.416390
2.932244
2.303719
2.270823
2.586135
3.044507
2.685682
2.189440
2.160914
2.888711
2.613816
2.362989
2.193914
3.789464
2.937362
2.665232
2.102398
3.327915
3.266998
3.306161
2.870869
3.031179
2.025979
2.965424
2.693022
3.091144
2.583410
2.579256
3.643082
3.250526
2.922796
2.562705
1.826182
3.208321
2.295967
3.542031
3.039611
2.777157
3.087064
2.478503
1.919098
3.039397
3.040773
2.377195
2.907823
2.567476
2.692079
2.841389
3.018128
2.048328
2.379683
2.982712
2.587738
2.998588
2.214443
2.555516
3.173170
2.332598
2.490415
2.240470
2.969867
2.889485
2.777130
2.277448
2.324526
2.746493
4.103224
4.197439
3.265141
3.361653
2.190559
2.798575
2.669470
2.535222
3.414910
2.195171
3.350102
3.359942
2.517229
2.173848
2.453456
3.133578
2.677923
3.159396
3.476817
3.956339
3.924067
2.069220
3.495140
2.685111
2.466367
2.550543
3.202809
2.792679
3.857332
2.002381
2.654929
2.773313
2.834424
2.592849
2.035057
2.479811
3.054143
2.494445
2.438943
2.712201
2.151844
2.136159
3.566605
2.669748
2.388898
2.546646
2.876728
3.771495
2.526879
2.074289
2.427552
2.681280
2.659365
1.981745
2.901860
2.525776
2.216785
2.710818
2.973516
3.142669
2.553377
3.395528
2.320930
2.859653
3.075391
1.735291
3.059788
2.786488
2.381604
2.135976
3.350621
2.384723
2.475627
2.449919
2.981147
3.445909
2.340378
2.164829
2.502496
3.189690
2.477979
3.223857
