3.101367
2.607056
2.643248
3.113192
3.464569
2.053037
2.830338
2.178332
3.336869
2.018521
2.869193
1.998558
2.791454
3.169148
2.949092
3.318556
1.980855
2.959969
2.277181
1.957329
2.402192
2.386376
3.268713
2.665856
2.529500
1.746395
1.803253
2.058632
2.525981
2.274595
1.953234
2.401264
2.617953
3.299027
2.261003
2.543215
1.737376
4.134050
2.898204
2.877925
2.294517
2.390682
2.780427
1.949400
3.330428
1.919534
2.508298
2.075098
3.588212
2.693017
2.503291
2.598534
2.133440
2.969528
2.583089
2.208101
2.255101
2.426018
2.361917
3.395872
1.938981
2.238457
2.335302
2.534934
2.245974
3.186157
1.889904
2.809545
2.171114
2.456606
2.712206
2.629496
2.698803
1.873123
2.401445
2.279936
2.728719
3.186810
2.253612
2.518739
1.752500
2.056540
2.115034
2.922892
3.255299
2.219267
1.953273
3.026239
2.637637
2.353613
1.888851
2.849962
3.637427
2.300974
2.721829
2.580090
1.640899
3.031126
2.428486
2.567189
2.143439
2.979892
2.612711
2.738110
1.580019
2.503135
2.689727
2.910984
2.812131
2.802236
1.919575
2.862852
2.764945
2.139985
2.929861
2.731908
2.077598
2.412411
2.363220
2.049728
3.311880
2.021725
1.727913
3.056921
2.593797
2.389283
1.912308
3.157215
2.273667
3.267366
2.793545
2.229088
2.400914
3.200210
1.852779
2.052233
2.331484
1.784230
4.155702
1.476915
2.711120
2.599717
2.405410
2.912735
3.401479
3.328295
3.201751
1.865917
1.673012
2.391265
2.662283
2.163899
2.283345
2.321011
2.495608
2.404222
1.642987
2.354096
2.473413
2.841441
2.404021
2.446193
2.460906
2.251423
2.212401
2.247000
2.123739
4.308252
