4.327763
2.854514
3.772577
4.041358
4.463968
3.832888
3.711198
4.759202
3.154020
3.868899
4.773657
5.855792
4.139751
4.713046
6.833025
4.730242
3.964875
4.652597
5.916679
4.074265
4.495938
4.034396
3.071995
4.699913
3.641958
4.429626
4.107615
4.724218
3.002628
3.458047
3.969121
3.861904
3.231961
4.895192
5.009893
3.719033
4.272589
2.485424
5.293150
4.375250
2.800982
4.150805
5.937055
4.504551
4.333407
5.016564
4.398572
5.449458
3.820403
3.160280
3.415300
5.805276
4.545850
3.499989
5.872301
4.365615
3.601401
3.678557
4.086778
2.817161
3.142244
3.110626
3.481347
3.190195
4.258890
4.776475
3.570710
3.073769
2.963931
3.587435
5.449242
3.310511
4.047223
3.399580
3.549656
4.296611
5.333279
3.807385
3.730234
3.975113
5.193039
5.022422
3.920258
3.759095
3.612498
3.635700
4.081827
2.656061
3.755905
3.158404
3.606467
3.140715
3.307714
3.084687
3.899033
4.088336
3.038877
4.697036
4.316574
2.794610
4.822167
3.724170
3.536008
6.841927
3.048931
3.062192
3.975677
4.884332
3.664092
2.722407
2.858186
6.117553
2.869739
4.375782
2.683702
5.378269
6.266158
4.287487
4.477722
2.849785
3.632942
4.485732
3.537002
4.009195
3.517813
4.106516
6.225026
4.375792
3.377660
5.060216
4.751017
3.692399
4.292486
4.132950
4.182618
4.591382
2.575410
4.133874
4.282290
3.348249
5.070125
4.942880
3.939019
3.125740
