3.700944
2.428179
3.766597
2.216548
5.508233
4.115364
4.485096
3.542768
4.066982
3.123208
2.603300
2.183711
1.999272
4.365006
2.257706
2.293729
2.042717
2.239672
3.674966
2.868458
2.690826
2.931147
2.311826
2.553324
3.315728
3.134728
3.795840
2.436859
3.640712
3.466622
3.023183
2.468191
2.582315
3.587927
3.752266
2.960851
2.589941
2.950284
3.556700
3.147864
2.910831
2.748243
3.634012
3.389313
3.058441
1.977636
2.758459
2.934872
3.327384
3.444187
3.561476
3.434303
2.996452
5.035823
2.510289
2.567408
3.465226
3.152166
2.735750
1.934029
1.853772
2.642780
1.888336
2.611056
2.532841
2.684150
2.938631
2.106348
5.061390
3.010092
4.591677
2.664121
2.259332
3.962649
2.806195
1.979296
2.868485
2.692919
2.253892
2.102188
3.015801
2.954499
2.338545
3.664091
2.486151
3.980626
3.397677
6.050212
2.895638
2.667594
2.304643
2.676107
3.007967
2.237731
2.908006
2.648115
2.405091
3.027498
3.090080
3.493965
3.313358
3.012958
2.770311
2.756715
2.415498
2.980922
2.021573
2.590965
1.978770
2.862805
3.936596
3.167462
3.074414
3.644046
2.648665
2.698951
2.554145
2.800869
2.933660
3.386762
2.766948
2.273424
2.133185
2.781538
4.293150
2.687757
2.308851
2.139030
2.979310
2.652845
2.827509
2.068324
4.017896
2.600608
2.650259
2.890671
2.265078
1.941200
3.470634
2.713034
1.917003
3.677939
2.433773
2.302827
