5.042669
5.194426
3.467160
3.650733
5.490772
4.352248
3.853612
4.032446
6.972767
4.892822
5.754289
3.928187
3.395946
3.797077
3.449970
3.381107
4.679516
4.111752
4.495835
3.736331
4.032652
4.678642
3.534489
4.893976
3.929556
4.030638
4.077384
4.786148
6.454536
3.619758
3.776214
3.722834
5.542877
5.516639
3.831230
4.839195
5.119403
3.685705
3.460454
4.282180
4.440855
3.763815
4.366544
3.404206
3.937862
3.200554
5.575896
4.541169
4.029656
3.853988
4.506657
4.492761
3.962339
4.007756
3.336552
4.300171
4.209173
5.453763
3.955525
5.088816
4.165548
4.180057
4.811536
5.630572
3.994330
4.406853
5.436094
4.525616
3.155798
3.806955
2.867123
3.766223
4.140905
4.061834
4.232870
3.154449
3.866969
3.558330
4.225177
3.942438
4.240835
3.906888
3.154143
4.653414
5.240720
3.969445
3.822150
2.790095
3.534734
4.466895
3.911101
5.463821
3.237420
3.770291
3.464768
5.401464
3.551189
3.600025
3.489689
3.706892
3.624804
3.419830
4.438353
3.415671
4.079691
5.861618
3.215760
3.955232
3.846864
3.402232
4.168083
3.108965
4.955716
3.678275
5.046117
3.975928
3.659530
5.088538
2.764660
3.279847
3.890778
5.679403
4.224966
3.270339
4.717888
4.048509
3.926314
2.962948
2.677020
3.565763
3.836510
3.985532
5.105262
3.995405
4.207709
3.751052
4.310206
3.766821
3.927246
3.194315
3.525597
4.869767
3.499445
4.970289
5.548101
3.455286
4.851233
2.543531
2.926247
3.435585
3.765589
6.069017
3.773161
5.283576
3.798637
5.295160
3.446144
2.890344
3.900165
3.790293
4.450200
4.120255
3.982900
3.038769
4.303330
4.077425
3.670631
3.936282
3.288596
3.328710
3.236164
3.698539
3.921454
4.683486
3.696973
2.826869
4.025112
3.344796
3.486762
2.963559
4.127047
2.855969
3.557782
3.158201
4.613056
4.893854
3.919137
6.688847
2.919382
4.623809
6.133659
3.144331
3.662115
2.748909
3.595379
2.990399
4.403279
3.711070
2.932159
3.881788
3.008353
3.370659
4.333938
2.569143
3.366956
4.948858
2.741108
3.948392
3.730308
3.078331
4.147885
3.530935
3.028991
3.460778
3.995741
3.298387
4.681049
4.043401
3.824122
3.509448
3.567165
4.784433
3.491769
3.741515
2.885993
4.024925
2.799011
3.522537
3.705675
3.680314
4.526316
4.248502
4.399415
2.739029
3.263721
3.997037
2.758937
3.670237
3.661188
3.645078
3.115933
3.717532
3.322992
2.553710
3.119266
3.516643
3.561553
3.771682
3.897931
3.421588
3.398342
3.685258
2.546524
3.650053
4.439939
2.747429
3.695219
3.129858
3.130635
3.198072
2.804055
3.029045
4.902967
3.272780
4.097798
3.826266
3.267740
3.591658
2.778393
3.080728
4.087604
3.538262
3.695230
2.616797
3.232675
3.456795
3.056814
4.079318
3.354029
3.232647
4.851030
4.445903
3.083459
2.985717
2.764451
3.636525
4.114487
4.682067
3.310306
3.782490
3.187912
4.158830
3.626315
2.919577
3.418125
2.847481
3.236240
2.453855
3.243494
3.424192
2.489700
3.356952
4.167203
2.968817
4.928755
2.839873
4.127252
2.909492
3.088816
3.160377
3.423411
3.970471
3.621060
3.162500
3.480037
4.361450
3.058106
2.384972
3.973419
3.076096
4.220929
4.773038
4.273586
3.321622
3.268511
2.505597
2.769675
3.703889
3.682634
5.003878
2.425743
3.109012
3.114597
2.759297
2.603627
3.232641
4.051060
3.054999
3.352925
3.587113
3.673014
2.830996
3.902654
3.320244
3.393365
3.630957
4.196045
4.302969
3.126140
3.331074
3.942038
3.051000
4.701624
4.022690
2.638074
3.162131
2.740926
3.643914
2.741806
3.315262
2.713775
3.536015
3.148236
3.450577
2.230054
3.923287
2.791845
3.275275
3.505725
3.146276
4.145089
2.647292
3.209419
4.182614
3.621276
3.083827
3.581354
3.041464
3.635824
2.865186
2.997587
3.749789
3.013746
3.565796
2.964495
3.269294
2.564751
2.690011
2.486000
3.302180
3.362298
3.707466
3.093211
2.486214
3.479532
2.930197
3.493424
3.014688
3.547493
2.502531
2.989200
3.892515
2.636630
2.311237
3.091787
4.898753
4.859836
3.580296
2.236676
3.454400
3.342155
3.311269
3.038067
2.578384
2.571956
3.083639
