3.737671
3.831635
3.599082
4.164590
5.121045
5.498975
3.731110
4.247569
3.953299
4.483172
3.210100
3.656716
4.914795
4.427197
3.694564
4.380474
3.576401
2.921140
3.495374
4.275428
4.386387
3.277336
3.433983
4.203017
3.163264
4.844490
3.695313
3.634106
4.448312
4.928823
4.270695
5.439037
5.154118
4.718750
3.637417
4.691699
5.074760
2.933540
4.008485
3.937035
3.461473
4.083849
4.673703
4.259099
4.598219
2.964759
4.074756
4.226514
3.931246
2.962876
3.384154
3.735010
3.870579
3.784135
4.140392
3.942156
4.250516
3.555841
4.550665
6.508094
3.869295
3.992562
3.864415
3.623448
4.216832
3.702816
4.674438
3.874644
4.709078
4.293008
4.760751
3.528980
4.015582
3.304099
3.666528
3.218609
3.252888
4.606517
2.962487
3.319683
3.750358
4.080443
4.952993
3.066662
2.730485
3.976463
4.458834
4.768761
3.211552
4.268950
4.072166
2.950608
3.264760
5.249393
3.841498
2.859661
3.145753
3.932833
4.299177
2.908914
4.712804
4.828138
3.138839
3.725422
4.027207
2.932333
3.015606
3.480728
3.763365
4.753210
3.991678
3.488106
2.532207
4.582883
2.669187
2.629842
3.301717
3.493850
4.638070
3.320653
2.832796
4.944186
3.948816
4.011195
4.373995
3.281540
4.220192
4.207679
3.546222
4.319080
4.398636
4.860579
4.314990
3.761124
3.074692
3.664017
3.627427
4.974439
4.973710
2.446392
2.678739
3.433532
3.172418
3.341353
3.577521
5.678668
3.491592
4.586437
2.734509
2.627762
2.910005
3.537880
4.552441
5.367935
4.381618
3.911316
3.769328
2.796664
5.482408
5.182900
3.324291
3.888590
2.932818
4.040683
4.511717
3.743119
4.065720
3.226686
4.224324
4.278366
4.064265
3.087835
3.080943
3.918776
6.086112
3.857698
3.710926
3.916378
2.623999
3.517512
3.617630
3.444049
4.449159
3.138554
2.909233
3.239464
4.398857
3.587325
3.204654
3.017209
4.466463
3.414332
2.418474
2.671550
4.194106
3.391380
3.356808
3.164217
3.855906
3.803912
3.563855
3.759005
2.715319
3.578488
4.266192
3.795427
3.644551
3.845182
2.572755
2.721005
3.398331
3.554060
3.775390
3.441894
2.593035
3.035853
4.555608
2.944800
2.895878
3.969783
3.653072
4.357379
3.379852
3.616431
3.319384
3.321881
3.965249
2.703029
3.337871
3.560010
2.722626
3.686356
