7.235319
10.028606
6.994382
6.878677
9.689094
6.416569
6.641917
7.182791
7.286219
5.801684
6.671997
5.372130
7.342175
7.002707
4.681571
5.732212
5.961947
5.987819
6.345939
6.760564
5.424287
9.213039
6.664789
6.294216
8.022187
6.129960
7.237811
5.713996
10.724660
12.812790
4.648510
4.841320
9.658908
6.898674
6.219954
5.594746
5.566016
4.951316
5.855916
6.027342
6.690998
5.856511
4.674778
5.929227
5.048017
5.663119
5.702783
5.945213
6.253314
4.653630
8.519316
7.966607
5.135589
5.742581
7.352426
5.799757
4.580978
5.161647
6.520582
5.852766
5.908604
6.078407
10.223603
6.393146
6.927267
5.119229
4.289625
4.325683
6.858677
7.630093
6.934923
7.971055
5.779440
7.231616
6.493640
6.958633
5.454083
4.376558
5.804250
5.624571
5.346498
4.999811
8.208761
5.556222
9.289683
6.235680
6.137900
5.133230
5.489152
8.557566
4.872266
5.397994
4.094246
6.796025
5.618428
4.681634
7.390685
5.903652
5.546490
5.299828
4.696458
6.971616
7.617528
4.342652
4.657733
5.962718
4.576352
6.832559
5.540751
5.347606
6.299809
4.364032
5.690794
4.691711
4.766822
4.346742
5.713296
4.869916
3.705409
4.919507
6.711698
5.554205
5.826710
4.769792
6.176040
5.521306
5.215820
4.935521
6.586598
4.910397
3.373538
4.721327
3.774487
7.114950
5.782324
4.973870
4.769838
5.908321
7.457879
5.731346
5.309313
5.061882
4.954665
5.987026
7.193923
4.100136
5.541747
4.790050
6.061923
5.536215
5.680107
5.851677
5.003335
5.677551
4.720992
7.051715
