8.009153
7.342403
8.657637
9.846975
8.598162
8.628493
9.531800
8.044376
9.450327
8.727372
10.715429
8.617422
7.791289
10.248047
8.846328
9.402550
7.322915
7.034701
7.131917
11.354870
6.396951
8.751157
7.175765
7.467238
10.159072
9.507806
7.757261
6.024782
8.091533
8.587172
7.965480
7.036190
6.670972
6.953673
7.517848
11.052180
5.889725
5.629150
7.022752
7.200521
9.837979
7.792712
11.647920
10.150398
6.094165
6.828728
6.342317
7.445683
6.282755
6.036905
5.325276
6.836238
7.664560
5.769982
7.927270
7.274535
6.295032
5.653576
8.934813
5.252205
6.707909
7.406137
7.535836
6.253110
5.506992
8.241072
5.811213
6.597353
7.607103
6.922182
5.536296
5.776314
6.099230
6.149883
7.431544
5.996318
7.729708
5.422317
7.440207
8.944048
5.004763
6.833582
8.148085
5.647308
5.411683
6.482245
7.943266
6.171400
5.960960
8.120988
6.090346
6.742129
5.526316
4.578354
5.924685
5.131996
6.377866
7.520189
8.131482
7.514329
5.741580
5.279107
5.684461
6.330766
6.350510
7.415189
5.437584
4.639355
7.305060
6.594914
8.110376
5.497785
6.960367
5.832788
4.312041
7.101329
6.658582
5.849944
5.443420
9.683406
4.573481
6.981521
5.403281
7.660969
4.670404
4.249324
5.555087
9.332660
7.246377
5.334430
5.610570
5.362202
6.876312
7.282299
8.389137
4.888766
7.501737
5.360902
8.523927
5.085899
6.240552
4.400043
5.009173
6.740207
5.678079
6.614985
5.905175
6.840004
6.890501
6.660625
4.492383
5.499217
4.606578
6.662709
5.037608
6.253067
4.864793
8.340429
4.382845
10.945229
6.048642
4.577878
6.346062
4.334154
5.969914
4.022700
5.831659
7.785645
5.120605
8.183247
5.163276
4.525496
5.893600
4.693970
4.449118
4.842626
6.055431
5.054277
5.668423
5.174975
7.408123
4.768945
5.197165
4.296987
3.799014
5.797413
4.618313
6.855846
6.897397
5.069769
4.613630
5.170527
5.684297
6.159052
4.731716
4.457152
6.177178
5.575811
6.171415
5.895195
6.285089
4.507573
6.661699
5.333004
5.170493
4.706371
4.534541
7.222040
6.004375
5.163834
6.175512
5.313313
5.318311
4.892118
5.157429
4.638114
3.963577
5.457045
4.682097
4.596975
5.250072
6.094694
3.891500
5.102259
6.159290
3.813291
3.862006
5.508053
5.611914
3.612537
5.806922
4.120808
4.410277
6.600503
4.313093
5.598279
5.742036
4.738774
6.079069
3.922396
5.753560
5.413610
6.032556
4.047150
7.530793
3.388469
5.312675
4.391265
4.425987
5.943425
3.960879
4.757659
5.143500
6.210804
5.907275
3.824653
5.690059
3.919535
6.085401
4.240697
4.793773
4.190869
4.753358
5.977344
5.923162
