3.177688
3.017903
2.795830
2.577911
3.404319
2.605242
2.259302
2.601943
3.936804
2.886396
2.947480
3.188770
2.431486
4.913412
2.952098
2.780355
2.780994
2.526633
2.873350
3.314218
3.080012
3.156963
3.619609
3.363251
3.414011
2.481581
4.262631
3.717860
2.235990
3.117752
3.053519
3.227381
3.923512
2.532839
2.562772
1.919421
3.169667
3.424339
2.545177
3.147498
3.063694
2.651100
2.453496
3.112377
3.675971
3.003425
3.031246
3.863798
2.911358
2.027324
2.381509
3.872153
3.014665
2.392752
3.557517
2.362645
3.476407
3.741525
2.116469
4.207316
4.076769
2.502981
4.117970
2.509272
3.350869
2.533733
2.989287
3.306791
2.774742
2.667590
2.865935
2.075359
3.008172
3.089908
2.764693
2.541275
3.036371
1.916986
2.507552
3.806744
1.918814
2.332655
2.175520
2.455914
2.756046
2.884822
2.250027
2.498967
4.002810
3.490417
3.348717
2.393779
2.581706
3.646175
2.627120
2.872164
2.799354
2.661912
3.777257
2.574048
2.626465
2.141259
2.786387
3.123783
2.951115
3.067332
5.158911
2.686205
3.373996
2.030184
2.295935
3.556040
2.318014
3.356239
2.097775
2.980981
3.045822
1.993163
2.681512
2.972037
3.561016
1.665577
1.780397
2.846043
3.095514
2.044001
3.569948
2.095614
3.912912
2.173019
2.440394
2.233809
3.035659
3.436251
2.260840
2.426026
1.675704
2.090997
2.163994
2.442472
2.723775
2.065171
2.979844
3.259485
2.143875
2.415108
2.456003
2.346219
2.513289
3.175623
1.895266
3.012862
2.693645
2.538275
2.264726
2.347413
3.822100
4.156715
3.204783
2.990621
2.300195
2.108322
3.201650
5.676498
2.206680
3.087745
2.393172
2.941400
3.158992
2.764505
3.260008
2.274458
1.903981
2.993550
3.280346
3.071014
2.641240
2.903946
3.676448
3.676806
3.006416
3.329146
2.433104
2.225821
3.893539
4.155622
2.113292
2.467741
2.135204
4.415128
3.035972
2.707561
2.333535
2.025780
2.277384
2.580540
1.980833
3.904132
3.995365
1.974960
1.767192
4.282022
2.892817
3.116865
3.232430
2.610204
2.641771
1.936571
3.021499
2.746870
4.043130
2.947841
2.440819
2.571498
2.223390
2.137761
3.268921
1.757123
2.500786
2.194793
2.704671
