2.249979
2.968368
3.859802
2.787373
4.769140
3.766999
3.204618
2.347480
3.339960
1.952714
2.786153
2.660782
4.051114
2.804008
2.723450
4.849686
3.769412
3.481752
3.635972
3.706294
3.816093
3.323604
2.588985
3.413285
3.052666
3.123440
3.854557
2.873032
3.593339
3.199438
3.029540
3.198649
2.409307
3.881505
2.228128
2.666378
4.335270
3.109165
3.375892
3.450145
2.556500
3.611768
2.892194
3.013020
2.905960
3.915233
2.538025
2.863999
3.248121
3.337313
3.753296
3.147015
2.925539
2.100859
3.730209
2.833833
2.729971
2.551797
2.992435
3.203525
2.639745
2.825657
3.751005
2.507928
3.128870
3.011709
2.880440
2.904396
2.833244
2.773178
3.493659
2.887540
2.844544
2.912147
2.488474
3.722178
2.471177
2.698222
4.505500
2.600129
3.390486
2.771079
2.560703
3.395146
3.213320
2.907824
3.277169
2.736001
3.091243
2.825207
2.884564
3.303725
3.150511
2.452748
3.057447
3.257927
2.850939
2.364153
2.683085
3.458229
3.285270
2.624131
4.131888
2.970383
3.213575
1.896428
2.948419
2.602093
2.601750
2.886574
2.489163
2.872570
2.527262
2.673294
2.363928
2.710846
3.041206
2.724987
2.931935
3.569786
3.565051
2.738132
2.155833
3.342943
3.130931
4.004522
2.603869
3.504237
2.338890
2.793207
2.761431
2.634882
2.324973
2.106731
3.828625
3.102280
2.578374
3.238802
2.443795
2.739402
2.759212
3.640952
2.651259
2.844028
3.017982
2.818457
4.391637
2.592455
3.549408
2.358052
2.568921
2.075082
2.811348
3.063603
3.195742
3.441147
2.582775
3.219644
2.331741
2.615651
3.398213
3.332120
3.086106
2.195286
2.315992
2.539667
2.613948
3.790992
3.644177
3.150942
2.684195
2.231987
2.485790
2.655711
2.826239
2.302394
2.767287
2.139699
2.656893
2.685565
3.151114
2.640068
3.726327
3.420126
3.221689
3.058539
3.003907
2.982803
2.931143
2.327319
2.636987
3.050079
2.633369
2.759107
2.818771
3.322523
3.341873
2.451237
3.025383
2.644575
3.982073
2.666381
