3.471939
2.387095
1.470041
2.845782
1.190541
2.283887
2.032248
2.415213
1.510679
1.123327
2.925008
1.605646
2.656352
1.482183
2.081274
3.278967
1.593309
1.716261
1.659627
3.123858
1.555480
2.839499
1.249087
1.895652
3.498258
1.934890
2.270271
1.917675
1.890333
4.016214
1.554087
2.436794
1.672970
3.178006
1.479554
3.218788
1.358376
1.352421
1.659999
2.169119
2.024129
2.971889
2.194645
1.111436
1.844202
2.305217
2.789584
1.289640
1.920343
2.262848
1.515640
2.971133
2.129782
1.878490
2.864086
3.508549
1.620803
2.021541
1.336765
2.352912
2.592428
1.682965
1.956371
2.075139
3.938781
1.743201
3.599792
1.677399
1.881340
2.376985
2.490795
1.930858
2.562804
2.306300
1.646517
2.225660
1.966715
1.730955
3.300238
2.184765
1.582060
3.242305
1.724095
1.688943
3.319633
1.958125
2.342358
3.031573
2.837998
1.349280
1.930392
2.865578
2.530776
1.763641
2.676889
1.798125
1.393221
2.141983
1.837731
2.637223
3.913037
2.097944
2.179279
1.220609
2.698778
1.910259
2.881123
1.606035
2.079278
1.030781
3.425212
1.159131
1.956116
2.401655
2.651269
1.221655
1.657106
1.322203
1.424943
2.112012
1.521930
2.160871
1.408278
1.890582
1.829865
1.877764
1.726841
1.072584
1.563401
1.723809
1.798463
1.464001
1.387984
2.098383
2.254071
1.458312
1.171117
1.783872
2.298753
1.627782
1.558031
1.224691
2.571302
2.128037
2.656889
1.018339
1.516175
1.549736
3.131647
1.129788
1.247713
2.940511
1.395460
1.207272
1.469448
1.104470
1.666339
2.493741
2.350508
3.070405
2.264572
2.056583
1.251276
1.692393
4.048366
2.424595
1.495602
1.602042
1.911632
2.811265
1.732596
1.986251
2.086212
1.955782
2.395553
2.184291
1.990935
1.555540
1.866512
1.199171
1.553044
2.873565
1.656757
1.802029
1.695492
2.327053
0.986441
1.405709
1.487882
1.416743
1.997561
1.832264
1.918694
1.487742
1.015571
1.457504
1.721905
