2.376409
2.052146
1.854731
1.974934
1.169980
3.693223
2.194077
2.222402
1.289124
2.434177
2.892059
3.777169
2.118091
2.225530
4.141634
2.834184
1.797639
2.302184
1.894006
1.443157
2.112947
1.180414
1.567347
2.000725
1.968728
1.817389
1.287019
2.573046
1.793290
2.356184
2.493677
1.778745
1.786622
1.195841
1.757978
2.646020
1.583831
2.496651
3.274765
1.957577
2.262110
1.434179
2.220630
1.070190
2.066540
1.645038
1.060171
2.271584
1.841310
2.965128
2.200105
1.853220
1.759128
3.658632
2.638144
3.205306
1.406762
2.593981
2.085828
1.882629
1.947621
1.918013
1.235021
1.467974
3.857255
1.232604
2.726614
2.718547
2.642232
1.333421
2.764400
2.883177
1.894125
1.792744
2.108820
1.686258
1.533672
2.058379
3.047080
1.204493
3.646439
2.629915
1.076826
2.672898
2.214770
1.303804
2.441254
2.543049
2.121341
2.276174
1.371040
1.017049
1.822481
1.818917
1.714760
1.831149
1.709050
2.499253
1.280047
1.854717
2.166840
2.286373
2.626684
1.917660
1.790110
1.713761
4.366590
1.657702
1.965764
2.592046
2.606692
2.276374
2.419374
1.132419
4.691301
2.314898
1.638289
2.002220
1.721091
1.500859
2.099271
2.482028
2.487830
2.671522
2.728971
1.713190
1.691492
2.532116
