2.389420
2.078176
2.233721
3.551938
2.280184
1.134702
2.001526
1.296132
2.660290
5.590540
3.022355
1.023211
3.503529
2.710548
3.420062
1.000369
2.648489
2.734097
3.541521
1.639686
1.977271
2.022768
2.891522
2.418793
1.020683
4.619179
3.815646
3.451092
1.374182
2.840359
1.381636
5.089021
2.275911
5.035005
2.503100
1.272032
2.100968
1.401709
2.059562
2.468884
2.486284
1.282845
1.626255
3.708120
1.204529
1.032227
3.454045
2.148103
3.145453
3.168522
1.449050
1.228597
3.291903
2.601174
2.338013
2.405691
1.952740
1.648757
1.290776
3.519731
2.334091
3.825456
2.816745
1.554729
3.602462
1.207573
1.183765
2.931295
4.180372
2.424244
1.613035
3.698085
1.979749
1.509722
1.257604
1.702958
2.686009
2.062961
2.538519
2.199020
2.425807
1.465123
3.263436
1.463328
3.765324
2.598185
1.134798
2.315128
1.172454
2.065875
1.509588
1.791227
4.339501
2.340203
1.190538
1.168106
4.431998
1.571758
2.620746
1.578293
2.164232
2.080235
1.227457
