1.426154
1.792225
1.303228
1.939990
4.282161
1.647786
1.872773
2.604552
1.781817
1.773604
1.215400
1.735883
2.646465
1.536748
2.019609
2.069118
2.088638
3.966223
2.703431
1.636683
2.057963
1.339550
1.383754
2.429397
1.145180
2.306486
2.220040
1.196360
1.885237
2.621052
1.258312
3.039511
3.015627
2.251626
2.126932
2.285604
1.997414
1.924231
1.771760
2.068338
1.979266
1.859145
1.782819
1.233503
1.461984
2.927038
1.685626
1.856779
1.391582
2.212430
2.294192
1.498254
2.847610
2.011370
2.293124
1.732967
1.662488
1.964887
3.378873
2.266809
1.766337
3.240231
1.158221
1.964012
1.646885
1.942240
1.466977
1.830869
1.110094
2.009975
1.329072
1.715004
3.567029
1.151727
1.861447
1.538545
2.360072
2.715934
2.209961
1.396912
1.836890
1.706758
2.354701
1.728856
2.035265
1.093849
1.945017
1.688138
1.690490
2.390780
3.073761
2.244280
3.382396
1.493248
1.687414
1.497107
2.721119
2.746357
1.332634
1.432941
1.310551
2.274434
1.872451
2.192827
2.732224
2.484843
1.087308
1.404388
1.512371
2.838815
2.243433
2.106715
2.512761
1.370857
1.501812
1.500714
1.340897
1.933072
1.293705
2.481373
1.189449
1.673656
1.175779
2.333291
3.078150
1.608957
3.043497
2.662731
4.127340
1.564328
1.427773
1.769762
1.597576
1.345291
2.364949
2.777886
1.135868
0.940963
1.576316
2.238201
1.338812
1.483342
1.504608
1.502661
1.763917
2.141802
1.669828
1.798253
1.108311
2.850801
2.511086
1.923576
1.467618
1.572532
2.194104
1.333332
1.772483
1.185220
2.306339
1.817552
2.165256
1.456282
1.369337
1.302647
1.286204
1.253601
2.240999
2.656447
1.820140
1.787896
0.876281
1.910767
2.084051
1.755039
1.631608
2.560594
1.655751
1.742480
1.971487
2.257311
1.868121
1.909100
2.069367
2.336817
1.516561
3.360050
2.094582
2.544694
3.029621
1.179382
1.238003
1.060349
1.814211
3.029182
1.768630
1.972422
1.449854
1.376662
1.401126
1.596503
2.998053
