3.511061
4.554816
2.289634
1.868106
3.630454
6.563077
1.970020
3.754483
4.934320
6.664564
4.002167
1.009538
3.314021
1.576675
2.928636
1.832354
4.064533
1.822314
2.197330
5.042877
1.877861
3.464583
4.910682
4.192765
2.434862
3.263962
1.776477
4.993838
2.203990
2.601728
2.467322
1.031778
3.284847
1.140908
4.625307
1.724117
2.514642
1.206129
1.006656
1.795228
2.168849
1.934877
1.775889
2.679795
4.311998
1.487754
1.243498
2.432996
3.089131
1.911156
3.594199
2.201117
2.019804
2.053037
1.599675
2.592638
1.727393
1.728488
2.727869
4.412860
3.852136
1.707799
2.607478
2.399773
1.707821
2.770464
1.488461
1.491790
2.264308
2.675551
1.872324
2.442515
1.905601
1.799142
3.487991
3.896775
1.233564
2.103186
1.531387
3.603761
2.137478
1.948648
0.945838
3.094743
2.212123
1.354756
1.670703
2.646394
4.175291
4.108209
1.311256
2.076610
2.227589
2.022297
1.681849
3.638603
2.807443
1.536085
2.521514
1.146139
2.491800
1.767081
1.379034
2.703660
2.147814
3.313082
1.744780
1.296058
3.360537
