1.542635
1.746945
1.314457
1.635429
2.257971
1.451266
1.442865
1.891675
1.847522
2.291106
1.866411
1.378707
1.302425
1.750893
1.940182
1.096833
1.269037
1.639782
2.731176
2.608049
1.243045
2.976609
1.514957
1.015364
1.366354
1.764334
1.402346
1.841789
1.390845
1.588258
1.800308
1.143450
2.049256
1.453360
1.902157
1.067292
1.840539
1.653720
1.430733
2.069633
1.487619
1.867179
2.061665
1.390777
1.516764
1.987467
0.956945
1.945149
2.059573
3.091048
1.282730
1.179026
1.449022
1.161684
1.788136
1.396477
2.694837
1.490802
1.368393
1.710833
2.954698
1.638286
1.195825
1.517649
0.973707
1.724504
1.906270
1.584185
1.638876
2.198103
1.789498
2.201998
2.664230
1.625129
0.897103
1.086159
1.732205
1.441772
1.196276
2.154086
1.132411
2.090437
1.389647
1.301138
1.276050
1.046526
1.553128
1.551108
1.302368
2.625720
1.655655
2.292861
1.424515
2.187021
1.170759
2.851644
2.076929
1.405589
1.929204
1.560743
1.253044
1.616470
1.269800
1.335439
2.684857
1.249559
1.390938
2.282604
