1.092059
2.591605
1.065208
1.621547
1.066007
1.188331
1.069487
1.323259
1.449090
2.373446
1.545054
1.832328
1.292029
1.508432
1.626034
1.563606
0.887053
1.906437
0.920816
0.798520
1.059690
1.048982
1.574233
0.937097
2.076577
1.802558
1.320207
1.468420
0.992693
1.103922
1.148968
1.055140
1.375440
1.876288
1.504037
1.348280
1.151712
0.982231
1.348240
0.935005
1.182781
1.517241
1.303806
0.984899
1.601126
1.845940
0.984836
1.022595
1.384566
1.833736
1.787721
1.641387
1.455417
1.024552
1.034638
1.184654
1.118977
0.906747
1.074249
1.523582
1.625484
1.363314
0.876394
1.090184
1.195715
1.893443
1.490355
1.642649
1.333754
1.577962
1.311565
1.249801
1.400556
1.444505
1.207451
1.881021
1.348585
1.211224
1.353195
1.186738
1.023102
1.207394
1.663169
1.334710
1.074144
1.290658
1.320469
1.284621
1.454457
1.097466
1.071790
1.607477
1.352913
1.814990
1.329290
1.532586
1.435225
1.771054
0.883988
1.280252
1.374884
1.176059
1.143940
1.660858
1.592970
1.245085
1.442542
1.133759
1.294175
1.410235
1.346031
1.126227
1.451153
1.514766
1.389759
1.125020
0.850153
