1 2 0.628561
1 4 0.800515
1 5 0.810421
1 6 0.795375
1 7 0.754534
1 8 0.807408
1 9 0.806788
1 11 0.500000
1 13 0.541027
1 14 0.500000
2 1 0.628561
4 1 0.800515
4 14 0.500000
5 1 0.810421
6 1 0.795375
7 1 0.754534
7 14 0.500000
8 1 0.807408
8 14 0.500000
9 1 0.806788
11 1 0.500000
11 14 0.500000
13 1 0.541027
13 14 0.500000
14 1 0.500000
14 4 0.500000
14 7 0.500000
14 8 0.500000
14 11 0.500000
14 13 0.500000
1 1 0.911208
1 3 0.500000
1 10 0.524913
1 12 0.500000
2 2 0.554054
2 3 0.500000
2 4 0.569194
2 5 0.594419
2 6 0.591938
2 7 0.552324
2 8 0.579721
2 9 0.586826
2 10 0.496380
2 11 0.500000
2 12 0.500000
2 13 0.506262
2 14 0.500000
3 1 0.500000
3 2 0.500000
3 3 0.500000
3 4 0.500000
3 5 0.500000
3 6 0.500000
3 7 0.500000
3 8 0.500000
3 9 0.500000
3 10 0.500000
3 11 0.500000
3 12 0.500000
3 13 0.500000
3 14 0.500000
4 2 0.569194
4 3 0.500000
4 4 0.719958
4 5 0.688186
4 6 0.695334
4 7 0.658410
4 8 0.706855
4 9 0.693799
4 10 0.521706
4 11 0.500000
4 12 0.500000
4 13 0.531117
5 2 0.594419
5 3 0.500000
5 4 0.688186
5 5 0.749825
5 6 0.706309
5 7 0.657766
5 8 0.713057
5 9 0.719316
5 10 0.510735
5 11 0.500000
5 12 0.500000
5 13 0.533449
5 14 0.500000
6 2 0.591938
6 3 0.500000
6 4 0.695334
6 5 0.706309
6 6 0.730409
6 7 0.638353
6 8 0.689830
6 9 0.686199
6 10 0.519859
6 11 0.500000
6 12 0.500000
6 13 0.539644
6 14 0.500000
7 2 0.552324
7 3 0.500000
7 4 0.658410
7 5 0.657766
7 6 0.638353
7 7 0.658708
7 8 0.664382
7 9 0.670026
7 10 0.505592
7 11 0.500000
7 12 0.500000
7 13 0.505905
8 2 0.579721
8 3 0.500000
8 4 0.706855
8 5 0.713057
8 6 0.689830
8 7 0.664382
8 8 0.722634
8 9 0.707674
8 10 0.513718
8 11 0.500000
8 12 0.500000
8 13 0.534339
9 2 0.586826
9 3 0.500000
9 4 0.693799
9 5 0.719316
9 6 0.686199
9 7 0.670026
9 8 0.707674
9 9 0.735523
9 10 0.510276
9 11 0.500000
9 12 0.500000
9 13 0.514391
9 14 0.500000
10 1 0.524913
10 2 0.496380
10 3 0.500000
10 4 0.521706
10 5 0.510735
10 6 0.519859
10 7 0.505592
10 8 0.513718
10 9 0.510276
10 10 0.516104
10 11 0.500000
10 12 0.500000
10 13 0.518229
10 14 0.500000
11 2 0.500000
11 3 0.500000
11 4 0.500000
11 5 0.500000
11 6 0.500000
11 7 0.500000
11 8 0.500000
11 9 0.500000
11 10 0.500000
11 11 0.500000
11 12 0.500000
11 13 0.500000
12 1 0.500000
12 2 0.500000
12 3 0.500000
12 4 0.500000
12 5 0.500000
12 6 0.500000
12 7 0.500000
12 8 0.500000
12 9 0.500000
12 10 0.500000
12 11 0.500000
12 12 0.500000
12 13 0.500000
12 14 0.500000
13 2 0.506262
13 3 0.500000
13 4 0.531117
13 5 0.533449
13 6 0.539644
13 7 0.505905
13 8 0.534339
13 9 0.514391
13 10 0.518229
13 11 0.500000
13 12 0.500000
13 13 0.593635
14 2 0.500000
14 3 0.500000
14 5 0.500000
14 6 0.500000
14 9 0.500000
14 10 0.500000
14 12 0.500000
14 14 0.500000
