1 2 0.916383
1 4 0.966855
1 5 0.949633
1 6 0.945316
1 7 0.912863
1 8 0.943512
1 9 0.919841
1 11 0.500000
1 13 0.696781
1 14 0.500000
2 1 0.916383
4 1 0.966855
4 14 0.500000
5 1 0.949633
6 1 0.945316
7 1 0.912863
7 14 0.500000
8 1 0.943512
8 14 0.500000
9 1 0.919841
11 1 0.500000
11 14 0.500000
13 1 0.696781
13 14 0.500000
14 1 0.500000
14 4 0.500000
14 7 0.500000
14 8 0.500000
14 11 0.500000
14 13 0.500000
1 1 0.996393
1 3 0.500000
1 10 0.558848
1 12 0.500000
2 2 0.742190
2 3 0.500000
2 4 0.808981
2 5 0.782398
2 6 0.776374
2 7 0.728869
2 8 0.769976
2 9 0.742546
2 10 0.519331
2 11 0.500000
2 12 0.500000
2 13 0.601671
2 14 0.500000
3 1 0.500000
3 2 0.500000
3 3 0.500000
3 4 0.500000
3 5 0.500000
3 6 0.500000
3 7 0.500000
3 8 0.500000
3 9 0.500000
3 10 0.500000
3 11 0.500000
3 12 0.500000
3 13 0.500000
3 14 0.500000
4 2 0.808981
4 3 0.500000
4 4 0.898858
4 5 0.844095
4 6 0.833138
4 7 0.795560
4 8 0.845099
4 9 0.798338
4 10 0.538489
4 11 0.500000
4 12 0.500000
4 13 0.609652
5 2 0.782398
5 3 0.500000
5 4 0.844095
5 5 0.848005
5 6 0.819208
5 7 0.776197
5 8 0.820039
5 9 0.811651
5 10 0.532840
5 11 0.500000
5 12 0.500000
5 13 0.629879
5 14 0.500000
6 2 0.776374
6 3 0.500000
6 4 0.833138
6 5 0.819208
6 6 0.849692
6 7 0.770879
6 8 0.804373
6 9 0.779148
6 10 0.525236
6 11 0.500000
6 12 0.500000
6 13 0.605221
6 14 0.500000
7 2 0.728869
7 3 0.500000
7 4 0.795560
7 5 0.776197
7 6 0.770879
7 7 0.746460
7 8 0.766001
7 9 0.739939
7 10 0.529928
7 11 0.500000
7 12 0.500000
7 13 0.563738
8 2 0.769976
8 3 0.500000
8 4 0.845099
8 5 0.820039
8 6 0.804373
8 7 0.766001
8 8 0.809002
8 9 0.783256
8 10 0.533046
8 11 0.500000
8 12 0.500000
8 13 0.610678
9 2 0.742546
9 3 0.500000
9 4 0.798338
9 5 0.811651
9 6 0.779148
9 7 0.739939
9 8 0.783256
9 9 0.791339
9 10 0.536754
9 11 0.500000
9 12 0.500000
9 13 0.612083
9 14 0.500000
10 1 0.558848
10 2 0.519331
10 3 0.500000
10 4 0.538489
10 5 0.532840
10 6 0.525236
10 7 0.529928
10 8 0.533046
10 9 0.536754
10 10 0.517605
10 11 0.500000
10 12 0.500000
10 13 0.486637
10 14 0.500000
11 2 0.500000
11 3 0.500000
11 4 0.500000
11 5 0.500000
11 6 0.500000
11 7 0.500000
11 8 0.500000
11 9 0.500000
11 10 0.500000
11 11 0.500000
11 12 0.500000
11 13 0.500000
12 1 0.500000
12 2 0.500000
12 3 0.500000
12 4 0.500000
12 5 0.500000
12 6 0.500000
12 7 0.500000
12 8 0.500000
12 9 0.500000
12 10 0.500000
12 11 0.500000
12 12 0.500000
12 13 0.500000
12 14 0.500000
13 2 0.601671
13 3 0.500000
13 4 0.609652
13 5 0.629879
13 6 0.605221
13 7 0.563738
13 8 0.610678
13 9 0.612083
13 10 0.486637
13 11 0.500000
13 12 0.500000
13 13 0.647776
14 2 0.500000
14 3 0.500000
14 5 0.500000
14 6 0.500000
14 9 0.500000
14 10 0.500000
14 12 0.500000
14 14 0.500000
