1 2 0.745208
1 4 0.793540
1 5 0.867382
1 6 0.779058
1 7 0.780115
1 8 0.763674
1 9 0.839872
1 11 0.726656
1 13 0.711008
1 14 0.500000
2 1 0.745208
4 1 0.793540
4 14 0.500000
5 1 0.867382
6 1 0.779058
7 1 0.780115
7 14 0.500000
8 1 0.763674
8 14 0.500000
9 1 0.839872
11 1 0.726656
11 14 0.500000
13 1 0.711008
13 14 0.500000
14 1 0.500000
14 4 0.500000
14 7 0.500000
14 8 0.500000
14 11 0.500000
14 13 0.500000
1 1 0.921948
1 3 0.500000
1 10 0.535096
1 12 0.500000
2 2 0.620725
2 3 0.500000
2 4 0.637916
2 5 0.712438
2 6 0.604974
2 7 0.631650
2 8 0.629678
2 9 0.668234
2 10 0.523737
2 11 0.605238
2 12 0.500000
2 13 0.597708
2 14 0.500000
3 1 0.500000
3 2 0.500000
3 3 0.500000
3 4 0.500000
3 5 0.500000
3 6 0.500000
3 7 0.500000
3 8 0.500000
3 9 0.500000
3 10 0.500000
3 11 0.500000
3 12 0.500000
3 13 0.500000
3 14 0.500000
4 2 0.637916
4 3 0.500000
4 4 0.926313
4 5 0.767915
4 6 0.860353
4 7 0.654136
4 8 0.685837
4 9 0.765848
4 10 0.516832
4 11 0.626952
4 12 0.500000
4 13 0.606403
5 2 0.712438
5 3 0.500000
5 4 0.767915
5 5 0.984605
5 6 0.865209
5 7 0.695971
5 8 0.738747
5 9 0.833752
5 10 0.561799
5 11 0.668786
5 12 0.500000
5 13 0.627487
5 14 0.500000
6 2 0.604974
6 3 0.500000
6 4 0.860353
6 5 0.865209
6 6 0.994824
6 7 0.638084
6 8 0.642694
6 9 0.767418
6 10 0.480594
6 11 0.608598
6 12 0.500000
6 13 0.576131
6 14 0.500000
7 2 0.631650
7 3 0.500000
7 4 0.654136
7 5 0.695971
7 6 0.638084
7 7 0.668507
7 8 0.635503
7 9 0.696251
7 10 0.517436
7 11 0.624255
7 12 0.500000
7 13 0.616366
8 2 0.629678
8 3 0.500000
8 4 0.685837
8 5 0.738747
8 6 0.642694
8 7 0.635503
8 8 0.656294
8 9 0.693851
8 10 0.515730
8 11 0.613926
8 12 0.500000
8 13 0.602935
9 2 0.668234
9 3 0.500000
9 4 0.765848
9 5 0.833752
9 6 0.767418
9 7 0.696251
9 8 0.693851
9 9 0.782045
9 10 0.515260
9 11 0.657216
9 12 0.500000
9 13 0.634742
9 14 0.500000
10 1 0.535096
10 2 0.523737
10 3 0.500000
10 4 0.516832
10 5 0.561799
10 6 0.480594
10 7 0.517436
10 8 0.515730
10 9 0.515260
10 10 0.526253
10 11 0.513158
10 12 0.500000
10 13 0.512332
10 14 0.500000
11 2 0.605238
11 3 0.500000
11 4 0.626952
11 5 0.668786
11 6 0.608598
11 7 0.624255
11 8 0.613926
11 9 0.657216
11 10 0.513158
11 11 0.596863
11 12 0.500000
11 13 0.589900
12 1 0.500000
12 2 0.500000
12 3 0.500000
12 4 0.500000
12 5 0.500000
12 6 0.500000
12 7 0.500000
12 8 0.500000
12 9 0.500000
12 10 0.500000
12 11 0.500000
12 12 0.500000
12 13 0.500000
12 14 0.500000
13 2 0.597708
13 3 0.500000
13 4 0.606403
13 5 0.627487
13 6 0.576131
13 7 0.616366
13 8 0.602935
13 9 0.634742
13 10 0.512332
13 11 0.589900
13 12 0.500000
13 13 0.587953
14 2 0.500000
14 3 0.500000
14 5 0.500000
14 6 0.500000
14 9 0.500000
14 10 0.500000
14 12 0.500000
14 14 0.500000
