1 2 0.590453
1 4 0.579503
1 5 0.549226
1 6 0.622857
1 7 0.663605
1 8 0.601779
1 9 0.660059
1 11 0.573790
1 13 0.602857
1 14 0.500000
2 1 0.590453
4 1 0.579503
4 14 0.500000
5 1 0.549226
6 1 0.622857
7 1 0.663605
7 14 0.500000
8 1 0.601779
8 14 0.500000
9 1 0.660059
11 1 0.573790
11 14 0.500000
13 1 0.602857
13 14 0.500000
14 1 0.500000
14 4 0.500000
14 7 0.500000
14 8 0.500000
14 11 0.500000
14 13 0.500000
1 1 0.685264
1 3 0.500000
1 10 0.506728
1 12 0.500000
2 2 0.549931
2 3 0.500000
2 4 0.529505
2 5 0.531869
2 6 0.559481
2 7 0.582882
2 8 0.550058
2 9 0.598867
2 10 0.502792
2 11 0.536452
2 12 0.500000
2 13 0.550253
2 14 0.500000
3 1 0.500000
3 2 0.500000
3 3 0.500000
3 4 0.500000
3 5 0.500000
3 6 0.500000
3 7 0.500000
3 8 0.500000
3 9 0.500000
3 10 0.500000
3 11 0.500000
3 12 0.500000
3 13 0.500000
3 14 0.500000
4 2 0.529505
4 3 0.500000
4 4 0.554872
4 5 0.480454
4 6 0.535245
4 7 0.560265
4 8 0.548159
4 9 0.537478
4 10 0.501808
4 11 0.529081
4 12 0.500000
4 13 0.542299
5 2 0.531869
5 3 0.500000
5 4 0.480454
5 5 0.777858
5 6 0.613386
5 7 0.549915
5 8 0.568110
5 9 0.560430
5 10 0.504742
5 11 0.517020
5 12 0.500000
5 13 0.536755
5 14 0.500000
6 2 0.559481
6 3 0.500000
6 4 0.535245
6 5 0.613386
6 6 0.640374
6 7 0.565338
6 8 0.544365
6 9 0.638870
6 10 0.500337
6 11 0.551164
6 12 0.500000
6 13 0.567392
6 14 0.500000
7 2 0.582882
7 3 0.500000
7 4 0.560265
7 5 0.549915
7 6 0.565338
7 7 0.915730
7 8 0.537738
7 9 0.614655
7 10 0.530275
7 11 0.549999
7 12 0.500000
7 13 0.602450
8 2 0.550058
8 3 0.500000
8 4 0.548159
8 5 0.568110
8 6 0.544365
8 7 0.537738
8 8 0.653876
8 9 0.566571
8 10 0.500977
8 11 0.537380
8 12 0.500000
8 13 0.550280
9 2 0.598867
9 3 0.500000
9 4 0.537478
9 5 0.560430
9 6 0.638870
9 7 0.614655
9 8 0.566571
9 9 0.745454
9 10 0.498501
9 11 0.571794
9 12 0.500000
9 13 0.596699
9 14 0.500000
10 1 0.506728
10 2 0.502792
10 3 0.500000
10 4 0.501808
10 5 0.504742
10 6 0.500337
10 7 0.530275
10 8 0.500977
10 9 0.498501
10 10 0.503873
10 11 0.501619
10 12 0.500000
10 13 0.502842
10 14 0.500000
11 2 0.536452
11 3 0.500000
11 4 0.529081
11 5 0.517020
11 6 0.551164
11 7 0.549999
11 8 0.537380
11 9 0.571794
11 10 0.501619
11 11 0.529973
11 12 0.500000
11 13 0.540434
12 1 0.500000
12 2 0.500000
12 3 0.500000
12 4 0.500000
12 5 0.500000
12 6 0.500000
12 7 0.500000
12 8 0.500000
12 9 0.500000
12 10 0.500000
12 11 0.500000
12 12 0.500000
12 13 0.500000
12 14 0.500000
13 2 0.550253
13 3 0.500000
13 4 0.542299
13 5 0.536755
13 6 0.567392
13 7 0.602450
13 8 0.550280
13 9 0.596699
13 10 0.502842
13 11 0.540434
13 12 0.500000
13 13 0.563624
14 2 0.500000
14 3 0.500000
14 5 0.500000
14 6 0.500000
14 9 0.500000
14 10 0.500000
14 12 0.500000
14 14 0.500000
