1 2 0.708446
1 4 0.827084
1 5 0.838100
1 6 0.903718
1 7 0.843601
1 8 0.748536
1 9 0.796581
1 11 0.690332
1 13 0.727109
1 14 0.500000
2 1 0.708446
4 1 0.827084
4 14 0.500000
5 1 0.838100
6 1 0.903718
7 1 0.843601
7 14 0.500000
8 1 0.748536
8 14 0.500000
9 1 0.796581
11 1 0.690332
11 14 0.500000
13 1 0.727109
13 14 0.500000
14 1 0.500000
14 4 0.500000
14 7 0.500000
14 8 0.500000
14 11 0.500000
14 13 0.500000
1 1 0.905708
1 3 0.500000
1 10 0.563721
1 12 0.500000
2 2 0.589461
2 3 0.500000
2 4 0.652768
2 5 0.655537
2 6 0.701591
2 7 0.649597
2 8 0.608333
2 9 0.632206
2 10 0.522682
2 11 0.580711
2 12 0.500000
2 13 0.597646
2 14 0.500000
3 1 0.500000
3 2 0.500000
3 3 0.500000
3 4 0.500000
3 5 0.500000
3 6 0.500000
3 7 0.500000
3 8 0.500000
3 9 0.500000
3 10 0.500000
3 11 0.500000
3 12 0.500000
3 13 0.500000
3 14 0.500000
4 2 0.652768
4 3 0.500000
4 4 0.852731
4 5 0.708457
4 6 0.737306
4 7 0.734835
4 8 0.681370
4 9 0.723203
4 10 0.548702
4 11 0.641027
4 12 0.500000
4 13 0.681284
5 2 0.655537
5 3 0.500000
5 4 0.708457
5 5 0.811703
5 6 0.879942
5 7 0.782902
5 8 0.688857
5 9 0.748980
5 10 0.538907
5 11 0.644891
5 12 0.500000
5 13 0.678980
5 14 0.500000
6 2 0.701591
6 3 0.500000
6 4 0.737306
6 5 0.879942
6 6 0.976795
6 7 0.836069
6 8 0.729004
6 9 0.802024
6 10 0.552554
6 11 0.678732
6 12 0.500000
6 13 0.716116
6 14 0.500000
7 2 0.649597
7 3 0.500000
7 4 0.734835
7 5 0.782902
7 6 0.836069
7 7 0.929905
7 8 0.709483
7 9 0.746398
7 10 0.562885
7 11 0.636846
7 12 0.500000
7 13 0.657240
8 2 0.608333
8 3 0.500000
8 4 0.681370
8 5 0.688857
8 6 0.729004
8 7 0.709483
8 8 0.647410
8 9 0.657054
8 10 0.538139
8 11 0.600911
8 12 0.500000
8 13 0.619686
9 2 0.632206
9 3 0.500000
9 4 0.723203
9 5 0.748980
9 6 0.802024
9 7 0.746398
9 8 0.657054
9 9 0.723249
9 10 0.534100
9 11 0.622374
9 12 0.500000
9 13 0.656055
9 14 0.500000
10 1 0.563721
10 2 0.522682
10 3 0.500000
10 4 0.548702
10 5 0.538907
10 6 0.552554
10 7 0.562885
10 8 0.538139
10 9 0.534100
10 10 0.516782
10 11 0.521765
10 12 0.500000
10 13 0.525616
10 14 0.500000
11 2 0.580711
11 3 0.500000
11 4 0.641027
11 5 0.644891
11 6 0.678732
11 7 0.636846
11 8 0.600911
11 9 0.622374
11 10 0.521765
11 11 0.575109
11 12 0.500000
11 13 0.593324
12 1 0.500000
12 2 0.500000
12 3 0.500000
12 4 0.500000
12 5 0.500000
12 6 0.500000
12 7 0.500000
12 8 0.500000
12 9 0.500000
12 10 0.500000
12 11 0.500000
12 12 0.500000
12 13 0.500000
12 14 0.500000
13 2 0.597646
13 3 0.500000
13 4 0.681284
13 5 0.678980
13 6 0.716116
13 7 0.657240
13 8 0.619686
13 9 0.656055
13 10 0.525616
13 11 0.593324
13 12 0.500000
13 13 0.622586
14 2 0.500000
14 3 0.500000
14 5 0.500000
14 6 0.500000
14 9 0.500000
14 10 0.500000
14 12 0.500000
14 14 0.500000
