1 2 0.700306
1 4 0.857443
1 5 0.730896
1 6 0.795087
1 7 0.682898
1 8 0.694408
1 9 0.711812
1 11 0.500000
1 13 0.696096
1 14 0.500000
2 1 0.700306
4 1 0.857443
4 14 0.500000
5 1 0.730896
6 1 0.795087
7 1 0.682898
7 14 0.500000
8 1 0.694408
8 14 0.500000
9 1 0.711812
11 1 0.500000
11 14 0.500000
13 1 0.696096
13 14 0.500000
14 1 0.500000
14 4 0.500000
14 7 0.500000
14 8 0.500000
14 11 0.500000
14 13 0.500000
1 1 0.919733
1 3 0.500000
1 10 0.545985
1 12 0.500000
2 2 0.577607
2 3 0.500000
2 4 0.634711
2 5 0.594408
2 6 0.612815
2 7 0.567745
2 8 0.570251
2 9 0.576141
2 10 0.514715
2 11 0.500000
2 12 0.500000
2 13 0.575037
2 14 0.500000
3 1 0.500000
3 2 0.500000
3 3 0.500000
3 4 0.500000
3 5 0.500000
3 6 0.500000
3 7 0.500000
3 8 0.500000
3 9 0.500000
3 10 0.500000
3 11 0.500000
3 12 0.500000
3 13 0.500000
3 14 0.500000
4 2 0.634711
4 3 0.500000
4 4 0.991817
4 5 0.621336
4 6 0.746269
4 7 0.593737
4 8 0.750854
4 9 0.714431
4 10 0.507986
4 11 0.500000
4 12 0.500000
4 13 0.640088
5 2 0.594408
5 3 0.500000
5 4 0.621336
5 5 0.631633
5 6 0.616940
5 7 0.584536
5 8 0.586212
5 9 0.582578
5 10 0.522543
5 11 0.500000
5 12 0.500000
5 13 0.593651
5 14 0.500000
6 2 0.612815
6 3 0.500000
6 4 0.746269
6 5 0.616940
6 6 0.776576
6 7 0.611126
6 8 0.606660
6 9 0.613688
6 10 0.501750
6 11 0.500000
6 12 0.500000
6 13 0.628652
6 14 0.500000
7 2 0.567745
7 3 0.500000
7 4 0.593737
7 5 0.584536
7 6 0.611126
7 7 0.572346
7 8 0.559945
7 9 0.563600
7 10 0.511853
7 11 0.500000
7 12 0.500000
7 13 0.570682
8 2 0.570251
8 3 0.500000
8 4 0.750854
8 5 0.586212
8 6 0.606660
8 7 0.559945
8 8 0.616878
8 9 0.583614
8 10 0.520545
8 11 0.500000
8 12 0.500000
8 13 0.578016
9 2 0.576141
9 3 0.500000
9 4 0.714431
9 5 0.582578
9 6 0.613688
9 7 0.563600
9 8 0.583614
9 9 0.611471
9 10 0.525047
9 11 0.500000
9 12 0.500000
9 13 0.575552
9 14 0.500000
10 1 0.545985
10 2 0.514715
10 3 0.500000
10 4 0.507986
10 5 0.522543
10 6 0.501750
10 7 0.511853
10 8 0.520545
10 9 0.525047
10 10 0.516407
10 11 0.500000
10 12 0.500000
10 13 0.513233
10 14 0.500000
11 2 0.500000
11 3 0.500000
11 4 0.500000
11 5 0.500000
11 6 0.500000
11 7 0.500000
11 8 0.500000
11 9 0.500000
11 10 0.500000
11 11 0.500000
11 12 0.500000
11 13 0.500000
12 1 0.500000
12 2 0.500000
12 3 0.500000
12 4 0.500000
12 5 0.500000
12 6 0.500000
12 7 0.500000
12 8 0.500000
12 9 0.500000
12 10 0.500000
12 11 0.500000
12 12 0.500000
12 13 0.500000
12 14 0.500000
13 2 0.575037
13 3 0.500000
13 4 0.640088
13 5 0.593651
13 6 0.628652
13 7 0.570682
13 8 0.578016
13 9 0.575552
13 10 0.513233
13 11 0.500000
13 12 0.500000
13 13 0.584762
14 2 0.500000
14 3 0.500000
14 5 0.500000
14 6 0.500000
14 9 0.500000
14 10 0.500000
14 12 0.500000
14 14 0.500000
