1.861721
2.702869
2.199417
0.919702
1.313478
3.130782
1.545857
2.143434
1.481067
3.196286
1.283322
1.499242
2.439945
2.351505
1.344530
3.031370
1.223428
1.132025
1.544926
2.129068
2.091660
2.906372
1.781163
2.705341
1.408906
1.961845
2.505036
1.918929
1.812840
1.265159
1.442478
1.929835
1.001596
2.105312
1.717086
3.066270
1.319976
4.272548
1.967949
1.983328
3.338317
1.426535
1.893619
4.291069
1.099617
0.961673
2.891478
2.856858
1.422844
1.571027
3.712671
1.846080
1.004200
3.013311
2.425971
1.676069
1.449829
1.585224
3.227915
1.085657
2.483609
4.297826
2.747859
2.776987
3.075219
1.439382
2.633322
2.720211
2.364708
2.591091
2.343246
2.106858
1.486753
3.546977
1.441017
1.481881
3.392422
1.256119
2.153899
1.894964
2.416761
1.248521
1.246976
0.956934
1.651668
1.498605
3.379259
1.674195
2.601894
0.980101
2.795890
1.325344
0.926375
3.043760
1.414866
2.119917
1.491781
1.434965
2.277267
1.770706
2.342809
1.687280
1.796688
1.167560
1.375190
2.298728
1.547387
2.954601
3.461420
0.991368
2.126532
2.582871
2.964691
1.168939
2.490666
6.073709
1.843768
1.287516
1.749700
2.502070
2.638577
2.886156
1.997146
6.059613
2.433359
1.932003
1.580368
3.219606
0.940915
1.944007
1.141249
2.375226
1.735747
1.871283
1.260487
1.303383
3.493612
1.982941
1.227996
1.631894
1.051753
1.470865
2.036584
2.014704
1.772001
3.652962
3.131526
1.780329
1.512423
2.117179
3.230029
1.560778
2.010339
3.184144
0.919139
1.238734
2.096771
1.286990
2.884899
2.269949
1.715044
1.481680
1.221742
1.906390
1.155112
1.919162
2.127795
1.709383
0.905692
1.273582
1.511892
1.496903
1.203871
1.109237
1.849736
1.859460
1.520124
3.937873
2.251103
1.121345
1.319471
2.307580
2.096287
1.827290
2.273026
2.352123
2.157195
0.957458
1.886396
1.310284
1.860200
1.682622
1.633595
1.935073
2.529668
1.858995
1.563292
1.297933
1.531499
1.675192
1.577350
1.687760
1.567659
1.098623
1.080282
2.421771
1.209036
2.154228
1.715979
1.444984
1.942376
1.742781
2.904917
1.549999
1.508780
1.846602
1.281405
1.476311
2.095780
2.523811
1.837332
1.814490
1.712352
