2.444160
1.257571
1.615962
1.557994
2.094925
1.209508
1.416297
1.388197
1.964743
1.487208
1.497487
1.783133
1.382878
1.571345
1.568792
2.498911
2.226531
1.827609
2.035410
1.909896
1.704648
2.471553
2.944194
1.836606
2.090438
2.145935
1.666749
1.310638
1.778308
1.684260
1.274430
1.075467
2.162960
2.144891
2.509147
1.613056
2.149347
1.328536
1.255773
1.111198
1.958175
1.554750
1.994994
1.759678
1.172752
1.484552
1.741044
2.190736
1.620536
1.792736
1.359022
1.702752
2.703823
1.275281
2.750768
1.616209
1.658584
3.453069
2.650493
1.184650
2.881565
1.891909
1.191788
1.737997
1.405016
1.844220
2.193593
1.634470
1.051425
1.541063
2.370648
1.593093
2.180506
2.585196
2.370607
1.235658
1.300284
1.782039
1.224513
1.351490
1.526458
2.449935
1.755022
1.872380
2.526138
0.929956
1.023196
1.623448
3.575291
1.524792
1.795456
1.292485
1.330356
2.544290
1.951796
2.036784
2.611845
2.301563
2.690245
1.318420
2.329576
1.397881
1.922989
2.009705
1.713778
1.379253
1.497184
1.372201
1.489103
1.370362
1.271716
2.222529
1.314637
1.310659
2.603526
1.857307
1.436551
1.500456
1.158840
2.141665
1.943502
