3.575573
1.230452
1.594390
1.774756
3.190454
2.662980
4.405229
1.745872
2.447459
3.328766
2.493359
2.232688
1.304402
1.857748
1.891390
2.001767
2.780186
1.184360
1.440940
2.765771
1.851217
1.791412
1.760709
1.899568
0.982099
1.769560
1.343283
1.963560
3.407421
2.052268
2.026355
3.318939
3.541678
3.686466
3.695835
2.024210
1.864780
2.901988
2.565534
2.152741
1.409826
2.701005
1.093787
1.367862
2.368359
1.551980
1.758878
3.125853
4.271092
2.359989
2.229587
0.941169
1.480405
1.781637
2.108731
9.278710
1.569989
1.997342
2.276280
1.550327
1.681285
2.242604
5.419386
3.885322
2.376734
2.132406
3.984531
2.359760
1.961587
3.004820
2.087887
1.869094
1.154182
1.621225
1.075730
2.455168
2.310031
2.115258
3.309988
1.627169
1.068444
1.330730
1.908877
1.672109
1.931770
2.074093
1.358692
3.134186
1.406226
1.334978
1.558562
1.459358
3.558381
3.328466
2.206286
1.001754
1.846761
1.481120
1.408105
2.508411
1.592567
1.049960
1.910564
2.450300
2.436244
1.695924
1.769610
5.231537
2.183757
1.864789
3.828188
2.149760
3.291779
2.629941
0.958461
3.515914
3.378573
1.925129
1.425086
2.566511
1.348866
4.282948
1.593542
1.402863
2.349677
2.649312
1.971648
1.589800
1.932175
1.775507
3.216900
0.970183
1.529132
1.252046
1.231566
1.603438
1.840616
2.109462
4.387341
2.711759
1.527604
2.711556
3.219378
1.471659
3.026489
2.668239
1.793111
2.466440
1.694906
2.714608
3.072599
