2.669208
3.616140
2.391802
1.510178
1.610925
1.666273
4.233193
2.011530
2.697426
1.816522
2.928525
2.895054
1.458348
2.530763
2.262386
1.489256
3.821130
4.786301
2.554132
1.726657
3.139700
1.850373
1.400229
1.622272
2.112110
2.012851
2.215903
1.790932
1.568154
2.284561
1.644817
1.938974
2.048596
1.667503
1.921426
1.751418
1.755471
1.686317
2.169083
1.725980
3.590858
2.573374
3.693521
1.492380
5.582653
1.444568
1.640683
1.670578
2.318362
1.364811
1.766902
2.816503
2.385137
2.816088
2.049935
2.133819
1.695390
3.176456
1.658672
1.254877
2.076351
2.178811
1.554790
1.939029
2.110259
1.798434
2.482929
4.182543
2.121850
1.900195
1.592717
2.406672
1.391096
1.359517
2.106680
1.910190
1.703016
2.155148
1.771488
3.011086
2.394534
2.288933
1.881999
1.581712
1.524446
1.515903
5.248186
2.394656
1.951158
2.490819
3.496299
1.321749
3.327783
2.130734
2.214114
2.687929
2.281081
3.063934
2.301800
1.598212
1.220856
2.450645
1.636518
1.571435
1.406537
1.992708
1.567517
2.151077
2.402642
1.706620
2.303226
1.573905
3.253940
2.413201
1.990423
2.556476
2.325274
2.525742
2.140815
2.696347
2.031313
1.698606
1.514729
1.729849
3.790564
1.984161
0.941939
3.112846
1.687508
1.885858
1.538927
4.315351
1.346972
1.289704
2.338123
1.185776
4.719456
1.840616
2.823503
1.509746
2.218596
1.897154
1.803897
1.782399
1.620118
2.191669
1.593830
1.584764
2.425781
1.605938
1.669207
2.038664
1.980767
2.671882
1.577942
1.434704
2.210080
1.352089
2.281033
2.275482
2.811201
2.433834
1.801131
1.992536
4.789335
2.395016
1.344706
1.289302
1.734599
2.182188
2.866371
1.745926
2.249114
2.746348
2.497418
2.487769
1.937548
1.848384
1.378964
2.937648
2.077391
2.422187
2.090465
2.248730
1.189275
2.557036
2.402002
5.476206
2.312148
1.442067
1.718737
1.667648
2.048179
1.419057
2.914078
1.361321
1.826241
1.950894
3.344954
2.440394
2.698433
1.985933
3.231519
2.395759
1.766340
1.450493
2.043200
1.808403
3.201177
2.065683
1.615245
1.726195
1.376923
1.726930
1.500622
1.801589
1.336668
1.789981
2.956435
1.527843
1.142690
2.187071
2.097955
2.070334
1.512672
2.696462
2.764339
1.791325
1.780969
1.785453
4.018636
1.851914
1.966089
2.447745
2.678715
2.893543
1.472748
1.471039
1.877669
1.430516
2.599396
4.849371
1.770396
2.042342
1.714117
1.355930
1.573295
4.915987
2.250583
1.895526
1.634288
2.657546
1.838931
1.085000
1.626757
4.695114
1.798269
1.679066
1.458377
1.666379
3.157059
1.607680
2.341204
1.169745
1.495647
2.108508
2.132435
2.790959
0.956993
2.112053
2.074251
2.663294
2.402093
1.704114
1.581561
3.141521
3.311015
1.870707
2.804554
1.892358
1.792850
1.739425
2.383909
1.025673
1.849514
2.799379
1.497942
1.732905
1.547924
1.734249
3.912869
1.519432
1.778712
2.413540
1.952057
1.676303
1.136143
1.057137
2.735307
1.691994
2.384024
1.790148
1.643160
1.101377
1.899748
1.039522
1.402381
2.158563
2.772799
2.827596
3.317540
2.016286
