1.627624
2.539399
3.235815
1.823467
3.149380
1.772763
2.702543
1.524411
2.036796
2.016998
1.537761
1.041000
1.474532
2.081519
1.150877
1.279585
3.202683
5.147689
2.015646
2.425395
2.074406
1.982261
1.786667
2.752769
1.801231
1.809799
1.694470
1.563676
1.344556
1.525854
1.243172
1.307443
2.124019
2.640899
1.898371
2.634209
2.266752
3.187269
2.054476
1.275457
1.557696
1.285621
1.377322
2.248159
2.143657
2.501139
1.549007
1.206181
1.898234
2.968658
2.151537
1.573226
1.708486
3.076665
1.752695
1.711106
2.512940
2.273999
1.462584
2.176314
1.810747
1.395446
1.463662
1.996268
1.529961
0.896686
1.432674
1.571827
1.650352
1.158812
1.198877
1.467428
1.616560
3.477551
1.740316
2.218810
1.601883
1.314862
1.361567
1.529371
2.184503
1.721993
1.429883
1.940239
1.155803
2.051836
1.693366
2.181779
2.092852
1.715229
1.726830
1.366495
1.640974
1.610559
1.305927
1.457380
2.032307
2.960500
1.360086
1.944903
1.346137
1.840278
1.176170
1.741965
2.815267
1.636534
1.441827
2.151780
1.261337
1.351325
1.242792
3.676671
1.634876
1.445562
1.551842
1.310675
1.867533
1.021918
2.115376
2.370599
1.412275
2.405503
1.536988
2.106009
1.376979
1.751619
1.872250
2.315292
1.070291
1.996240
1.030290
1.386975
1.976101
1.756925
2.558372
1.587436
2.287393
1.210531
2.324502
1.931768
1.366794
3.228038
2.435189
1.150163
2.408955
2.433690
2.005709
0.996171
1.208125
2.229139
1.440947
1.620041
2.987488
1.523023
1.268938
1.290224
2.041589
2.005246
3.770213
1.564007
2.011702
1.745346
2.299671
1.493266
2.117626
1.585375
1.656690
1.161805
2.659335
1.549602
1.485649
1.356915
1.412095
2.085682
1.275713
1.731817
2.202779
3.360705
1.318584
1.803829
1.138947
2.980551
3.169494
1.340703
1.471283
1.472899
1.644608
1.871475
1.291553
2.255924
2.933605
1.549818
2.115794
3.378312
1.294268
1.858070
1.737468
1.279248
1.666875
1.390352
2.020254
1.273860
1.652405
1.571377
2.784684
1.525141
2.821076
1.514480
2.581798
1.111085
1.614675
2.794269
1.021341
2.414094
1.269348
2.396442
1.273183
1.470443
1.784079
1.370370
2.476917
1.617365
1.864039
1.793948
1.909947
1.458509
1.433173
1.127084
2.220227
2.162542
2.047809
1.055555
2.811882
2.182413
2.094099
1.055724
1.735954
1.995114
1.864273
2.161678
1.428599
2.164124
2.257520
1.080144
1.858804
1.350972
1.197184
2.261544
1.966922
2.585971
1.923150
1.816322
1.515583
2.959687
1.565475
2.331449
1.221000
2.215010
1.083778
1.247908
2.474272
2.415002
1.176951
1.779789
1.670888
1.532661
1.672882
1.253690
1.084336
2.072828
1.866508
2.204678
1.816342
1.786763
2.728740
2.246833
1.787223
2.486891
1.706332
1.935177
1.666315
2.120593
1.603345
1.261923
1.407917
1.367329
1.540486
2.926000
2.077855
2.802212
1.429177
1.958627
1.732565
1.546283
1.634167
1.201973
1.531379
1.400570
1.325496
2.238552
1.323130
2.275544
1.080467
2.364248
1.586507
1.264778
2.865445
2.450893
2.944316
0.991452
2.221485
2.466487
1.649998
2.441624
1.707210
1.483564
1.314311
1.349210
1.594230
1.190440
2.145423
1.981472
1.728917
1.044250
1.961031
1.558491
1.922028
1.609294
2.039171
2.745297
2.531789
1.775009
2.357592
1.101954
1.469299
2.669427
1.161967
2.772980
2.100100
1.931751
1.574405
1.160401
1.492562
1.225898
