2.984752
2.589247
2.476526
2.570013
3.237349
2.395833
3.375056
3.297080
2.721130
2.354228
3.446355
3.227699
2.146955
2.292898
2.109682
2.980114
2.028235
2.888153
2.454598
3.967166
2.336556
2.210682
1.937725
4.501323
2.482771
2.169735
2.450548
2.293675
3.187084
2.292192
4.219537
2.308903
2.401824
3.088306
2.310543
4.038425
2.807676
3.331496
2.847590
2.038198
2.190480
2.375488
2.128140
2.698438
2.111520
2.057595
2.637635
3.202721
2.121853
3.389302
2.829273
2.136305
2.529735
2.608612
3.204739
2.999534
2.193595
3.979850
2.266056
3.818502
2.538312
3.716436
2.528265
2.788723
2.691207
2.589572
2.154969
2.928365
2.407867
2.723697
1.904831
3.172918
2.528502
2.408554
2.875955
1.750840
2.494783
3.007302
2.898673
3.253327
2.099847
2.010410
3.573452
1.756636
2.178547
2.427397
2.546193
2.819172
1.995494
1.770598
2.518269
4.001135
2.204475
2.474758
2.168224
3.650285
2.612629
1.675055
2.135426
2.806894
2.432011
2.082627
3.159785
3.055611
1.949175
2.560614
1.969796
2.117040
2.537343
1.883822
2.382492
1.708084
2.027424
2.873678
3.337266
2.511830
2.386184
2.823638
2.621244
3.085048
3.146123
2.626893
2.190604
2.530248
2.548908
2.035871
3.673125
2.033008
2.537958
1.979886
2.939073
2.076297
2.457328
2.432987
2.659221
2.933356
3.247756
2.699499
3.145508
2.609919
3.095603
2.004445
3.488738
2.780806
2.144850
3.967448
4.567165
2.750211
1.648175
2.508493
1.715495
1.788597
2.111415
3.222479
3.215137
2.317803
2.770267
2.617309
2.597619
1.885989
2.383724
2.360562
1.877944
2.889591
2.845659
1.987963
3.389110
2.088346
2.639788
2.147652
2.984262
1.896829
3.001533
2.928015
2.555324
2.153702
2.011417
1.875062
2.521465
2.367782
2.296669
2.863895
3.271918
2.191875
3.075569
3.412983
2.143948
2.092823
2.330648
2.193528
2.105466
2.380054
2.641610
2.964592
2.057336
2.546711
3.097062
2.302538
2.012598
2.220691
3.115941
2.495835
2.807207
2.527472
2.949037
1.961333
1.889783
1.608226
2.777326
2.451666
2.112000
2.568362
1.957946
1.677539
3.146087
2.073532
2.096021
2.010985
2.823198
2.169055
3.235540
3.180717
3.373838
2.041580
2.190715
1.936689
3.070890
2.725710
4.008131
2.275952
1.939367
2.354010
2.537563
1.968710
2.388696
2.639653
1.821548
2.597788
2.254636
2.753713
1.952978
2.507176
1.809672
2.220831
3.015327
2.095895
1.814030
1.870427
2.206883
2.382280
2.592508
2.837265
2.507971
1.724734
2.240807
2.284405
1.905119
2.518056
1.932964
2.862025
2.370039
2.439313
2.949215
2.272682
2.492030
2.368311
1.824200
2.342448
2.342018
2.198703
2.229140
2.869474
3.653131
2.991554
2.443623
2.336873
3.520808
2.603503
4.079082
2.485223
2.446673
1.790124
2.549926
2.695771
2.924310
2.187102
2.219511
2.161428
2.662658
2.073421
2.363209
1.760299
2.262013
3.051160
3.049017
2.887248
2.398636
2.137043
2.325966
2.747467
2.129675
1.719690
1.958531
2.263373
3.539714
1.823936
1.953573
1.963648
2.106077
1.988750
2.251402
2.040951
1.995345
2.518928
1.669822
2.334490
2.084876
2.708899
1.885476
2.984818
2.397969
2.590173
1.978802
2.255517
2.440170
2.464328
1.894550
2.289698
2.255022
1.775692
1.909601
2.129290
1.827989
2.780830
1.588963
1.926493
2.227438
2.044539
2.692291
2.156811
1.855088
2.162024
3.229635
2.442019
1.861924
2.841824
2.758589
1.796770
2.519804
2.671861
2.789591
3.196564
2.175019
2.382628
1.762760
2.196714
3.019542
2.922384
2.416666
2.380508
2.087339
1.916270
1.883536
1.584624
2.545492
2.169861
2.615917
2.045519
2.001726
2.196676
2.250792
1.682063
2.696791
2.285364
2.168962
2.003114
2.825486
3.213416
1.688061
1.704755
2.756425
1.690877
2.125670
2.270174
2.273382
2.076822
1.796792
1.804785
1.898942
2.043026
2.026326
2.194742
1.710369
1.810880
2.398361
1.812335
1.766400
1.764507
2.304239
2.585771
2.127486
1.829477
2.205336
2.397487
2.306667
1.843931
2.404472
2.667443
1.824643
3.279337
2.551835
2.203912
2.305122
1.479707
2.470564
2.375988
2.744611
2.460413
2.085763
2.931182
2.206050
2.739871
2.008367
1.959531
1.652435
3.279085
2.324363
