2.054942
2.223015
2.494298
1.973995
2.069350
2.657931
2.799919
2.079960
1.410670
1.708586
2.342573
1.770815
2.316882
2.755943
2.226540
2.825564
2.702250
3.367278
1.538755
1.791158
1.698111
2.015737
1.994595
1.482471
1.719489
2.030362
2.259913
1.954453
2.266136
1.882396
2.808648
2.054493
2.353838
2.226543
3.543764
1.882545
1.767544
2.446531
1.961005
2.919465
1.661791
1.918477
2.076397
1.797887
2.176956
1.934342
2.473814
1.502309
1.841963
3.326459
2.398433
2.087023
2.042761
1.697534
1.678865
1.399305
2.014853
3.980008
2.109223
2.284366
1.957815
2.107734
2.276945
3.755634
2.493143
1.942953
1.929133
2.011980
2.901773
2.527698
1.778704
1.940344
2.665647
1.723634
2.157667
2.890994
2.844364
1.670559
2.256336
2.755572
1.623772
2.651622
2.556923
1.928726
2.682249
1.986317
2.169182
1.531503
2.683470
2.233137
2.319413
3.391936
2.167036
2.131165
2.056516
1.921670
2.342812
1.946379
1.954394
2.522461
2.406915
1.439621
2.393416
2.357467
2.048133
2.196880
1.409711
2.290346
2.324886
2.739252
2.064687
2.090642
1.782058
2.546210
1.690625
1.779056
1.835666
2.182302
2.514000
2.384694
1.998217
2.030326
2.013108
1.570341
1.424303
2.614267
1.591652
2.541504
2.046378
2.207325
2.512565
1.954594
2.650648
1.849967
2.412492
2.774735
2.217432
2.013455
1.853498
1.906865
1.949862
1.669694
3.207667
1.890663
1.899085
2.138886
2.369203
1.921022
2.629032
1.247081
1.684878
2.207241
2.234461
1.836072
1.984794
1.744096
2.418467
2.329333
2.232040
2.249606
1.607517
1.656768
2.218543
1.573724
1.563296
1.522104
2.762642
1.712593
1.650183
1.566953
2.176042
2.972355
2.737903
2.766480
3.037014
2.365713
2.051180
1.381525
2.536333
1.386597
1.250706
2.867421
1.425349
1.949929
2.337849
2.267081
1.998602
2.003802
2.076993
1.272636
2.193302
2.463865
1.924533
1.794212
2.182392
2.790874
1.816478
1.885576
2.167845
2.353337
2.805449
2.147440
