2.023075
2.108007
1.908705
1.965792
1.707004
2.380481
1.898965
2.028230
1.888560
2.311993
1.544606
2.732663
2.189907
2.101843
1.646987
2.068442
2.448510
2.118608
1.455818
2.444304
2.913640
1.199686
1.838792
2.161330
2.400916
2.057516
1.596499
3.318397
1.511269
2.487228
2.749878
2.114060
1.923774
2.055480
2.111569
2.037879
2.117684
3.314943
1.799690
1.791351
2.522698
1.918257
1.501203
2.053179
2.624891
1.645654
2.292921
2.072496
2.485742
2.443950
2.434074
2.013193
2.596858
2.181715
1.289107
2.094797
2.113580
2.316858
1.581220
2.006971
2.435594
1.940553
1.810216
1.318919
3.577707
1.459416
1.607136
2.593140
2.034013
2.403643
2.537720
2.541063
2.636894
2.177694
2.021831
2.483246
1.756122
1.461730
2.150453
2.023427
1.805988
2.072721
2.056875
2.523379
3.330137
1.555590
1.915334
1.984607
2.358112
1.748026
2.977268
1.471982
2.109234
1.571549
3.083321
1.752908
2.843235
1.913877
2.481133
1.971573
1.832095
1.958820
2.215572
2.763455
2.091399
2.572660
2.317505
1.575807
2.871136
2.412607
2.684631
2.602073
2.334262
2.429616
1.505085
3.894520
2.158326
1.895025
1.668782
2.220614
2.511184
2.318259
2.269886
2.034630
2.986207
2.274256
2.020783
1.545455
2.877107
1.680680
1.898502
1.653717
2.135394
1.962831
1.530752
1.708855
2.666521
1.868605
1.417827
1.409023
1.938175
2.621134
1.806993
1.526077
1.739495
3.816060
1.878675
1.600920
1.422283
1.938926
1.647640
2.685612
1.972308
1.484248
2.141906
2.164052
2.284589
1.820879
2.030171
1.930128
1.885144
1.811782
2.018527
2.319338
2.215715
1.770601
1.105560
1.827145
1.710245
2.315540
2.313789
1.939726
2.196012
2.333719
1.822899
1.305171
3.394954
2.682480
1.915084
1.468984
2.842472
1.407655
1.973237
2.528290
2.134787
1.567931
1.898985
2.343289
2.445447
2.061404
2.353195
1.688037
1.989362
1.909511
2.809742
2.341059
1.549174
2.108852
2.496846
1.803436
1.579155
2.358192
1.822782
2.066190
