3.388707
2.111061
3.067923
3.332789
3.302443
3.968966
3.229046
2.749617
3.763620
4.268895
3.143099
2.637186
4.737163
3.395576
3.654811
3.171806
5.157844
3.729191
2.524454
4.273819
4.117096
3.624951
1.691452
4.748769
3.115746
3.273382
5.643587
4.781130
1.995059
1.621767
1.858797
5.400659
3.212076
2.877263
2.365096
2.980145
1.991626
3.730420
4.497759
2.873186
2.843095
3.668479
1.956559
6.587528
3.275984
2.468711
2.516403
3.298265
1.943928
4.222878
3.399054
5.528913
2.655873
2.603743
2.731564
2.606029
3.288608
3.202198
4.155353
2.908633
2.566610
3.033954
3.563719
2.349496
2.471672
2.747036
3.273069
2.981484
2.633275
3.565942
3.735337
3.791521
3.703397
3.770272
2.437268
2.258193
4.491261
2.120831
3.135981
2.221644
2.708711
2.888118
2.967836
2.129638
2.922244
4.325302
4.551036
2.489017
2.323169
3.650061
4.493429
3.126288
3.308090
2.085850
2.680613
6.125974
2.723710
2.378929
3.897288
2.328757
2.210969
2.671043
3.433256
3.110800
2.234778
2.412705
3.485710
2.724374
3.464713
3.600031
2.722528
2.666017
3.616158
3.039393
2.553004
1.589621
3.696560
2.579609
2.356907
1.936427
2.565303
3.245456
3.024398
2.707572
3.021676
3.545007
3.593125
3.217453
2.420822
2.599062
3.501346
3.314622
4.924235
3.307462
2.719203
3.043186
3.450449
2.925154
3.019519
2.300630
3.710921
3.321764
2.452162
2.873709
2.934640
4.050116
2.782487
2.362833
2.964884
3.152511
2.144373
3.347265
3.268621
3.438597
2.854516
2.744539
3.012465
2.496230
3.840728
3.278781
3.227415
1.937806
2.577130
4.115995
3.543033
2.949832
2.097781
1.722774
3.324476
1.979922
3.178093
1.941497
4.240701
3.442458
3.957846
3.719253
2.717038
2.635820
2.437270
2.704528
2.344481
3.712893
4.270073
2.483680
3.129236
2.980864
2.809248
2.440186
2.456816
4.059369
3.006568
2.939619
3.026677
2.941462
3.035257
2.438295
2.417948
3.725745
2.220004
3.257516
3.811770
2.321786
2.101365
4.812211
3.965945
2.093171
2.264560
3.633308
3.784607
1.960422
3.368338
2.628711
3.729836
2.510602
3.273559
3.720717
2.740351
3.000647
3.100559
2.589485
3.467976
