2.994454
2.789587
2.070712
4.744793
3.193240
5.415302
2.223182
4.110839
3.676782
2.991946
4.262856
3.759573
4.208925
2.440659
4.655313
2.728320
2.920573
3.235249
3.345677
3.727785
3.030564
2.527354
2.799938
3.528594
2.161180
3.333329
3.101488
2.821575
3.327314
2.245878
2.986099
2.666755
2.364303
2.528329
2.117939
2.487169
3.593195
2.670314
2.837802
2.750889
2.777099
2.266579
2.432629
2.819050
3.792214
2.432213
2.169610
4.490452
2.898675
3.801084
3.316016
3.582795
4.580505
2.396495
2.584893
2.040797
2.867033
2.672576
3.597811
2.724919
2.805362
3.981504
3.321625
2.064100
4.676099
3.918486
3.358708
3.463896
2.286907
3.197765
2.437096
3.085668
2.659221
3.023868
3.056129
2.845392
2.662558
3.112008
2.645534
2.323245
4.180849
2.436935
2.959782
2.000936
3.140947
3.040253
3.052248
3.507546
2.526856
3.366324
4.115615
2.129298
4.861140
2.483836
2.952710
2.859487
2.805932
2.911930
2.469542
2.599363
3.079785
2.722965
3.139204
2.969509
3.687751
2.727525
2.629534
2.712695
3.523870
3.172241
2.176154
3.364195
3.103228
2.347251
3.485464
2.624907
3.282715
2.681843
2.095572
3.739734
2.482764
3.026989
3.689051
2.437888
2.316555
2.022927
3.798177
1.934103
3.167523
2.605650
2.480032
3.250717
2.620755
2.894876
4.628571
2.535216
4.098110
2.470819
2.581729
2.671110
2.789483
2.418926
3.122802
2.462232
2.485954
2.154647
2.621343
2.748379
3.699229
2.561854
2.703140
2.553285
1.948114
2.718555
2.999784
3.579883
2.993035
2.387504
2.907938
3.530094
3.470552
2.350249
2.044995
3.263550
1.908898
1.945877
2.051296
2.804679
2.264537
2.627598
3.175588
2.713349
2.246222
3.074123
