1 2 0.635303
1 4 0.810189
1 5 0.771895
1 6 0.780177
1 7 0.729445
1 8 0.723337
1 9 0.760664
1 11 0.691260
1 13 0.596342
1 14 0.500000
2 1 0.635303
4 1 0.810189
4 14 0.500000
5 1 0.771895
6 1 0.780177
7 1 0.729445
7 14 0.500000
8 1 0.723337
8 14 0.500000
9 1 0.760664
11 1 0.691260
11 14 0.500000
13 1 0.596342
13 14 0.500000
14 1 0.500000
14 4 0.500000
14 7 0.500000
14 8 0.500000
14 11 0.500000
14 13 0.500000
1 1 0.881193
1 3 0.500000
1 10 0.515438
1 12 0.500000
2 2 0.603931
2 3 0.500000
2 4 0.635500
2 5 0.564454
2 6 0.582332
2 7 0.599871
2 8 0.573736
2 9 0.533903
2 10 0.502130
2 11 0.560353
2 12 0.500000
2 13 0.529751
2 14 0.500000
3 1 0.500000
3 2 0.500000
3 3 0.500000
3 4 0.500000
3 5 0.500000
3 6 0.500000
3 7 0.500000
3 8 0.500000
3 9 0.500000
3 10 0.500000
3 11 0.500000
3 12 0.500000
3 13 0.500000
3 14 0.500000
4 2 0.635500
4 3 0.500000
4 4 0.777752
4 5 0.700891
4 6 0.712001
4 7 0.688801
4 8 0.616379
4 9 0.680241
4 10 0.511851
4 11 0.646116
4 12 0.500000
4 13 0.556462
5 2 0.564454
5 3 0.500000
5 4 0.700891
5 5 0.710529
5 6 0.683237
5 7 0.644112
5 8 0.686427
5 9 0.670019
5 10 0.505847
5 11 0.620247
5 12 0.500000
5 13 0.596759
5 14 0.500000
6 2 0.582332
6 3 0.500000
6 4 0.712001
6 5 0.683237
6 6 0.711059
6 7 0.650133
6 8 0.648235
6 9 0.667355
6 10 0.504973
6 11 0.626656
6 12 0.500000
6 13 0.582022
6 14 0.500000
7 2 0.599871
7 3 0.500000
7 4 0.688801
7 5 0.644112
7 6 0.650133
7 7 0.641804
7 8 0.636127
7 9 0.616581
7 10 0.507039
7 11 0.602443
7 12 0.500000
7 13 0.566792
8 2 0.573736
8 3 0.500000
8 4 0.616379
8 5 0.686427
8 6 0.648235
8 7 0.636127
8 8 0.914150
8 9 0.573522
8 10 0.496951
8 11 0.604956
8 12 0.500000
8 13 0.688349
9 2 0.533903
9 3 0.500000
9 4 0.680241
9 5 0.670019
9 6 0.667355
9 7 0.616581
9 8 0.573522
9 9 0.719718
9 10 0.525939
9 11 0.608801
9 12 0.500000
9 13 0.542569
9 14 0.500000
10 1 0.515438
10 2 0.502130
10 3 0.500000
10 4 0.511851
10 5 0.505847
10 6 0.504973
10 7 0.507039
10 8 0.496951
10 9 0.525939
10 10 0.511163
10 11 0.505102
10 12 0.500000
10 13 0.509049
10 14 0.500000
11 2 0.560353
11 3 0.500000
11 4 0.646116
11 5 0.620247
11 6 0.626656
11 7 0.602443
11 8 0.604956
11 9 0.608801
11 10 0.505102
11 11 0.582972
11 12 0.500000
11 13 0.543566
12 1 0.500000
12 2 0.500000
12 3 0.500000
12 4 0.500000
12 5 0.500000
12 6 0.500000
12 7 0.500000
12 8 0.500000
12 9 0.500000
12 10 0.500000
12 11 0.500000
12 12 0.500000
12 13 0.500000
12 14 0.500000
13 2 0.529751
13 3 0.500000
13 4 0.556462
13 5 0.596759
13 6 0.582022
13 7 0.566792
13 8 0.688349
13 9 0.542569
13 10 0.509049
13 11 0.543566
13 12 0.500000
13 13 0.662899
14 2 0.500000
14 3 0.500000
14 5 0.500000
14 6 0.500000
14 9 0.500000
14 10 0.500000
14 12 0.500000
14 14 0.500000
