1 2 0.541153
1 4 0.686093
1 5 0.583065
1 6 0.653924
1 7 0.610974
1 8 0.620919
1 9 0.600527
1 11 0.570093
1 13 0.593232
1 14 0.500000
2 1 0.541153
4 1 0.686093
4 14 0.500000
5 1 0.583065
6 1 0.653924
7 1 0.610974
7 14 0.500000
8 1 0.620919
8 14 0.500000
9 1 0.600527
11 1 0.570093
11 14 0.500000
13 1 0.593232
13 14 0.500000
14 1 0.500000
14 4 0.500000
14 7 0.500000
14 8 0.500000
14 11 0.500000
14 13 0.500000
1 1 0.705009
1 3 0.500000
1 10 0.502508
1 12 0.500000
2 2 0.540185
2 3 0.500000
2 4 0.538652
2 5 0.522378
2 6 0.587710
2 7 0.520606
2 8 0.531202
2 9 0.515458
2 10 0.487921
2 11 0.514264
2 12 0.500000
2 13 0.519827
2 14 0.500000
3 1 0.500000
3 2 0.500000
3 3 0.500000
3 4 0.500000
3 5 0.500000
3 6 0.500000
3 7 0.500000
3 8 0.500000
3 9 0.500000
3 10 0.500000
3 11 0.500000
3 12 0.500000
3 13 0.500000
3 14 0.500000
4 2 0.538652
4 3 0.500000
4 4 0.760962
4 5 0.592885
4 6 0.570569
4 7 0.578096
4 8 0.615923
4 9 0.600529
4 10 0.478621
4 11 0.572067
4 12 0.500000
4 13 0.586080
5 2 0.522378
5 3 0.500000
5 4 0.592885
5 5 0.563478
5 6 0.585447
5 7 0.540406
5 8 0.538727
5 9 0.545233
5 10 0.495210
5 11 0.534229
5 12 0.500000
5 13 0.539253
5 14 0.500000
6 2 0.587710
6 3 0.500000
6 4 0.570569
6 5 0.585447
6 6 0.924833
6 7 0.615244
6 8 0.600023
6 9 0.545421
6 10 0.500299
6 11 0.551664
6 12 0.500000
6 13 0.569004
6 14 0.500000
7 2 0.520606
7 3 0.500000
7 4 0.578096
7 5 0.540406
7 6 0.615244
7 7 0.572576
7 8 0.560190
7 9 0.551141
7 10 0.504824
7 11 0.536727
7 12 0.500000
7 13 0.550934
8 2 0.531202
8 3 0.500000
8 4 0.615923
8 5 0.538727
8 6 0.600023
8 7 0.560190
8 8 0.584104
8 9 0.550737
8 10 0.498847
8 11 0.537342
8 12 0.500000
8 13 0.553429
9 2 0.515458
9 3 0.500000
9 4 0.600529
9 5 0.545233
9 6 0.545421
9 7 0.551141
9 8 0.550737
9 9 0.559733
9 10 0.504707
9 11 0.536348
9 12 0.500000
9 13 0.544603
9 14 0.500000
10 1 0.502508
10 2 0.487921
10 3 0.500000
10 4 0.478621
10 5 0.495210
10 6 0.500299
10 7 0.504824
10 8 0.498847
10 9 0.504707
10 10 0.517822
10 11 0.499465
10 12 0.500000
10 13 0.500251
10 14 0.500000
11 2 0.514264
11 3 0.500000
11 4 0.572067
11 5 0.534229
11 6 0.551664
11 7 0.536727
11 8 0.537342
11 9 0.536348
11 10 0.499465
11 11 0.525883
11 12 0.500000
11 13 0.532324
12 1 0.500000
12 2 0.500000
12 3 0.500000
12 4 0.500000
12 5 0.500000
12 6 0.500000
12 7 0.500000
12 8 0.500000
12 9 0.500000
12 10 0.500000
12 11 0.500000
12 12 0.500000
12 13 0.500000
12 14 0.500000
13 2 0.519827
13 3 0.500000
13 4 0.586080
13 5 0.539253
13 6 0.569004
13 7 0.550934
13 8 0.553429
13 9 0.544603
13 10 0.500251
13 11 0.532324
13 12 0.500000
13 13 0.543853
14 2 0.500000
14 3 0.500000
14 5 0.500000
14 6 0.500000
14 9 0.500000
14 10 0.500000
14 12 0.500000
14 14 0.500000
