1 2 0.559778
1 4 0.640964
1 5 0.583295
1 6 0.753122
1 7 0.607233
1 8 0.638871
1 9 0.593605
1 11 0.569321
1 13 0.569390
1 14 0.500000
2 1 0.559778
4 1 0.640964
4 14 0.500000
5 1 0.583295
6 1 0.753122
7 1 0.607233
7 14 0.500000
8 1 0.638871
8 14 0.500000
9 1 0.593605
11 1 0.569321
11 14 0.500000
13 1 0.569390
13 14 0.500000
14 1 0.500000
14 4 0.500000
14 7 0.500000
14 8 0.500000
14 11 0.500000
14 13 0.500000
1 1 0.696023
1 3 0.500000
1 10 0.524496
1 12 0.500000
2 2 0.607469
2 3 0.500000
2 4 0.497862
2 5 0.576935
2 6 0.616487
2 7 0.561687
2 8 0.549369
2 9 0.516877
2 10 0.504068
2 11 0.521156
2 12 0.500000
2 13 0.518027
2 14 0.500000
3 1 0.500000
3 2 0.500000
3 3 0.500000
3 4 0.500000
3 5 0.500000
3 6 0.500000
3 7 0.500000
3 8 0.500000
3 9 0.500000
3 10 0.500000
3 11 0.500000
3 12 0.500000
3 13 0.500000
3 14 0.500000
4 2 0.497862
4 3 0.500000
4 4 0.653891
4 5 0.510614
4 6 0.677802
4 7 0.547091
4 8 0.593221
4 9 0.579692
4 10 0.520628
4 11 0.554228
4 12 0.500000
4 13 0.552950
5 2 0.576935
5 3 0.500000
5 4 0.510614
5 5 0.818517
5 6 0.656050
5 7 0.568239
5 8 0.543394
5 9 0.535263
5 10 0.520093
5 11 0.520134
5 12 0.500000
5 13 0.536826
5 14 0.500000
6 2 0.616487
6 3 0.500000
6 4 0.677802
6 5 0.656050
6 6 0.961847
6 7 0.655174
6 8 0.670838
6 9 0.638916
6 10 0.514161
6 11 0.605807
6 12 0.500000
6 13 0.602894
6 14 0.500000
7 2 0.561687
7 3 0.500000
7 4 0.547091
7 5 0.568239
7 6 0.655174
7 7 0.588051
7 8 0.578610
7 9 0.539852
7 10 0.509169
7 11 0.535655
7 12 0.500000
7 13 0.534875
8 2 0.549369
8 3 0.500000
8 4 0.593221
8 5 0.543394
8 6 0.670838
8 7 0.578610
8 8 0.610700
8 9 0.569416
8 10 0.516990
8 11 0.546275
8 12 0.500000
8 13 0.545046
9 2 0.516877
9 3 0.500000
9 4 0.579692
9 5 0.535263
9 6 0.638916
9 7 0.539852
9 8 0.569416
9 9 0.559105
9 10 0.513833
9 11 0.533694
9 12 0.500000
9 13 0.534318
9 14 0.500000
10 1 0.524496
10 2 0.504068
10 3 0.500000
10 4 0.520628
10 5 0.520093
10 6 0.514161
10 7 0.509169
10 8 0.516990
10 9 0.513833
10 10 0.507813
10 11 0.508023
10 12 0.500000
10 13 0.507994
10 14 0.500000
11 2 0.521156
11 3 0.500000
11 4 0.554228
11 5 0.520134
11 6 0.605807
11 7 0.535655
11 8 0.546275
11 9 0.533694
11 10 0.508023
11 11 0.526625
11 12 0.500000
11 13 0.524349
12 1 0.500000
12 2 0.500000
12 3 0.500000
12 4 0.500000
12 5 0.500000
12 6 0.500000
12 7 0.500000
12 8 0.500000
12 9 0.500000
12 10 0.500000
12 11 0.500000
12 12 0.500000
12 13 0.500000
12 14 0.500000
13 2 0.518027
13 3 0.500000
13 4 0.552950
13 5 0.536826
13 6 0.602894
13 7 0.534875
13 8 0.545046
13 9 0.534318
13 10 0.507994
13 11 0.524349
13 12 0.500000
13 13 0.527197
14 2 0.500000
14 3 0.500000
14 5 0.500000
14 6 0.500000
14 9 0.500000
14 10 0.500000
14 12 0.500000
14 14 0.500000
