1 2 0.610318
1 4 0.738660
1 5 0.754487
1 6 0.718850
1 7 0.666798
1 8 0.726317
1 9 0.726288
1 11 0.652292
1 13 0.648915
1 14 0.500000
2 1 0.610318
4 1 0.738660
4 14 0.500000
5 1 0.754487
6 1 0.718850
7 1 0.666798
7 14 0.500000
8 1 0.726317
8 14 0.500000
9 1 0.726288
11 1 0.652292
11 14 0.500000
13 1 0.648915
13 14 0.500000
14 1 0.500000
14 4 0.500000
14 7 0.500000
14 8 0.500000
14 11 0.500000
14 13 0.500000
1 1 0.800078
1 3 0.500000
1 10 0.532003
1 12 0.500000
2 2 0.584550
2 3 0.500000
2 4 0.595129
2 5 0.587687
2 6 0.576426
2 7 0.550956
2 8 0.573895
2 9 0.565304
2 10 0.511815
2 11 0.554239
2 12 0.500000
2 13 0.565268
2 14 0.500000
3 1 0.500000
3 2 0.500000
3 3 0.500000
3 4 0.500000
3 5 0.500000
3 6 0.500000
3 7 0.500000
3 8 0.500000
3 9 0.500000
3 10 0.500000
3 11 0.500000
3 12 0.500000
3 13 0.500000
3 14 0.500000
4 2 0.595129
4 3 0.500000
4 4 0.999810
4 5 0.847271
4 6 0.688119
4 7 0.600813
4 8 0.696010
4 9 0.545496
4 10 0.531331
4 11 0.611773
4 12 0.500000
4 13 0.615053
5 2 0.587687
5 3 0.500000
5 4 0.847271
5 5 0.758153
5 6 0.677726
5 7 0.644808
5 8 0.694020
5 9 0.680181
5 10 0.531975
5 11 0.632029
5 12 0.500000
5 13 0.637513
5 14 0.500000
6 2 0.576426
6 3 0.500000
6 4 0.688119
6 5 0.677726
6 6 0.667164
6 7 0.612167
6 8 0.656442
6 9 0.656509
6 10 0.525439
6 11 0.603013
6 12 0.500000
6 13 0.604689
6 14 0.500000
7 2 0.550956
7 3 0.500000
7 4 0.600813
7 5 0.644808
7 6 0.612167
7 7 0.593532
7 8 0.621145
7 9 0.626688
7 10 0.516071
7 11 0.581084
7 12 0.500000
7 13 0.584336
8 2 0.573895
8 3 0.500000
8 4 0.696010
8 5 0.694020
8 6 0.656442
8 7 0.621145
8 8 0.674532
8 9 0.653011
8 10 0.518205
8 11 0.608113
8 12 0.500000
8 13 0.589482
9 2 0.565304
9 3 0.500000
9 4 0.545496
9 5 0.680181
9 6 0.656509
9 7 0.626688
9 8 0.653011
9 9 0.706244
9 10 0.531011
9 11 0.612737
9 12 0.500000
9 13 0.638734
9 14 0.500000
10 1 0.532003
10 2 0.511815
10 3 0.500000
10 4 0.531331
10 5 0.531975
10 6 0.525439
10 7 0.516071
10 8 0.518205
10 9 0.531011
10 10 0.512681
10 11 0.516669
10 12 0.500000
10 13 0.535023
10 14 0.500000
11 2 0.554239
11 3 0.500000
11 4 0.611773
11 5 0.632029
11 6 0.603013
11 7 0.581084
11 8 0.608113
11 9 0.612737
11 10 0.516669
11 11 0.574443
11 12 0.500000
11 13 0.575570
12 1 0.500000
12 2 0.500000
12 3 0.500000
12 4 0.500000
12 5 0.500000
12 6 0.500000
12 7 0.500000
12 8 0.500000
12 9 0.500000
12 10 0.500000
12 11 0.500000
12 12 0.500000
12 13 0.500000
12 14 0.500000
13 2 0.565268
13 3 0.500000
13 4 0.615053
13 5 0.637513
13 6 0.604689
13 7 0.584336
13 8 0.589482
13 9 0.638734
13 10 0.535023
13 11 0.575570
13 12 0.500000
13 13 0.677265
14 2 0.500000
14 3 0.500000
14 5 0.500000
14 6 0.500000
14 9 0.500000
14 10 0.500000
14 12 0.500000
14 14 0.500000
