1 2 0.560196
1 4 0.642482
1 5 0.687147
1 6 0.734263
1 7 0.617352
1 8 0.648450
1 9 0.694837
1 11 0.601398
1 13 0.614991
1 14 0.500000
2 1 0.560196
4 1 0.642482
4 14 0.500000
5 1 0.687147
6 1 0.734263
7 1 0.617352
7 14 0.500000
8 1 0.648450
8 14 0.500000
9 1 0.694837
11 1 0.601398
11 14 0.500000
13 1 0.614991
13 14 0.500000
14 1 0.500000
14 4 0.500000
14 7 0.500000
14 8 0.500000
14 11 0.500000
14 13 0.500000
1 1 0.765899
1 3 0.500000
1 10 0.514769
1 12 0.500000
2 2 0.556323
2 3 0.500000
2 4 0.541539
2 5 0.524211
2 6 0.444230
2 7 0.499212
2 8 0.513860
2 9 0.528635
2 10 0.510319
2 11 0.514552
2 12 0.500000
2 13 0.525151
2 14 0.500000
3 1 0.500000
3 2 0.500000
3 3 0.500000
3 4 0.500000
3 5 0.500000
3 6 0.500000
3 7 0.500000
3 8 0.500000
3 9 0.500000
3 10 0.500000
3 11 0.500000
3 12 0.500000
3 13 0.500000
3 14 0.500000
4 2 0.541539
4 3 0.500000
4 4 0.595341
4 5 0.562540
4 6 0.584721
4 7 0.540693
4 8 0.566178
4 9 0.572703
4 10 0.516017
4 11 0.543379
4 12 0.500000
4 13 0.555989
5 2 0.524211
5 3 0.500000
5 4 0.562540
5 5 0.693535
5 6 0.636802
5 7 0.605224
5 8 0.618517
5 9 0.681415
5 10 0.493836
5 11 0.582276
5 12 0.500000
5 13 0.578906
5 14 0.500000
6 2 0.444230
6 3 0.500000
6 4 0.584721
6 5 0.636802
6 6 0.998495
6 7 0.649334
6 8 0.671262
6 9 0.684576
6 10 0.491301
6 11 0.591592
6 12 0.500000
6 13 0.571953
6 14 0.500000
7 2 0.499212
7 3 0.500000
7 4 0.540693
7 5 0.605224
7 6 0.649334
7 7 0.573651
7 8 0.579734
7 9 0.603257
7 10 0.498281
7 11 0.548494
7 12 0.500000
7 13 0.547717
8 2 0.513860
8 3 0.500000
8 4 0.566178
8 5 0.618517
8 6 0.671262
8 7 0.579734
8 8 0.611474
8 9 0.614581
8 10 0.503474
8 11 0.559333
8 12 0.500000
8 13 0.557996
9 2 0.528635
9 3 0.500000
9 4 0.572703
9 5 0.681415
9 6 0.684576
9 7 0.603257
9 8 0.614581
9 9 0.679663
9 10 0.496850
9 11 0.582440
9 12 0.500000
9 13 0.582978
9 14 0.500000
10 1 0.514769
10 2 0.510319
10 3 0.500000
10 4 0.516017
10 5 0.493836
10 6 0.491301
10 7 0.498281
10 8 0.503474
10 9 0.496850
10 10 0.515545
10 11 0.500242
10 12 0.500000
10 13 0.502560
10 14 0.500000
11 2 0.514552
11 3 0.500000
11 4 0.543379
11 5 0.582276
11 6 0.591592
11 7 0.548494
11 8 0.559333
11 9 0.582440
11 10 0.500242
11 11 0.539863
11 12 0.500000
11 13 0.541974
12 1 0.500000
12 2 0.500000
12 3 0.500000
12 4 0.500000
12 5 0.500000
12 6 0.500000
12 7 0.500000
12 8 0.500000
12 9 0.500000
12 10 0.500000
12 11 0.500000
12 12 0.500000
12 13 0.500000
12 14 0.500000
13 2 0.525151
13 3 0.500000
13 4 0.555989
13 5 0.578906
13 6 0.571953
13 7 0.547717
13 8 0.557996
13 9 0.582978
13 10 0.502560
13 11 0.541974
13 12 0.500000
13 13 0.550402
14 2 0.500000
14 3 0.500000
14 5 0.500000
14 6 0.500000
14 9 0.500000
14 10 0.500000
14 12 0.500000
14 14 0.500000
