1 2 0.701107
1 4 0.775825
1 5 0.758152
1 6 0.637205
1 7 0.759136
1 8 0.722518
1 9 0.903424
1 11 0.688249
1 13 0.584216
1 14 0.500000
2 1 0.701107
4 1 0.775825
4 14 0.500000
5 1 0.758152
6 1 0.637205
7 1 0.759136
7 14 0.500000
8 1 0.722518
8 14 0.500000
9 1 0.903424
11 1 0.688249
11 14 0.500000
13 1 0.584216
13 14 0.500000
14 1 0.500000
14 4 0.500000
14 7 0.500000
14 8 0.500000
14 11 0.500000
14 13 0.500000
1 1 0.887409
1 3 0.500000
1 10 0.536004
1 12 0.500000
2 2 0.594086
2 3 0.500000
2 4 0.642162
2 5 0.616324
2 6 0.559424
2 7 0.617321
2 8 0.595162
2 9 0.705775
2 10 0.514215
2 11 0.585124
2 12 0.500000
2 13 0.534983
2 14 0.500000
3 1 0.500000
3 2 0.500000
3 3 0.500000
3 4 0.500000
3 5 0.500000
3 6 0.500000
3 7 0.500000
3 8 0.500000
3 9 0.500000
3 10 0.500000
3 11 0.500000
3 12 0.500000
3 13 0.500000
3 14 0.500000
4 2 0.642162
4 3 0.500000
4 4 0.753824
4 5 0.672344
4 6 0.601788
4 7 0.683113
4 8 0.633544
4 9 0.749129
4 10 0.526631
4 11 0.633880
4 12 0.500000
4 13 0.555620
5 2 0.616324
5 3 0.500000
5 4 0.672344
5 5 0.697091
5 6 0.677225
5 7 0.645124
5 8 0.635704
5 9 0.819656
5 10 0.522947
5 11 0.608941
5 12 0.500000
5 13 0.549088
5 14 0.500000
6 2 0.559424
6 3 0.500000
6 4 0.601788
6 5 0.677225
6 6 0.990202
6 7 0.607972
6 8 0.587729
6 9 0.886217
6 10 0.529079
6 11 0.555151
6 12 0.500000
6 13 0.585613
6 14 0.500000
7 2 0.617321
7 3 0.500000
7 4 0.683113
7 5 0.645124
7 6 0.607972
7 7 0.680015
7 8 0.628413
7 9 0.759730
7 10 0.519465
7 11 0.612036
7 12 0.500000
7 13 0.555916
8 2 0.595162
8 3 0.500000
8 4 0.633544
8 5 0.635704
8 6 0.587729
8 7 0.628413
8 8 0.614868
8 9 0.740401
8 10 0.513780
8 11 0.588756
8 12 0.500000
8 13 0.537189
9 2 0.705775
9 3 0.500000
9 4 0.749129
9 5 0.819656
9 6 0.886217
9 7 0.759730
9 8 0.740401
9 9 0.991835
9 10 0.589624
9 11 0.691723
9 12 0.500000
9 13 0.594417
9 14 0.500000
10 1 0.536004
10 2 0.514215
10 3 0.500000
10 4 0.526631
10 5 0.522947
10 6 0.529079
10 7 0.519465
10 8 0.513780
10 9 0.589624
10 10 0.514608
10 11 0.513958
10 12 0.500000
10 13 0.507853
10 14 0.500000
11 2 0.585124
11 3 0.500000
11 4 0.633880
11 5 0.608941
11 6 0.555151
11 7 0.612036
11 8 0.588756
11 9 0.691723
11 10 0.513958
11 11 0.579327
11 12 0.500000
11 13 0.532167
12 1 0.500000
12 2 0.500000
12 3 0.500000
12 4 0.500000
12 5 0.500000
12 6 0.500000
12 7 0.500000
12 8 0.500000
12 9 0.500000
12 10 0.500000
12 11 0.500000
12 12 0.500000
12 13 0.500000
12 14 0.500000
13 2 0.534983
13 3 0.500000
13 4 0.555620
13 5 0.549088
13 6 0.585613
13 7 0.555916
13 8 0.537189
13 9 0.594417
13 10 0.507853
13 11 0.532167
13 12 0.500000
13 13 0.567153
14 2 0.500000
14 3 0.500000
14 5 0.500000
14 6 0.500000
14 9 0.500000
14 10 0.500000
14 12 0.500000
14 14 0.500000
