1 2 0.606657
1 4 0.571951
1 5 0.879021
1 6 0.867995
1 7 0.641482
1 8 0.604909
1 9 0.700963
1 11 0.588277
1 13 0.596764
1 14 0.500000
2 1 0.606657
4 1 0.571951
4 14 0.500000
5 1 0.879021
6 1 0.867995
7 1 0.641482
7 14 0.500000
8 1 0.604909
8 14 0.500000
9 1 0.700963
11 1 0.588277
11 14 0.500000
13 1 0.596764
13 14 0.500000
14 1 0.500000
14 4 0.500000
14 7 0.500000
14 8 0.500000
14 11 0.500000
14 13 0.500000
1 1 0.740614
1 3 0.500000
1 10 0.523897
1 12 0.500000
2 2 0.546140
2 3 0.500000
2 4 0.518741
2 5 0.680685
2 6 0.666050
2 7 0.560015
2 8 0.542082
2 9 0.582789
2 10 0.510062
2 11 0.536877
2 12 0.500000
2 13 0.539998
2 14 0.500000
3 1 0.500000
3 2 0.500000
3 3 0.500000
3 4 0.500000
3 5 0.500000
3 6 0.500000
3 7 0.500000
3 8 0.500000
3 9 0.500000
3 10 0.500000
3 11 0.500000
3 12 0.500000
3 13 0.500000
3 14 0.500000
4 2 0.518741
4 3 0.500000
4 4 0.921234
4 5 0.721484
4 6 0.856004
4 7 0.503860
4 8 0.572193
4 9 0.611569
4 10 0.531026
4 11 0.512545
4 12 0.500000
4 13 0.525830
5 2 0.680685
5 3 0.500000
5 4 0.721484
5 5 0.998485
5 6 0.990537
5 7 0.725189
5 8 0.710036
5 9 0.849892
5 10 0.554156
5 11 0.663196
5 12 0.500000
5 13 0.672538
5 14 0.500000
6 2 0.666050
6 3 0.500000
6 4 0.856004
6 5 0.990537
6 6 0.998189
6 7 0.700254
6 8 0.711322
6 9 0.858119
6 10 0.519829
6 11 0.655035
6 12 0.500000
6 13 0.680426
6 14 0.500000
7 2 0.560015
7 3 0.500000
7 4 0.503860
7 5 0.725189
7 6 0.700254
7 7 0.608841
7 8 0.556886
7 9 0.609568
7 10 0.518277
7 11 0.551634
7 12 0.500000
7 13 0.552266
8 2 0.542082
8 3 0.500000
8 4 0.572193
8 5 0.710036
8 6 0.711322
8 7 0.556886
8 8 0.563847
8 9 0.592738
8 10 0.511699
8 11 0.535477
8 12 0.500000
8 13 0.535726
9 2 0.582789
9 3 0.500000
9 4 0.611569
9 5 0.849892
9 6 0.858119
9 7 0.609568
9 8 0.592738
9 9 0.690819
9 10 0.519402
9 11 0.569381
9 12 0.500000
9 13 0.580574
9 14 0.500000
10 1 0.523897
10 2 0.510062
10 3 0.500000
10 4 0.531026
10 5 0.554156
10 6 0.519829
10 7 0.518277
10 8 0.511699
10 9 0.519402
10 10 0.507764
10 11 0.507461
10 12 0.500000
10 13 0.506735
10 14 0.500000
11 2 0.536877
11 3 0.500000
11 4 0.512545
11 5 0.663196
11 6 0.655035
11 7 0.551634
11 8 0.535477
11 9 0.569381
11 10 0.507461
11 11 0.531814
11 12 0.500000
11 13 0.533405
12 1 0.500000
12 2 0.500000
12 3 0.500000
12 4 0.500000
12 5 0.500000
12 6 0.500000
12 7 0.500000
12 8 0.500000
12 9 0.500000
12 10 0.500000
12 11 0.500000
12 12 0.500000
12 13 0.500000
12 14 0.500000
13 2 0.539998
13 3 0.500000
13 4 0.525830
13 5 0.672538
13 6 0.680426
13 7 0.552266
13 8 0.535726
13 9 0.580574
13 10 0.506735
13 11 0.533405
13 12 0.500000
13 13 0.540652
14 2 0.500000
14 3 0.500000
14 5 0.500000
14 6 0.500000
14 9 0.500000
14 10 0.500000
14 12 0.500000
14 14 0.500000
