1 2 0.585498
1 4 0.512319
1 5 0.575292
1 6 0.649942
1 7 0.637487
1 8 0.604405
1 9 0.624395
1 11 0.500000
1 13 0.528180
1 14 0.500000
2 1 0.585498
4 1 0.512319
4 14 0.500000
5 1 0.575292
6 1 0.649942
7 1 0.637487
7 14 0.500000
8 1 0.604405
8 14 0.500000
9 1 0.624395
11 1 0.500000
11 14 0.500000
13 1 0.528180
13 14 0.500000
14 1 0.500000
14 4 0.500000
14 7 0.500000
14 8 0.500000
14 11 0.500000
14 13 0.500000
1 1 0.709709
1 3 0.500000
1 10 0.506442
1 12 0.500000
2 2 0.537968
2 3 0.500000
2 4 0.488304
2 5 0.527442
2 6 0.558013
2 7 0.551258
2 8 0.538275
2 9 0.550953
2 10 0.500094
2 11 0.500000
2 12 0.500000
2 13 0.511243
2 14 0.500000
3 1 0.500000
3 2 0.500000
3 3 0.500000
3 4 0.500000
3 5 0.500000
3 6 0.500000
3 7 0.500000
3 8 0.500000
3 9 0.500000
3 10 0.500000
3 11 0.500000
3 12 0.500000
3 13 0.500000
3 14 0.500000
4 2 0.488304
4 3 0.500000
4 4 0.984881
4 5 0.548012
4 6 0.436001
4 7 0.500041
4 8 0.499274
4 9 0.421526
4 10 0.580293
4 11 0.500000
4 12 0.500000
4 13 0.565146
5 2 0.527442
5 3 0.500000
5 4 0.548012
5 5 0.552079
5 6 0.535546
5 7 0.554465
5 8 0.548063
5 9 0.541159
5 10 0.503684
5 11 0.500000
5 12 0.500000
5 13 0.510714
5 14 0.500000
6 2 0.558013
6 3 0.500000
6 4 0.436001
6 5 0.535546
6 6 0.630457
6 7 0.590629
6 8 0.565394
6 9 0.606827
6 10 0.497328
6 11 0.500000
6 12 0.500000
6 13 0.505896
6 14 0.500000
7 2 0.551258
7 3 0.500000
7 4 0.500041
7 5 0.554465
7 6 0.590629
7 7 0.603735
7 8 0.578854
7 9 0.576806
7 10 0.505526
7 11 0.500000
7 12 0.500000
7 13 0.512102
8 2 0.538275
8 3 0.500000
8 4 0.499274
8 5 0.548063
8 6 0.565394
8 7 0.578854
8 8 0.568861
8 9 0.561491
8 10 0.498095
8 11 0.500000
8 12 0.500000
8 13 0.502139
9 2 0.550953
9 3 0.500000
9 4 0.421526
9 5 0.541159
9 6 0.606827
9 7 0.576806
9 8 0.561491
9 9 0.612794
9 10 0.491317
9 11 0.500000
9 12 0.500000
9 13 0.476633
9 14 0.500000
10 1 0.506442
10 2 0.500094
10 3 0.500000
10 4 0.580293
10 5 0.503684
10 6 0.497328
10 7 0.505526
10 8 0.498095
10 9 0.491317
10 10 0.514194
10 11 0.500000
10 12 0.500000
10 13 0.514892
10 14 0.500000
11 2 0.500000
11 3 0.500000
11 4 0.500000
11 5 0.500000
11 6 0.500000
11 7 0.500000
11 8 0.500000
11 9 0.500000
11 10 0.500000
11 11 0.500000
11 12 0.500000
11 13 0.500000
12 1 0.500000
12 2 0.500000
12 3 0.500000
12 4 0.500000
12 5 0.500000
12 6 0.500000
12 7 0.500000
12 8 0.500000
12 9 0.500000
12 10 0.500000
12 11 0.500000
12 12 0.500000
12 13 0.500000
12 14 0.500000
13 2 0.511243
13 3 0.500000
13 4 0.565146
13 5 0.510714
13 6 0.505896
13 7 0.512102
13 8 0.502139
13 9 0.476633
13 10 0.514892
13 11 0.500000
13 12 0.500000
13 13 0.591798
14 2 0.500000
14 3 0.500000
14 5 0.500000
14 6 0.500000
14 9 0.500000
14 10 0.500000
14 12 0.500000
14 14 0.500000
