2.299960
1.611675
2.890437
1.448301
2.248006
2.851371
1.498004
2.026748
1.345511
1.790071
2.254192
1.922982
1.278830
1.618317
2.157169
1.391469
1.391360
1.953289
1.948412
1.402374
1.229874
1.242963
1.295525
3.513758
1.729696
1.718743
1.222521
2.060933
2.318561
1.220203
1.873927
2.154224
1.374397
2.131983
1.644230
1.566255
1.298023
1.499848
1.452248
1.339319
1.874489
1.307834
2.694141
1.364884
2.322332
1.899033
1.539050
1.514431
1.524338
1.488550
1.049010
1.793761
2.376064
1.790745
2.378247
1.746858
1.743110
2.052768
1.761361
1.381058
1.929303
1.290151
1.534209
1.284886
2.914420
1.751267
2.160747
1.411770
2.330484
1.688182
1.410345
2.597266
1.291519
1.614440
1.873924
1.295411
2.105640
1.437566
2.001069
3.000352
1.894003
1.378837
1.886923
1.212463
2.427869
2.190031
1.624412
1.258968
1.256829
1.711773
1.480026
2.069020
1.583788
2.197197
1.623070
1.601130
1.480684
2.154827
2.070971
2.391640
1.239844
