2.460750
3.362306
1.943233
1.553450
2.201178
1.851443
1.914876
2.066045
1.941591
2.550386
1.785132
2.086537
3.068307
1.749725
2.117910
1.276663
2.215426
3.758159
2.526175
1.788497
1.875861
1.617457
2.502652
2.048169
1.993035
3.010596
1.607967
2.443958
2.855163
2.503859
2.648725
2.696721
1.652189
1.589154
2.341865
2.113314
3.029919
2.621822
2.954722
1.539658
2.531223
1.151734
1.907162
2.714185
1.430482
1.396462
1.936954
1.878623
1.456863
4.642169
2.285892
1.654578
1.554944
2.073431
2.089492
1.348038
1.357900
1.459903
1.685285
1.775766
2.188676
2.224124
1.366483
3.321448
2.107704
1.622780
1.538445
1.447029
2.021405
1.262177
2.760004
2.401912
1.911561
2.579087
1.628751
1.698016
2.986272
1.893748
2.167093
1.393804
1.293978
4.315356
2.839065
1.429295
1.278694
2.194348
1.434247
2.394043
1.720886
2.291165
1.175080
1.470518
2.091588
2.515195
2.234252
1.951672
1.641559
2.456255
2.285197
1.744857
1.753296
1.821198
2.114281
1.873895
1.829574
1.434086
1.750207
1.935482
2.476264
1.604334
1.232993
1.152486
2.238834
2.405523
2.332266
2.800171
1.941917
2.632166
2.157082
2.606139
4.770588
1.813685
2.033648
1.960847
2.238274
2.046139
3.498533
1.704239
2.558062
2.256599
1.202876
2.099864
2.400625
1.744197
2.143561
2.016824
3.410406
1.202749
1.140424
1.833779
1.876510
3.250705
3.120761
1.409682
2.558848
2.573061
1.940243
2.145985
2.129723
1.762079
2.028240
2.553947
3.122591
1.205966
1.930199
1.384529
2.187993
1.154968
1.837930
1.250691
4.480692
1.495484
1.941577
1.581977
1.313561
1.139146
1.859740
2.193046
1.654662
1.338420
1.543835
3.787194
1.776869
1.548708
2.216899
2.238575
1.636970
1.700204
2.643045
1.658874
2.215807
1.077702
1.915525
2.514321
2.467628
1.467201
3.534471
2.419532
1.221101
2.914381
1.317883
1.254804
2.138154
3.569227
2.170074
1.775698
2.378183
2.027776
3.119565
3.083889
2.537477
2.057041
1.495007
1.991159
2.201087
2.482215
1.135683
2.754445
2.084931
2.036846
1.708452
1.469320
1.888177
1.204998
1.804821
1.210299
2.049657
1.336758
1.408246
4.824152
1.966417
1.368954
2.725952
1.425823
1.605943
1.815650
1.111943
2.840222
2.588255
1.332444
2.574483
2.065233
2.314381
1.830079
1.312867
1.590541
1.607401
3.076126
1.805423
2.471025
2.640113
3.272185
1.552170
1.450508
3.539536
1.836406
2.128767
2.136723
2.614449
1.804947
1.788751
1.372545
1.511823
1.267561
1.595676
1.231938
1.306187
1.924776
2.708395
1.334850
1.608105
1.825494
1.370992
1.345047
1.563839
2.042333
2.164298
1.301811
3.438975
1.458268
1.724904
2.839314
1.500539
1.541233
2.248081
1.634742
2.759872
1.883145
1.583272
1.732664
1.959146
2.821640
1.504407
1.876484
1.666169
1.923831
1.977628
2.088571
1.524869
3.129472
1.304276
1.977945
2.445500
1.676325
2.458987
2.710271
4.543343
1.563456
1.327893
2.426767
1.008314
1.611950
1.726500
1.462095
1.493427
1.806702
3.383686
1.850008
2.284377
2.933257
1.317083
1.875062
1.457603
1.855020
2.088826
1.508547
1.783719
1.292814
1.852089
1.807961
1.960197
1.702290
1.241516
2.685892
1.489654
1.555519
1.589729
1.443181
1.795573
1.628863
1.196347
1.190445
2.410858
1.244015
1.250639
1.292845
2.122110
1.624466
1.814399
1.362478
1.256699
2.189866
1.447854
1.633187
1.523584
2.320944
1.015767
1.741216
1.579228
3.430443
1.703451
1.738480
1.455815
2.123872
2.249461
1.524027
1.131809
1.800555
2.761117
3.238817
2.616528
2.066284
1.601940
1.694921
2.433353
1.594354
1.717795
3.905421
1.733378
1.386833
1.600273
2.675963
1.659927
1.499014
1.708361
2.910184
1.488333
1.941323
1.563486
1.058508
1.721593
2.140933
1.646075
1.525203
1.942805
1.369749
1.838395
2.676996
1.085360
1.775762
1.512043
1.448798
1.736942
1.020327
2.062282
1.960344
1.713086
2.555926
1.688419
1.327393
0.775444
1.084002
2.070456
1.878971
1.883648
1.340782
1.361844
4.509479
2.397869
1.585979
1.693598
2.075404
1.240339
1.083125
1.919089
1.594845
1.131286
3.230473
1.754630
1.953129
1.415120
2.183705
1.511875
1.679388
2.159785
2.134928
1.961685
2.879265
