1.756911
1.377079
1.194050
2.091142
1.531796
1.324708
1.317641
3.603086
2.932882
1.792099
2.988546
1.049407
1.661630
1.697913
2.236610
2.468266
1.362266
3.222891
2.209107
1.217428
1.841198
1.178432
1.273685
1.385920
2.236968
1.006049
2.098860
1.690292
1.320187
3.022424
1.813995
3.735414
1.256765
0.942774
2.688449
4.160488
1.995253
1.693340
1.534071
2.625930
1.546788
1.516468
1.807600
2.747171
2.006791
2.490254
1.313939
1.619076
1.123512
2.436189
1.434635
2.567965
2.682021
1.317067
2.108312
2.084599
1.885796
2.270945
1.969737
1.498673
1.860519
2.901063
1.101654
1.229924
2.981282
3.150130
1.866579
1.272270
1.575548
3.352847
1.554942
1.480309
1.909821
1.824521
2.420212
2.025239
1.851624
4.225970
1.137906
4.179936
1.410015
1.936374
1.514003
2.350804
3.186223
2.161053
0.922030
2.487248
3.335087
1.848150
1.984432
2.482129
2.113436
1.670527
1.409940
1.773740
1.194459
1.793595
1.547486
2.432549
2.429006
1.560989
2.212849
1.277009
2.833780
1.562141
2.729158
1.935343
2.397662
2.591376
2.772430
1.081643
1.310303
1.110297
1.014980
2.045178
1.116248
1.318238
1.384400
2.065140
2.738891
2.203587
1.152770
1.359922
2.039080
3.701840
1.518773
5.275918
1.556448
1.471215
2.323376
1.568216
1.228450
1.851727
1.404585
2.588740
1.370165
1.380563
1.683446
2.585835
1.873100
1.695208
1.932940
2.258384
1.642892
1.232429
1.281710
2.735826
2.937711
1.822630
1.320317
1.426788
1.499761
1.912588
1.819970
1.755690
1.874524
1.948388
2.351765
2.353239
1.088428
1.810006
1.943674
1.820992
1.701755
1.971957
2.127365
1.840848
1.139884
