3.119490
4.506155
6.076033
5.036316
1.661921
2.033329
1.835308
2.120345
4.063169
2.194195
3.757972
5.521787
4.240194
3.443450
5.675999
3.645549
2.746370
3.264134
3.341567
2.728733
3.524568
3.530213
1.891070
2.535230
3.701678
4.065903
3.568930
2.672410
3.534676
1.552886
2.655306
4.750123
3.221711
6.157271
3.618339
2.835435
2.909374
5.541003
5.409656
1.930088
4.978513
3.715281
3.635074
3.189445
2.222687
1.612806
4.971583
4.454709
4.072852
7.222416
3.404616
2.035423
2.999493
4.431542
3.919165
1.661693
3.463040
3.585252
3.137452
3.994911
1.482491
3.600121
1.559054
2.885341
3.393577
2.670087
2.605544
3.277554
4.043097
2.190283
7.366303
3.306346
2.648410
2.098456
2.373145
2.313955
5.498848
5.067278
2.628079
1.673657
2.722869
1.117151
2.547901
3.837862
2.206064
1.955275
3.217274
6.017487
4.829345
3.774552
1.842809
2.513764
2.735247
3.209409
2.064577
2.512025
2.729453
4.055093
3.158920
4.929550
2.886300
2.213626
2.898657
1.889853
4.157896
2.053708
1.652287
3.186478
2.160665
3.622037
2.448088
3.303331
2.967095
2.133551
2.042871
1.384902
1.883097
3.119698
2.475844
5.329516
1.844413
2.633095
3.495316
2.593797
2.732687
2.006631
3.126192
1.863594
2.220876
1.687175
2.726054
2.734113
3.145663
3.289465
3.175668
4.154458
3.541836
2.158060
2.788554
5.034785
1.375460
2.852110
2.102890
4.233964
3.402542
1.349919
2.417272
4.042935
2.044805
1.608394
1.897838
2.187483
1.128351
2.218568
5.315272
2.142904
3.052905
2.512002
2.626087
1.542642
3.274805
2.300897
2.128772
2.975357
1.766458
2.950617
3.058906
3.261625
2.256576
1.859636
2.400837
1.113695
4.466798
2.484427
1.944450
2.312806
2.836543
3.964816
2.010793
2.179980
4.475650
1.504958
1.554112
2.850303
3.325398
4.131281
1.919184
2.815453
2.644268
2.331998
2.213441
2.761284
2.386662
1.412170
1.382359
2.635494
1.244833
2.847723
4.561666
2.164003
1.997560
2.128971
2.011021
1.572630
3.579105
2.545640
3.179837
3.730703
4.635682
4.947621
3.690629
3.389450
3.191980
2.820348
2.641086
2.035309
4.449376
2.429489
2.994350
1.860700
2.278064
2.580768
2.629321
4.408130
2.318926
2.443988
1.550968
3.308023
1.842474
1.807469
1.907584
3.181682
2.285066
5.366895
2.489235
6.678515
2.549135
3.386522
4.465127
1.501241
2.802454
2.467686
1.811871
1.804369
1.465192
2.733672
2.368535
1.669366
2.923777
3.207222
1.781879
3.861323
2.475117
3.625818
3.766173
1.639475
1.514946
1.828537
2.264973
2.466638
1.550673
3.279464
3.027152
1.996749
2.728631
2.522629
1.483792
3.496772
4.283450
1.629604
2.415078
3.693201
2.441646
1.983026
2.783216
1.786273
3.336751
1.545141
1.357848
1.843174
3.088865
1.593143
3.187289
2.028223
2.621566
1.139561
2.207576
2.301878
4.113344
2.303473
2.133625
3.852991
2.015771
2.261138
2.469078
2.606764
2.521201
3.841281
1.776208
5.241638
2.137112
4.084849
5.115048
2.345047
2.686942
3.174631
3.025211
1.704793
1.527408
3.537643
1.896347
2.186237
2.529347
1.305251
2.075821
1.818629
5.176894
2.951497
2.726057
1.563164
1.135532
2.986855
3.820154
3.300938
1.599865
1.560380
2.693704
4.066218
1.994430
1.668327
3.619774
1.403867
3.127878
1.977648
2.597439
5.237730
4.454434
2.711593
4.841702
1.821172
3.655149
3.684386
1.815104
2.469809
3.159115
3.349811
2.623463
2.251855
3.660913
1.919151
3.022131
1.412582
3.622882
3.198036
2.183110
1.401718
2.182471
3.205668
1.765917
1.739970
2.171735
2.087883
2.611119
2.712771
1.779087
2.026575
1.863209
2.343547
3.550878
3.192025
3.676803
5.326719
1.901515
2.427888
2.010508
2.389847
3.194094
1.517673
4.066056
2.138858
1.483419
2.956792
2.444618
2.732557
2.919863
1.789716
1.937086
3.951947
1.635918
3.238926
4.206883
6.153931
2.451722
2.946164
2.252898
2.949245
3.401206
3.325081
1.540618
2.092094
2.404919
2.641690
1.312737
4.045958
3.459932
2.276478
2.077510
1.622354
2.082052
1.593756
1.319767
2.649879
5.535751
2.123301
3.258058
1.420958
2.695195
3.265599
3.307040
3.889203
2.003182
1.678858
2.699109
1.821414
1.648000
3.454994
4.625813
7.159224
2.306941
1.919086
2.143967
1.806779
1.201346
2.720109
2.248555
2.330938
4.304590
2.451365
2.383735
3.534580
2.044332
3.115639
1.839827
3.335339
2.528882
3.387818
1.116262
1.602673
1.585843
2.606444
1.526193
2.623469
3.006694
2.104549
2.205512
2.058141
1.131475
3.088932
3.090127
1.578647
2.222556
2.297501
2.005416
2.939279
3.228078
2.574455
3.521209
3.759036
2.264709
2.940555
3.523970
3.993825
1.636753
4.202605
4.133414
1.577359
1.506623
5.158737
2.838100
1.668871
1.779577
1.466525
2.173539
3.190526
2.402495
2.138278
2.066329
2.395496
2.433986
2.307009
1.710774
1.578594
2.058814
2.981472
2.234226
4.292856
2.028648
2.068510
1.808130
3.385459
2.441458
2.417760
2.814040
1.501175
4.470985
2.012688
2.361863
3.989941
2.349593
2.041908
1.720037
1.669107
1.784721
2.418590
1.974386
2.166425
0.988813
1.359858
2.825258
1.944657
2.357877
1.597773
1.412212
1.463561
2.876336
2.428593
2.552218
1.770924
3.697973
2.167658
3.489139
2.157645
2.195716
1.888381
3.760400
1.504432
1.928300
2.142266
2.261794
1.802673
1.838275
1.861391
2.581214
2.174662
2.546095
1.778197
2.425560
1.778155
2.163801
2.369670
1.797821
4.268549
1.943540
2.197575
1.853152
1.915577
2.750926
1.824274
1.483229
2.180298
3.093802
2.223277
3.094717
1.890172
1.717008
3.916240
1.238757
3.411982
1.596100
2.231059
1.521309
2.341632
1.606586
2.525378
2.554648
2.612122
1.494490
1.744913
3.506752
2.463150
2.337123
3.818175
2.270138
4.038254
2.390275
3.006669
2.500824
1.545338
3.755806
1.795679
2.377095
1.542230
1.878433
1.941871
1.744792
2.074471
2.660256
2.625033
1.900055
2.261544
1.734086
2.266923
1.101679
2.570584
2.456872
1.561201
2.634825
1.908785
2.565640
2.382476
2.774131
2.038928
2.587236
3.908175
1.935132
1.601936
2.016982
1.819162
2.119897
2.140363
2.520491
2.025317
3.224709
1.990457
3.287190
2.076187
1.756798
2.133360
3.499280
1.999358
1.376666
1.676771
1.001086
1.410781
1.068204
3.205618
1.158437
2.421822
1.451420
1.602328
2.255537
3.592285
1.428266
1.081377
1.411687
4.146097
1.270956
1.824590
1.703665
1.639676
2.096545
3.134166
2.840761
2.551621
1.761738
3.995270
2.058656
1.576233
3.074979
2.835801
1.693617
1.534596
1.356477
