1.350826
1.526778
1.480932
2.870785
1.257914
1.884238
1.979724
2.111723
0.879308
1.632598
1.881084
1.929578
1.221366
2.702044
1.100892
1.488608
2.171054
1.495839
2.490472
1.938352
1.982298
1.406076
2.260201
0.978946
1.738241
1.275934
1.816154
1.847823
1.731412
1.340304
2.029108
1.250248
1.566189
1.646422
1.735802
1.279717
1.180910
3.039208
2.779553
2.041405
1.358388
1.512885
1.489310
2.211760
3.607581
3.033434
2.305357
2.764300
1.690099
2.047944
2.227014
2.219945
2.465955
1.738962
1.562410
1.465895
1.920970
1.597824
1.094043
1.798234
1.231610
1.677149
1.953260
1.762225
1.475791
1.437187
2.050673
2.336672
1.915804
1.137907
1.420108
2.025963
1.834622
1.675304
2.266097
1.430087
2.085454
1.759487
1.522561
2.416659
1.988341
1.710544
1.382841
0.976504
3.198468
2.984168
2.802618
2.065081
2.019295
1.088714
1.820915
1.678100
1.524905
1.552826
2.424733
1.270882
1.255770
1.535268
2.090496
1.524852
1.082988
1.839639
1.179099
1.953225
2.111183
1.506011
1.827026
2.079565
1.458928
1.691343
1.995398
1.703424
1.176570
1.608688
1.884923
1.376310
1.425725
1.387177
2.561310
2.065144
2.864093
1.526567
1.469438
2.053171
1.373318
1.495011
1.736820
1.620817
2.645960
1.700715
2.070784
2.486596
1.082192
1.624002
3.369651
1.360344
2.393329
1.555047
1.183439
2.224024
1.547226
1.640930
1.682899
1.387241
1.424285
2.673468
1.197722
1.512703
1.262640
1.683917
1.539404
1.731940
1.418864
1.836027
1.066080
1.268572
1.873905
1.293342
4.034235
1.460631
1.458227
1.500773
1.719189
1.186363
1.534970
1.811312
2.382210
1.179796
2.565423
1.924944
1.702821
2.137908
1.337128
1.296663
0.952148
1.418547
1.244114
2.002529
2.485738
2.037468
2.353731
1.332179
1.874493
1.888007
1.773566
2.278904
1.435471
3.653501
2.549737
1.550637
