2.250904
2.464188
2.069463
3.714258
1.919196
2.609160
3.690406
2.109965
1.830655
1.419177
1.708284
1.215314
4.410991
1.221928
2.619662
3.070387
3.059323
1.190721
2.639262
1.114788
1.892742
2.525989
1.428517
1.638402
2.023196
1.946975
2.369076
1.980902
1.618672
1.032824
4.230263
1.363599
2.660106
1.464260
1.799138
2.095419
3.108007
2.748205
1.910320
1.492158
4.154469
1.427006
1.416831
1.095313
1.514221
1.626038
1.119636
1.641254
2.028780
3.501295
2.760371
3.035303
1.498798
1.698970
3.139440
1.692823
2.058570
2.240572
1.526462
0.989483
5.512730
3.323342
3.664886
1.779822
2.982676
1.661824
2.731763
1.849052
1.171113
3.160806
2.245988
1.734402
1.407607
2.107661
2.767624
3.505499
1.262780
1.465773
1.477500
1.045290
1.389699
1.493602
1.808498
2.239305
4.664686
1.345526
1.473971
1.648925
1.910412
2.102050
2.108446
3.027787
2.257035
2.011456
1.178431
1.928781
2.499793
3.495160
2.802205
1.926523
1.727514
1.303387
3.349729
1.429052
2.306025
2.110246
2.029579
1.655602
2.391900
1.256897
1.231373
1.687196
1.496902
1.372389
2.001548
1.292586
2.040938
2.304334
1.736691
2.241297
2.213649
2.580299
2.386072
1.263050
1.875895
2.666240
2.972571
1.527534
2.814159
2.151839
2.194858
1.688610
2.082230
2.156110
2.109084
1.998869
2.444375
1.873649
1.957376
2.828179
1.332093
1.288190
1.573174
2.018218
1.405056
1.637987
0.863771
1.768396
2.023595
1.857415
2.275919
2.214665
2.322592
1.310794
1.419911
3.741259
2.921695
2.623890
2.513119
2.840779
3.336640
1.394450
1.465739
2.318293
1.219454
2.044958
1.305671
1.854699
1.016844
1.628700
2.247690
1.904323
2.368470
2.383428
3.136234
2.806423
3.117249
2.555385
1.698803
