1.768725
2.940531
2.138098
2.023996
1.813797
1.148463
1.259286
1.849589
1.830775
2.535310
3.060918
2.560347
1.947414
3.142938
1.775200
1.585242
1.643768
2.274682
2.273209
1.476591
1.687240
2.405213
2.002288
1.576346
1.853889
1.465846
1.100839
2.520699
1.402248
2.323956
2.161863
2.322640
2.229766
1.599038
2.278567
2.098130
1.239852
2.983130
2.343894
2.132724
1.670949
3.951360
1.554587
2.617474
2.275903
2.998664
1.397130
1.843345
2.653472
4.089783
3.113700
3.533565
3.404680
2.347853
2.386120
4.083773
1.456244
1.408691
2.884609
1.817647
1.161041
2.057526
2.064713
2.076415
2.210209
4.224605
2.224188
2.021261
1.246228
1.439687
1.398226
1.407035
2.958140
3.552577
1.849016
4.145940
1.379449
1.645194
1.266557
2.967349
4.200109
1.536689
2.347920
1.669015
3.538149
1.491006
1.317156
1.506642
1.439944
2.038358
1.664084
1.624273
1.703316
2.033366
1.932652
2.838174
3.030792
5.107689
2.098388
2.076911
1.671125
2.710889
1.833110
2.902172
1.594233
1.824493
2.547651
2.673947
1.628505
1.780583
1.404985
2.724253
2.961472
2.844497
1.683576
2.966528
2.550516
1.168091
1.545752
1.477100
1.702022
2.207873
2.462423
3.296531
2.297762
1.980690
1.232803
1.257419
3.679251
2.562032
1.293164
1.976705
1.939442
2.340132
1.465459
2.541612
1.709286
1.926075
1.416161
3.350061
2.772860
1.687346
2.314758
1.644112
2.396357
1.816756
1.195132
3.436201
1.285592
3.003622
1.441557
1.719845
1.491177
1.492988
1.133950
3.036691
2.127098
1.898873
2.516619
1.212674
1.267673
2.057761
1.558263
1.414106
1.351633
2.444017
2.005694
1.081036
2.496688
2.917905
1.543815
1.725899
1.672014
2.621811
2.043295
2.136713
1.148797
1.854079
1.599752
1.625884
2.896242
1.747182
1.553121
1.686478
1.187155
1.582124
1.139988
2.736736
1.825591
1.739380
1.434271
1.757789
2.772526
1.672540
1.320712
1.002915
1.496418
1.573819
1.716285
2.433371
2.037012
1.897058
2.678197
1.608815
1.803506
1.916944
1.804261
3.051087
1.175352
1.869524
2.034931
2.739715
2.007776
2.142900
3.427953
1.500439
1.734045
2.748464
3.566685
2.042554
2.392438
2.143318
2.909218
1.960895
3.240047
1.835564
1.271638
1.591268
2.360645
1.766104
2.576751
1.554567
