4.235275
4.296927
3.069337
3.686957
3.513326
3.822990
3.703376
2.905282
4.219046
3.160564
3.322863
2.903553
2.533904
4.966609
3.184874
3.876192
4.023992
4.192795
2.315158
2.623194
2.770812
4.214080
3.213624
3.580881
3.844563
2.860991
2.615438
3.988650
2.918714
2.786961
4.462269
3.718506
2.691913
3.401534
3.035544
3.159271
4.298223
3.167075
2.426581
3.552420
3.633834
2.834473
3.513336
2.893319
2.801413
3.043382
3.115941
2.549301
4.669682
4.841243
3.733475
2.998713
4.513760
2.363635
2.164898
4.195395
3.778865
3.205627
2.734733
4.554355
4.698362
2.736454
2.348936
3.037027
2.874950
3.375806
2.432562
2.452452
3.290192
2.996645
3.424901
3.444031
2.834127
2.757344
3.916060
2.945630
2.773417
3.466004
4.310568
3.553080
3.709036
3.292523
3.064627
2.585175
2.913693
3.395674
2.876137
2.532122
3.614838
2.196836
2.512073
3.924097
4.623331
2.725875
2.516702
3.204803
3.421192
2.972495
2.169568
2.700973
3.189085
4.209544
2.883996
3.195765
2.968008
2.869478
2.032930
2.819133
3.163218
2.770476
3.348227
2.889999
3.800502
2.472730
2.679563
2.844871
3.474561
2.823957
4.531285
3.104516
2.762016
3.244444
2.117217
2.819038
2.417859
2.092760
2.730941
3.392194
3.529946
3.077262
3.801218
3.096892
3.078062
3.525855
2.828942
2.392373
3.782241
2.765377
2.526628
3.705158
2.567911
3.238025
2.615140
3.586870
3.355535
2.617812
2.625260
2.866912
2.137434
2.565854
2.172469
2.402753
3.317118
3.190931
3.001842
4.052969
2.810629
2.137553
3.218121
3.500165
2.570674
3.225699
2.558145
3.318126
2.383958
2.436303
3.844653
2.973723
3.449138
2.662493
2.668954
4.167486
2.811938
2.439520
2.414874
3.105144
3.631909
3.286940
2.569449
2.354635
3.244164
2.489822
2.749978
3.501496
3.469067
3.344361
4.169917
3.653265
2.314027
1.970290
2.402937
2.936866
2.173681
