21.502455
19.938053
16.525057
19.573807
25.438814
23.202272
14.560246
15.403618
21.941528
24.612410
25.096447
24.199677
16.183353
15.563445
26.115864
12.713987
11.464827
21.222042
19.988129
20.285019
14.515974
23.998625
12.546855
15.687157
16.231867
19.227804
18.257292
21.370239
14.310344
18.282631
30.140001
22.112577
26.680775
18.830610
13.858784
18.754286
25.623116
19.784477
16.438381
16.269428
11.604929
25.837463
27.546619
22.617582
20.092943
14.121027
14.412886
11.970184
14.258237
19.992994
13.913486
20.497561
19.184362
16.179302
20.280216
25.838770
15.704750
9.487638
32.614922
17.773796
19.245581
20.427494
21.500759
12.679850
13.007137
14.049210
20.796410
17.494999
22.936823
11.140400
19.866816
8.932380
13.551200
25.827599
16.919477
27.311531
13.984592
17.994606
11.163225
12.586397
12.244287
20.629309
13.752857
26.324871
14.413960
15.332511
24.001701
12.704893
15.970740
15.475287
14.337938
20.870659
11.959560
19.402559
14.612576
16.075617
19.202124
19.592394
14.195755
22.230618
16.358288
11.724361
28.539513
16.470840
16.089148
22.660900
16.463699
12.150665
12.798037
12.544376
15.708775
8.767347
19.311623
14.450947
10.359272
14.527603
13.549875
20.711857
13.984477
17.069586
25.622055
15.954064
18.183619
25.514448
11.946264
9.192679
21.611607
11.025268
20.030005
9.757820
11.614203
26.855572
11.141026
14.338463
13.832735
27.550520
14.106056
14.226361
14.117226
12.924556
10.482836
9.839443
14.304476
15.171129
20.061405
16.481815
9.255438
22.458731
9.026035
15.876160
17.169765
15.904416
14.625528
12.203576
12.131323
15.542300
14.386897
14.596647
14.456760
13.975720
12.346543
17.216919
12.715896
19.059700
10.532711
11.110507
23.066273
8.530918
14.015585
13.899997
11.768789
14.076184
15.036048
15.207184
10.168814
13.551879
11.997590
17.971136
12.981643
13.058305
11.538941
13.095268
10.594780
13.948644
29.236439
14.215469
17.303247
13.901375
12.908701
18.974346
12.228617
15.104642
13.280557
12.398868
13.579666
13.923800
10.322115
9.695641
11.971259
12.684874
11.458296
14.869176
8.479570
11.525777
9.779179
16.829678
13.579038
12.778093
16.765312
11.166746
12.931414
10.937645
13.237551
13.589940
15.108810
10.826185
10.945267
9.398887
14.586318
10.385779
14.722443
8.924445
8.546949
7.721964
16.440289
16.236221
9.103788
10.345415
12.916327
8.365999
17.602772
14.408813
13.785527
15.226694
13.249153
11.665889
16.021740
10.532811
10.678920
10.526477
12.624385
16.382298
11.876160
10.009678
10.051341
11.633077
8.716242
9.517759
11.547836
13.641565
10.551222
9.461421
16.618492
14.903199
9.189009
9.319593
10.507787
10.690403
10.468115
9.134356
7.550805
10.070631
8.188061
9.466878
7.746678
7.455543
10.819867
15.780781
9.324591
10.254863
8.093923
12.262009
14.245303
9.336660
8.390312
10.875431
16.402208
7.498331
7.871914
8.961000
15.869222
11.096803
16.551937
12.819102
12.465608
17.691132
13.903399
