5.074049
4.240665
3.580618
2.956521
3.381652
3.148475
5.218002
3.651102
3.011942
3.792130
3.910280
2.704672
2.730044
3.423882
4.124680
4.450163
3.598544
4.177773
4.080186
3.256151
4.579031
4.800169
2.642376
3.016986
2.897061
2.966420
2.493960
4.050764
2.850517
2.776455
4.635842
2.799633
4.370109
5.470998
4.696960
5.631605
3.061949
4.314762
4.404805
3.392036
4.499839
4.529920
3.387261
2.745379
3.188833
4.326970
2.840971
3.766241
3.290405
3.776734
3.101403
2.812665
2.568125
4.448767
3.382060
3.149264
2.395215
3.319915
3.888821
2.469768
3.659319
3.597980
3.317951
5.994895
2.945400
4.084945
3.256196
3.094396
5.224498
4.148721
3.401550
3.264667
4.081953
6.363879
3.074446
2.915009
3.136446
3.093724
3.690008
2.789368
3.094405
2.306707
3.582238
3.470474
4.738485
2.404427
5.106654
2.399453
5.427004
2.594007
2.274892
3.465248
2.688896
2.648434
3.085657
2.353946
3.649597
5.441712
3.090777
3.493420
3.413242
3.286786
4.175222
5.745352
4.110373
3.290991
4.079215
2.969124
3.129566
3.076208
5.316356
3.239717
2.341693
3.165798
2.493634
3.429081
3.048700
3.363853
2.341514
2.459612
2.263995
3.410676
3.256454
3.044649
3.094714
2.894146
3.441260
3.760836
2.622257
3.186496
3.525392
2.935546
2.176555
2.921080
3.227770
2.468583
2.555662
2.378744
2.870546
3.256945
2.343185
3.540561
3.107289
3.518829
2.631600
3.535712
3.054260
2.596526
4.457364
3.097409
1.953698
2.611630
2.461976
2.373100
3.784121
4.430023
2.649535
3.380329
2.651717
3.574892
3.482058
3.245279
3.472560
2.713141
2.641834
3.030756
3.749322
2.877855
2.649764
3.657730
2.250568
5.480123
2.606677
4.368691
2.636797
3.356387
3.397527
3.594369
2.774184
3.611814
3.524582
3.863145
3.076091
3.651013
2.976146
3.539643
2.261516
4.573017
2.675684
3.663399
2.817530
2.375091
2.431174
3.007792
2.457352
3.190304
2.716338
2.846689
4.304871
3.951379
2.629763
3.983044
2.847516
3.917393
3.807350
2.534118
2.364377
3.437010
3.433282
3.208760
4.134119
