2.220898
4.275991
2.597629
3.442939
3.559762
2.534733
3.170111
2.459776
2.562732
6.559730
2.762395
2.200855
4.033872
3.095276
3.287536
4.313715
3.023633
2.061475
3.806492
3.031192
4.126070
3.313218
3.381006
3.668497
3.730980
2.551274
2.805910
3.056850
2.291955
3.682367
2.875472
2.091084
3.401772
4.073960
3.305664
4.006561
3.121379
4.799273
3.977613
2.725096
3.527745
3.592663
3.549047
2.794991
3.389779
3.141558
3.341652
4.357999
2.970069
3.441275
2.969327
3.185773
5.109749
2.180253
2.977596
3.167387
2.700452
2.134599
3.532340
4.336706
4.344459
2.349542
4.849466
3.239856
4.486145
2.854697
4.136100
2.747496
2.255901
3.786844
3.494611
3.565428
3.532909
2.982828
2.596870
3.298292
5.575520
5.610227
2.162441
3.031550
2.779615
2.096709
2.388126
2.580077
2.545130
2.885683
2.595481
2.808795
4.141718
2.164558
2.194053
2.930347
3.392031
3.345458
3.039152
3.869194
6.847701
4.179432
2.916997
4.034195
3.318370
2.369599
3.278190
3.783343
2.832543
3.273371
2.557022
2.355533
2.364743
1.802164
3.237722
2.508998
2.922657
3.726381
2.644282
3.879576
2.379349
2.737316
3.026697
3.557774
2.394775
2.853245
2.006061
3.264002
2.260935
3.050594
4.464920
2.446430
3.056051
1.575321
2.005224
2.390840
2.526580
3.275866
2.605672
4.621646
3.031752
2.796090
6.279093
3.561878
2.483338
3.214319
3.259770
3.630575
2.584614
2.284196
2.940849
7.729642
2.205693
2.217026
3.686973
2.629369
2.203979
2.216896
2.472362
2.759433
1.856497
2.157198
3.318223
