28.934372
25.727413
24.064428
17.552212
16.071787
14.549063
18.974798
21.836464
30.114590
31.473343
16.560204
12.023045
18.302341
24.466751
27.622379
19.978899
16.832888
19.193943
34.031338
15.032452
19.381771
19.189634
13.364513
10.880885
22.763855
21.154346
22.207603
17.125708
25.428093
14.266436
15.167821
18.206001
15.947058
18.006699
21.816385
30.176847
19.437624
9.739600
32.975388
18.935083
16.829201
14.569931
13.730304
32.045532
30.243134
12.346203
50.185581
13.438910
17.761635
19.729549
13.439594
18.038614
13.033490
16.500536
17.361580
25.209085
23.798540
14.669239
15.015214
26.427185
24.494658
23.820389
15.773963
15.634330
14.067389
16.268127
16.226292
11.297337
19.455299
11.536095
14.130417
35.489830
12.748367
27.146023
12.660594
13.817172
15.691631
14.007097
15.056074
13.663154
12.833733
16.104885
22.977423
14.006931
15.037071
33.151936
17.096893
35.470268
22.826374
12.853896
10.645252
12.733578
15.150552
14.723239
13.656922
17.814871
17.285688
13.302973
16.348541
17.944117
12.908999
12.932135
18.482620
11.965138
21.122215
13.066736
11.451363
11.403288
20.142981
18.169277
16.444096
12.972238
15.020786
13.455976
17.252800
20.779408
12.777584
18.670990
20.031342
11.565130
12.623842
11.502222
14.527914
13.376120
15.664539
11.656927
13.109200
16.284025
20.604780
9.627948
9.032038
20.965370
12.382662
15.860231
15.997297
16.254166
13.176422
18.107357
12.172810
11.112150
15.816564
9.274248
12.596116
13.088907
8.909162
21.777273
16.021135
9.835567
14.725231
9.100829
13.537448
16.499855
14.575922
17.168869
13.676373
13.090609
16.180374
11.654413
23.095438
11.816983
25.225906
9.011911
14.903924
12.807453
12.196505
10.709013
9.945129
14.314535
11.446198
24.783447
15.931760
8.925805
12.488264
14.076208
10.414385
13.422948
22.365976
11.971035
14.055831
13.970539
10.296955
7.867901
14.660870
27.531359
15.212323
27.784992
12.264397
7.274851
8.458636
12.816737
16.517191
13.490474
15.289642
14.902130
16.935263
14.276952
9.961097
12.707810
11.268576
15.896734
13.749182
10.825235
13.358441
11.325457
10.417596
10.120533
12.445846
11.406107
6.746747
15.403869
7.596019
10.770844
7.387437
8.254847
14.304079
11.298531
14.664267
12.005859
7.998865
13.888063
16.895493
11.682111
17.565287
14.230038
8.031605
13.440221
9.788889
8.588689
7.020590
13.538681
6.696995
20.537361
19.404312
11.390011
11.163391
11.681359
10.288875
9.763325
12.843796
9.532118
10.785782
8.735292
14.652645
12.867540
11.462097
11.493848
9.464809
9.530640
14.875973
8.048797
10.845145
11.128904
13.192476
7.801809
25.829508
7.249057
8.532188
13.671720
11.537286
10.315641
9.302860
8.335137
10.810354
10.068080
11.063806
9.596212
9.601749
7.596081
12.954621
7.161339
14.103465
9.704927
11.207491
13.780440
8.769285
11.185205
10.029477
11.219058
8.313158
11.134061
9.253769
7.679472
15.098929
12.294602
12.923717
12.578425
10.643747
13.570912
20.041014
7.873465
10.559865
9.175048
10.269938
12.189674
6.757282
12.090961
8.611670
7.380501
12.631565
11.142970
9.531850
9.460938
7.720928
15.396985
10.890297
9.601668
16.739723
7.302409
13.624212
20.322325
15.698192
10.999958
7.776668
10.363714
16.376163
10.710461
16.975523
10.126677
10.926867
11.775865
6.767406
11.359201
7.457177
7.770665
16.770138
6.870536
10.093734
7.657399
17.443520
16.787357
7.995703
11.880470
7.798517
9.238964
14.326910
9.248947
9.033676
6.828312
13.668869
10.399563
6.977368
7.862603
10.595716
7.841338
16.488701
11.105656
13.382442
7.763928
11.179178
14.124900
7.140709
13.065912
12.895448
6.951388
12.543796
8.689071
16.598660
8.089819
13.250744
7.100997
12.612461
6.796173
8.657109
6.210515
8.743688
6.683937
13.170533
7.399675
9.108652
7.798721
12.881025
11.336046
9.105734
8.749962
10.018912
9.077571
7.365098
8.296101
10.910705
8.488006
10.360512
7.801901
7.857751
8.472589
17.018173
11.718079
7.140831
11.448086
8.311983
7.414699
6.096068
12.474315
5.665417
6.206515
6.273512
7.342575
9.778065
6.142252
10.093938
15.487345
9.067913
8.183407
15.103701
8.128494
7.823685
7.954302
10.020901
8.566637
8.775126
8.217505
6.446818
15.892049
11.632447
9.683398
8.314263
10.740265
7.494348
15.331591
11.001257
7.320889
8.178890
7.504440
9.225794
7.808451
7.418683
9.142310
7.930440
6.970895
11.652012
11.914626
7.216304
10.685002
8.684469
6.731365
9.946365
8.149865
7.239467
7.691807
6.570029
9.099010
7.638968
10.262638
5.535643
7.811168
7.056710
8.237944
6.381746
5.670824
8.617352
4.898932
8.753093
7.469573
8.980153
6.064094
11.358992
7.289937
5.898292
7.697434
7.174099
12.630898
10.582314
6.501361
6.817175
7.060801
8.746543
7.868536
8.153294
11.285360
6.234066
11.713642
9.457693
10.581353
7.773593
10.598999
7.199995
5.885270
6.287453
6.148537
9.664474
8.718411
11.326795
9.854516
9.936210
12.144233
13.719572
7.274291
5.863095
5.688254
9.002925
6.524735
12.733665
5.304643
8.993597
4.847496
7.673343
7.909530
6.292800
8.290133
9.266865
5.381402
5.035731
8.292686
6.354760
5.243502
6.331045
6.077080
6.326003
7.778409
8.362467
13.250889
4.955622
8.164927
8.038864
9.890760
13.669308
5.001185
10.100132
8.043258
5.690466
21.636866
8.665618
5.242244
5.934577
7.062449
7.537177
6.251122
7.369018
5.352464
6.498270
5.186645
7.802777
5.059533
6.268094
7.483413
5.945179
4.621310
11.018135
10.083993
8.254517
6.232190
8.981816
8.151464
10.886475
6.736211
9.347569
5.409750
7.364881
5.352081
6.995332
10.427992
5.495231
4.711027
7.213553
8.840300
7.502890
13.027542
8.815335
4.876112
6.918065
7.845819
7.254795
5.365689
6.752576
8.267119
4.546887
7.900307
9.721876
6.184444
9.362614
8.514219
7.928152
5.998729
9.227972
6.179647
7.188072
6.174571
7.640028
15.266874
9.042679
6.718407
6.558023
4.848448
6.780904
6.907736
8.101554
5.787143
6.751594
6.455568
7.870267
6.742532
6.943640
8.314173
4.453150
7.521543
9.142722
6.223423
11.223922
6.727208
7.814174
6.971237
4.840795
6.568602
10.183225
7.038960
4.206741
7.480505
6.287512
11.995670
6.151401
6.934629
10.432933
7.120797
5.412269
13.875283
6.213700
4.747466
6.582769
5.346107
8.551620
8.543343
6.029976
8.261627
5.513415
4.669769
4.343798
5.018952
6.803042
5.538059
8.320274
8.727618
4.609134
9.545731
4.977366
7.449067
