2.398920
3.246101
1.941940
3.633911
2.149361
3.232647
2.318453
2.857553
2.705964
2.517134
1.895873
2.354635
1.932656
2.733220
2.619035
2.562090
2.244621
2.266134
2.275627
2.727325
2.375139
2.274357
2.763384
2.077296
3.433134
2.144789
1.503032
3.025110
2.980578
2.624766
2.108353
2.493874
2.432679
2.235973
2.174829
1.927367
3.955815
2.533813
1.961983
2.307775
2.823516
1.958828
3.132316
2.440330
2.685497
2.370583
3.465159
2.553373
2.132508
2.184520
1.937904
3.322096
2.481576
2.275148
2.267193
3.609527
1.695861
2.679289
1.867023
1.861363
3.073070
2.925150
1.911433
3.612493
3.605281
2.570558
1.971196
2.794515
3.369467
2.954753
3.744766
3.046724
2.243086
3.374734
1.867316
2.587856
2.138100
3.203887
2.188259
2.807732
2.656390
3.052276
3.047812
2.597801
1.958374
2.855926
2.246812
2.165937
1.937381
2.685633
3.545835
1.980749
1.773714
2.785724
3.723370
1.699358
2.734245
2.540528
1.754265
1.884605
1.867502
1.881987
3.379944
2.156730
2.582944
3.638053
2.241649
2.304737
1.867187
2.661823
2.273034
2.184766
3.234888
2.179342
2.517372
2.424733
2.223091
1.642988
3.133834
1.858259
2.042085
3.878524
2.358676
2.763471
1.654888
2.330892
3.437266
2.057404
2.094068
1.973535
2.509164
1.766205
3.104007
2.732623
2.109547
2.659654
2.680323
2.932618
2.079075
2.372999
1.959289
2.421299
2.947607
1.522285
2.591009
2.177068
2.270226
2.137977
2.963126
3.286392
2.110569
3.113428
2.640727
2.236507
2.052849
1.792627
2.198391
2.167715
1.902733
1.745595
3.464352
2.354460
2.567474
2.635143
2.101998
2.243237
1.720781
2.872935
3.270487
3.039434
2.464712
2.535365
3.223763
2.137102
3.089202
2.305145
1.705765
2.334586
2.893753
3.061544
1.420150
1.945555
2.596895
2.986253
2.340830
3.110261
2.281635
2.130455
2.588952
2.737562
3.070018
2.644382
3.647620
2.315434
2.008028
3.069857
2.064547
2.768360
2.175428
2.748605
2.101741
2.302896
2.020627
3.912417
2.433831
2.226061
2.336818
2.194376
2.767169
2.077261
1.994708
1.432924
2.584344
2.726339
2.104692
