1.737059
2.595336
2.152421
2.119889
2.178835
2.779814
2.685051
3.158272
2.198272
2.334182
2.822222
2.269958
2.775756
2.949034
2.319599
2.455808
2.556311
3.454390
3.041728
2.326622
2.266819
4.508083
1.941733
3.142837
3.093677
2.682386
2.048768
1.658262
2.578919
2.600993
2.588941
2.335330
2.801871
1.810451
3.205716
2.309007
2.714228
2.444963
2.162628
3.005019
1.883325
3.471737
3.988160
3.158312
2.625132
1.990563
1.823353
2.495805
2.065218
1.928897
3.419388
2.321199
1.993054
1.984825
2.191667
2.706481
2.949180
2.858966
2.189520
2.812472
2.263379
1.995291
2.151427
2.578011
1.676728
2.835169
1.662974
2.174253
2.039935
2.300367
1.960658
2.964881
2.806764
1.555182
2.208385
2.254576
2.856070
3.235767
2.154396
2.310539
2.355007
2.089100
2.122069
2.525232
2.643403
2.049219
2.000265
3.159027
2.318759
2.162091
2.588228
2.343701
2.548568
1.741414
2.481505
2.380705
2.626138
2.392094
2.323908
2.004082
2.730186
1.952891
1.599580
2.454267
2.096447
2.168170
2.896724
2.239738
2.190088
2.156827
2.396325
2.334254
2.985740
2.637600
2.415793
2.876704
2.117779
2.261309
1.936311
2.242203
2.720063
2.173456
2.380726
2.527197
3.562190
1.844990
2.737102
1.618145
1.532235
2.975014
2.180095
2.260120
1.847265
2.383529
2.871025
1.952145
1.884597
2.534339
1.821623
2.040925
2.187942
2.491487
3.232049
1.907341
1.874444
1.857153
2.427913
2.154794
2.952989
2.665055
2.692479
2.054601
2.272413
2.250040
2.086733
2.342571
2.278439
2.050546
2.013287
1.848304
1.412642
1.968760
1.957036
2.174148
1.593308
2.060899
1.810706
1.859830
2.280714
1.792113
2.446397
1.855167
2.393382
2.338872
1.968614
2.270385
1.990596
1.750046
3.724871
1.760358
1.809438
2.423409
1.640867
1.310911
2.188250
2.507006
3.256415
1.907678
2.372934
2.315495
2.144665
2.054035
1.801810
1.668537
1.742251
1.817993
1.773688
2.374331
2.116525
2.131452
2.452261
1.928198
2.252402
2.148017
1.718483
2.192884
1.967201
2.779203
2.251676
1.726694
2.487216
2.301287
1.662303
1.527557
1.835531
2.591246
2.211835
1.686168
1.873257
1.641737
1.857964
2.480958
1.746444
2.165453
1.894489
1.541567
1.956865
2.081039
2.100949
2.424800
2.516367
2.056737
1.627713
