2.858800
2.817059
2.500862
2.732347
6.313914
4.129439
3.613358
3.488060
3.010670
3.720624
3.250049
2.800594
4.257234
4.792440
2.645931
2.440747
2.514119
3.052069
2.606757
2.001641
2.827682
2.144466
2.056478
4.591795
2.848238
3.268416
3.531191
3.388909
3.839169
2.457383
2.971893
2.529776
3.671087
2.377194
3.413813
2.262764
3.253753
3.723238
3.468585
2.697113
3.154750
2.203357
2.535433
2.159251
2.086857
2.876309
2.846527
2.618637
2.566566
4.622977
3.209863
2.124705
2.657352
3.377004
2.562238
2.978964
1.523844
4.110438
3.025277
3.213430
2.572132
3.031575
2.248659
2.278712
4.274129
2.489229
2.251455
3.127701
2.785790
2.428786
3.849666
2.975828
3.301198
3.419450
2.322631
2.133169
3.462851
3.169716
2.498561
3.188103
2.958107
3.084387
3.104120
2.476383
1.974371
2.872560
2.733580
2.304119
2.133594
4.169851
2.561546
2.753338
2.287616
3.393025
2.018455
1.869989
3.764871
2.225888
3.789925
3.251460
2.511013
2.112724
2.701000
2.091949
2.551928
2.524488
2.589604
3.069762
2.566481
3.910247
2.824915
2.947161
3.071832
3.192024
3.954078
2.490116
3.129755
3.656384
1.773194
2.476676
2.385326
2.673951
2.475597
2.317952
3.288531
2.518997
2.711871
2.373500
2.341794
1.744760
2.767970
2.241943
2.344594
2.453885
2.273916
2.975696
2.549230
2.717116
2.976848
1.621534
1.944731
3.292482
1.959471
1.948344
2.947540
1.963543
2.163402
1.853523
2.614875
2.779443
2.551756
2.454622
2.068224
2.898771
1.579606
2.685463
1.962245
1.845821
1.791952
1.875653
1.798264
2.398918
2.522966
1.805140
1.749706
1.871565
2.236232
2.712835
1.752459
2.567465
2.174985
2.578284
2.036146
3.282086
1.626062
2.677603
3.155147
1.763745
2.841097
2.648029
2.948065
3.066673
3.117737
2.096230
3.058030
2.256503
2.433719
2.384775
1.765444
2.675291
3.129152
2.249783
2.829765
2.069564
2.531895
2.714949
2.533517
2.232653
2.471496
2.089210
1.724380
1.905996
2.297987
2.958570
2.212406
2.715154
2.825094
1.909787
1.791611
2.453515
2.095297
2.325115
1.517999
1.482177
1.950618
3.532522
1.977507
1.918829
1.971277
3.380676
2.089556
1.946986
1.887441
1.349272
2.819145
2.656250
2.112574
1.906958
2.165603
2.364153
2.161112
1.989348
3.461170
1.879430
2.487507
3.215090
3.056873
2.284768
1.261375
