1.725917
1.669986
3.093644
2.682559
2.935477
2.272861
2.443552
2.429899
3.384597
2.155169
2.923163
2.113049
1.981258
2.829051
2.436090
2.528469
1.740157
1.982404
2.025796
1.805655
2.297082
1.968231
2.196511
1.494969
2.140015
2.101972
2.214863
3.002459
2.545881
2.441079
1.887914
1.719130
1.906648
2.046067
2.627886
2.164618
2.635895
2.205856
2.126180
1.692404
2.509225
2.064507
2.038130
2.202896
2.386755
1.800894
1.831117
1.564872
2.441258
2.792663
1.912610
1.839395
1.853996
1.711896
1.510468
2.126716
1.642012
2.749003
1.686521
1.975966
2.578559
2.016224
1.725493
2.027041
2.638142
2.327476
2.881868
1.783522
1.933648
2.161827
2.117607
1.635986
2.238251
2.613380
2.910033
2.029510
1.722715
2.733089
2.295367
1.656504
2.162650
2.208350
1.772716
2.456553
2.716105
2.105962
2.597907
1.723322
1.855416
2.915196
2.411212
2.284591
1.383862
1.502370
1.633937
1.265070
1.570528
1.859297
1.711791
2.211759
1.781414
1.482078
2.189393
2.215152
2.567894
1.722987
1.693005
1.936596
2.058775
2.299517
1.554374
1.778020
2.204671
1.783279
1.668140
1.641441
2.361120
2.450461
2.964261
1.536259
2.359245
1.884585
2.212372
2.102596
2.191950
2.345237
2.185433
1.901079
2.129045
1.605646
2.128421
1.954221
1.995218
1.961131
2.516870
2.038377
1.928916
1.581102
2.823800
2.106740
2.095133
2.436203
2.016240
2.033139
2.140034
1.614847
2.501006
1.687420
2.392457
1.937183
1.918895
1.719585
1.628934
1.547683
2.064957
2.585633
1.635157
2.069672
1.782505
2.719689
2.152217
2.629356
1.552020
2.203773
1.882240
2.142056
1.776245
