3.972624
4.842617
3.345386
4.059966
4.073575
3.075893
5.644353
5.041017
3.267220
4.517203
3.712990
3.841013
3.627785
4.150706
3.655284
4.205896
4.859753
3.505943
3.989911
3.761977
3.067827
4.234780
3.599683
2.634888
4.070653
3.444360
3.374470
4.152215
3.367467
3.364778
3.752264
5.773994
4.416609
2.892745
2.917774
3.930723
2.887845
5.283438
3.402791
3.199205
3.682883
2.523957
2.964460
3.260210
2.606808
3.883355
3.386653
3.674558
5.002759
2.489830
4.280205
4.823979
2.547054
2.734293
2.791039
3.097537
2.922076
3.414778
2.717950
3.470341
3.895075
3.654953
2.832047
3.807160
2.586856
3.512887
4.380204
3.330805
2.670579
4.706087
2.995448
3.231569
3.624676
4.717258
3.503211
2.627616
2.707239
4.736674
3.660218
2.897320
2.700579
3.291337
3.592407
2.195212
5.097037
2.626731
4.420901
3.329926
2.278648
2.927933
2.292896
2.169659
2.083416
4.074994
2.821901
3.389430
3.570646
4.663481
3.500978
2.697183
3.030491
3.914218
3.243259
4.211647
2.349788
3.186221
4.355923
3.025088
3.818647
2.626825
3.421425
4.054363
2.731712
2.914002
2.844094
4.033569
3.508164
3.840995
2.637769
3.163965
3.041650
2.984287
2.638349
3.388662
3.831804
2.966199
5.348187
2.509102
2.815137
2.499293
3.687986
2.324731
2.737246
2.663643
2.476665
2.591301
2.966748
3.018477
3.416236
2.456274
2.860354
2.959344
2.506270
2.870611
3.221348
3.233345
3.393307
3.500414
2.898107
2.540658
3.578803
2.348929
2.671279
2.813634
3.952615
3.000058
2.585611
3.118989
3.120885
2.582412
2.732363
2.695827
3.381337
4.072083
3.584188
4.086307
2.155440
2.955316
2.629969
