3.010737
3.399967
3.444363
3.686338
2.184998
2.839545
4.604642
2.261399
3.132010
2.914370
3.867145
2.419569
3.683926
4.459050
3.032949
2.522881
1.883630
3.042035
3.177654
2.746122
2.030202
2.298624
3.392133
2.596450
2.238893
2.267304
1.907018
3.216839
3.500580
2.630464
2.659177
2.236404
2.680791
2.110113
3.214989
2.992300
2.873560
2.074800
2.634809
2.617679
3.463885
2.846892
3.171407
2.316349
3.620497
2.806387
2.924885
3.770184
2.539577
2.585254
3.453182
2.296466
2.978071
2.026879
2.255721
2.244480
2.647277
2.931621
3.679225
2.869208
2.624454
2.143449
1.767343
2.452741
1.990068
3.031863
3.198337
2.423325
2.867023
2.744467
3.611230
3.062259
3.306964
2.268256
2.516193
3.803233
3.713439
2.256434
2.510044
2.512607
2.531105
3.518791
2.401196
2.814241
2.605836
2.700503
2.397268
1.875503
1.957646
4.216341
2.367032
3.062280
3.587413
2.274467
2.272614
2.217870
3.307888
2.895509
2.332431
2.250718
2.440624
2.489622
1.850653
3.089692
2.681087
2.562198
2.233456
2.790169
2.702307
2.651829
2.149355
2.946380
2.463777
2.423965
2.651882
1.985591
2.590722
2.158727
2.113388
2.309085
2.081378
1.677978
1.772105
2.512534
2.180026
2.304274
3.690645
2.280404
1.960338
1.694728
2.041051
2.087920
1.538047
2.174252
3.047452
2.226152
2.426864
2.359674
2.645262
2.871758
2.870976
2.450039
2.430070
2.897157
1.848326
2.257590
1.955997
1.770681
1.819928
3.388814
1.729883
2.588317
2.282950
1.755685
2.218459
2.809911
2.672231
2.249516
2.489556
2.231785
3.267424
3.959699
2.176866
1.820081
1.542627
3.158271
2.440582
1.744140
2.994743
2.421286
2.006155
2.699951
1.639764
2.391906
1.898175
2.129658
1.704525
2.025494
1.839081
2.730296
2.257574
2.781550
2.070724
2.399923
2.084845
3.377820
2.362935
1.614410
1.789963
2.622334
1.974476
1.906247
2.346151
1.994152
2.574360
2.218759
2.278730
3.597631
2.707833
2.817218
1.667716
2.616093
2.334818
3.048790
2.022444
2.927923
2.898951
2.379748
2.063131
1.800744
2.477651
2.535920
1.775328
1.793709
1.255777
2.000955
1.697599
2.301497
2.398717
1.563660
1.788099
2.201004
1.886616
1.935300
2.365167
3.560641
3.145454
2.462555
2.238404
2.456505
2.042766
2.437982
2.672183
2.565086
3.026900
1.971450
2.007519
2.039520
1.999393
1.592383
2.714706
2.022979
3.214539
2.381118
2.007390
2.522835
2.321794
2.732317
2.242337
2.286078
1.994251
1.769874
2.029948
2.661884
2.145645
2.315553
1.459734
3.143038
1.673736
2.397869
3.171559
2.533059
1.644739
2.057498
1.522885
1.884272
1.300930
2.704493
2.264645
1.658680
2.825401
1.811714
2.067895
3.182474
2.170030
