1 2 0.792019
1 4 0.920305
1 5 0.875790
1 6 0.862250
1 7 0.871489
1 8 0.890867
1 9 0.679278
1 11 0.500000
1 13 0.786650
1 14 0.500000
2 1 0.792019
4 1 0.920305
4 14 0.500000
5 1 0.875790
6 1 0.862250
7 1 0.871489
7 14 0.500000
8 1 0.890867
8 14 0.500000
9 1 0.679278
11 1 0.500000
11 14 0.500000
13 1 0.786650
13 14 0.500000
14 1 0.500000
14 4 0.500000
14 7 0.500000
14 8 0.500000
14 11 0.500000
14 13 0.500000
1 1 0.978656
1 3 0.500000
1 10 0.523424
1 12 0.500000
2 2 0.622068
2 3 0.500000
2 4 0.706093
2 5 0.661829
2 6 0.660013
2 7 0.669498
2 8 0.670756
2 9 0.570145
2 10 0.506044
2 11 0.500000
2 12 0.500000
2 13 0.612596
2 14 0.500000
3 1 0.500000
3 2 0.500000
3 3 0.500000
3 4 0.500000
3 5 0.500000
3 6 0.500000
3 7 0.500000
3 8 0.500000
3 9 0.500000
3 10 0.500000
3 11 0.500000
3 12 0.500000
3 13 0.500000
3 14 0.500000
4 2 0.706093
4 3 0.500000
4 4 0.858926
4 5 0.773355
4 6 0.758081
4 7 0.753190
4 8 0.791416
4 9 0.676142
4 10 0.514235
4 11 0.500000
4 12 0.500000
4 13 0.684259
5 2 0.661829
5 3 0.500000
5 4 0.773355
5 5 0.752293
5 6 0.716058
5 7 0.716907
5 8 0.743538
5 9 0.632701
5 10 0.513736
5 11 0.500000
5 12 0.500000
5 13 0.658072
5 14 0.500000
6 2 0.660013
6 3 0.500000
6 4 0.758081
6 5 0.716058
6 6 0.732969
6 7 0.714997
6 8 0.720617
6 9 0.533118
6 10 0.509809
6 11 0.500000
6 12 0.500000
6 13 0.649983
6 14 0.500000
7 2 0.669498
7 3 0.500000
7 4 0.753190
7 5 0.716907
7 6 0.714997
7 7 0.765029
7 8 0.740281
7 9 0.574394
7 10 0.510370
7 11 0.500000
7 12 0.500000
7 13 0.664081
8 2 0.670756
8 3 0.500000
8 4 0.791416
8 5 0.743538
8 6 0.720617
8 7 0.740281
8 8 0.785833
8 9 0.605397
8 10 0.511158
8 11 0.500000
8 12 0.500000
8 13 0.685845
9 2 0.570145
9 3 0.500000
9 4 0.676142
9 5 0.632701
9 6 0.533118
9 7 0.574394
9 8 0.605397
9 9 0.812546
9 10 0.502597
9 11 0.500000
9 12 0.500000
9 13 0.549261
9 14 0.500000
10 1 0.523424
10 2 0.506044
10 3 0.500000
10 4 0.514235
10 5 0.513736
10 6 0.509809
10 7 0.510370
10 8 0.511158
10 9 0.502597
10 10 0.503870
10 11 0.500000
10 12 0.500000
10 13 0.502253
10 14 0.500000
11 2 0.500000
11 3 0.500000
11 4 0.500000
11 5 0.500000
11 6 0.500000
11 7 0.500000
11 8 0.500000
11 9 0.500000
11 10 0.500000
11 11 0.500000
11 12 0.500000
11 13 0.500000
12 1 0.500000
12 2 0.500000
12 3 0.500000
12 4 0.500000
12 5 0.500000
12 6 0.500000
12 7 0.500000
12 8 0.500000
12 9 0.500000
12 10 0.500000
12 11 0.500000
12 12 0.500000
12 13 0.500000
12 14 0.500000
13 2 0.612596
13 3 0.500000
13 4 0.684259
13 5 0.658072
13 6 0.649983
13 7 0.664081
13 8 0.685845
13 9 0.549261
13 10 0.502253
13 11 0.500000
13 12 0.500000
13 13 0.632021
14 2 0.500000
14 3 0.500000
14 5 0.500000
14 6 0.500000
14 9 0.500000
14 10 0.500000
14 12 0.500000
14 14 0.500000
