1 2 0.716562
1 4 0.832090
1 5 0.837499
1 6 0.780113
1 7 0.835076
1 8 0.714570
1 9 0.818037
1 11 0.703739
1 13 0.551994
1 14 0.500000
2 1 0.716562
4 1 0.832090
4 14 0.500000
5 1 0.837499
6 1 0.780113
7 1 0.835076
7 14 0.500000
8 1 0.714570
8 14 0.500000
9 1 0.818037
11 1 0.703739
11 14 0.500000
13 1 0.551994
13 14 0.500000
14 1 0.500000
14 4 0.500000
14 7 0.500000
14 8 0.500000
14 11 0.500000
14 13 0.500000
1 1 0.912871
1 3 0.500000
1 10 0.523161
1 12 0.500000
2 2 0.597935
2 3 0.500000
2 4 0.645162
2 5 0.665740
2 6 0.615855
2 7 0.654467
2 8 0.578295
2 9 0.648699
2 10 0.507246
2 11 0.587571
2 12 0.500000
2 13 0.521042
2 14 0.500000
3 1 0.500000
3 2 0.500000
3 3 0.500000
3 4 0.500000
3 5 0.500000
3 6 0.500000
3 7 0.500000
3 8 0.500000
3 9 0.500000
3 10 0.500000
3 11 0.500000
3 12 0.500000
3 13 0.500000
3 14 0.500000
4 2 0.645162
4 3 0.500000
4 4 0.864933
4 5 0.709830
4 6 0.699911
4 7 0.776190
4 8 0.759495
4 9 0.709516
4 10 0.510442
4 11 0.648947
4 12 0.500000
4 13 0.518956
5 2 0.665740
5 3 0.500000
5 4 0.709830
5 5 0.804037
5 6 0.696988
5 7 0.691982
5 8 0.622436
5 9 0.762032
5 10 0.511875
5 11 0.652033
5 12 0.500000
5 13 0.544796
5 14 0.500000
6 2 0.615855
6 3 0.500000
6 4 0.699911
6 5 0.696988
6 6 0.712649
6 7 0.665579
6 8 0.632984
6 9 0.679645
6 10 0.519475
6 11 0.612315
6 12 0.500000
6 13 0.533496
6 14 0.500000
7 2 0.654467
7 3 0.500000
7 4 0.776190
7 5 0.691982
7 6 0.665579
7 7 0.951880
7 8 0.679126
7 9 0.761576
7 10 0.510835
7 11 0.637169
7 12 0.500000
7 13 0.547602
8 2 0.578295
8 3 0.500000
8 4 0.759495
8 5 0.622436
8 6 0.632984
8 7 0.679126
8 8 0.767064
8 9 0.626974
8 10 0.506153
8 11 0.583199
8 12 0.500000
8 13 0.506155
9 2 0.648699
9 3 0.500000
9 4 0.709516
9 5 0.762032
9 6 0.679645
9 7 0.761576
9 8 0.626974
9 9 0.753044
9 10 0.513100
9 11 0.637349
9 12 0.500000
9 13 0.548716
9 14 0.500000
10 1 0.523161
10 2 0.507246
10 3 0.500000
10 4 0.510442
10 5 0.511875
10 6 0.519475
10 7 0.510835
10 8 0.506153
10 9 0.513100
10 10 0.503825
10 11 0.507322
10 12 0.500000
10 13 0.503979
10 14 0.500000
11 2 0.587571
11 3 0.500000
11 4 0.648947
11 5 0.652033
11 6 0.612315
11 7 0.637169
11 8 0.583199
11 9 0.637349
11 10 0.507322
11 11 0.582234
11 12 0.500000
11 13 0.517467
12 1 0.500000
12 2 0.500000
12 3 0.500000
12 4 0.500000
12 5 0.500000
12 6 0.500000
12 7 0.500000
12 8 0.500000
12 9 0.500000
12 10 0.500000
12 11 0.500000
12 12 0.500000
12 13 0.500000
12 14 0.500000
13 2 0.521042
13 3 0.500000
13 4 0.518956
13 5 0.544796
13 6 0.533496
13 7 0.547602
13 8 0.506155
13 9 0.548716
13 10 0.503979
13 11 0.517467
13 12 0.500000
13 13 0.566761
14 2 0.500000
14 3 0.500000
14 5 0.500000
14 6 0.500000
14 9 0.500000
14 10 0.500000
14 12 0.500000
14 14 0.500000
