1 2 0.674602
1 4 0.679383
1 5 0.701939
1 6 0.799708
1 7 0.707478
1 8 0.705789
1 9 0.829171
1 11 0.647309
1 13 0.450335
1 14 0.500000
2 1 0.674602
4 1 0.679383
4 14 0.500000
5 1 0.701939
6 1 0.799708
7 1 0.707478
7 14 0.500000
8 1 0.705789
8 14 0.500000
9 1 0.829171
11 1 0.647309
11 14 0.500000
13 1 0.450335
13 14 0.500000
14 1 0.500000
14 4 0.500000
14 7 0.500000
14 8 0.500000
14 11 0.500000
14 13 0.500000
1 1 0.858128
1 3 0.500000
1 10 0.523050
1 12 0.500000
2 2 0.583400
2 3 0.500000
2 4 0.579443
2 5 0.593060
2 6 0.642307
2 7 0.589689
2 8 0.589684
2 9 0.680554
2 10 0.512432
2 11 0.563440
2 12 0.500000
2 13 0.496440
2 14 0.500000
3 1 0.500000
3 2 0.500000
3 3 0.500000
3 4 0.500000
3 5 0.500000
3 6 0.500000
3 7 0.500000
3 8 0.500000
3 9 0.500000
3 10 0.500000
3 11 0.500000
3 12 0.500000
3 13 0.500000
3 14 0.500000
4 2 0.579443
4 3 0.500000
4 4 0.608729
4 5 0.594839
4 6 0.642256
4 7 0.594653
4 8 0.590471
4 9 0.645159
4 10 0.505316
4 11 0.568258
4 12 0.500000
4 13 0.481577
5 2 0.593060
5 3 0.500000
5 4 0.594839
5 5 0.634088
5 6 0.670874
5 7 0.600825
5 8 0.606200
5 9 0.681706
5 10 0.506434
5 11 0.576865
5 12 0.500000
5 13 0.474534
5 14 0.500000
6 2 0.642307
6 3 0.500000
6 4 0.642256
6 5 0.670874
6 6 0.757767
6 7 0.660234
6 8 0.663667
6 9 0.764939
6 10 0.516464
6 11 0.616507
6 12 0.500000
6 13 0.470631
6 14 0.500000
7 2 0.589689
7 3 0.500000
7 4 0.594653
7 5 0.600825
7 6 0.660234
7 7 0.615200
7 8 0.608281
7 9 0.680881
7 10 0.515494
7 11 0.575144
7 12 0.500000
7 13 0.467117
8 2 0.589684
8 3 0.500000
8 4 0.590471
8 5 0.606200
8 6 0.663667
8 7 0.608281
8 8 0.618732
8 9 0.723593
8 10 0.511519
8 11 0.573701
8 12 0.500000
8 13 0.459030
9 2 0.680554
9 3 0.500000
9 4 0.645159
9 5 0.681706
9 6 0.764939
9 7 0.680881
9 8 0.723593
9 9 0.983466
9 10 0.517502
9 11 0.626085
9 12 0.500000
9 13 0.539495
9 14 0.500000
10 1 0.523050
10 2 0.512432
10 3 0.500000
10 4 0.505316
10 5 0.506434
10 6 0.516464
10 7 0.515494
10 8 0.511519
10 9 0.517502
10 10 0.513953
10 11 0.507695
10 12 0.500000
10 13 0.494176
10 14 0.500000
11 2 0.563440
11 3 0.500000
11 4 0.568258
11 5 0.576865
11 6 0.616507
11 7 0.575144
11 8 0.573701
11 9 0.626085
11 10 0.507695
11 11 0.552730
11 12 0.500000
11 13 0.483396
12 1 0.500000
12 2 0.500000
12 3 0.500000
12 4 0.500000
12 5 0.500000
12 6 0.500000
12 7 0.500000
12 8 0.500000
12 9 0.500000
12 10 0.500000
12 11 0.500000
12 12 0.500000
12 13 0.500000
12 14 0.500000
13 2 0.496440
13 3 0.500000
13 4 0.481577
13 5 0.474534
13 6 0.470631
13 7 0.467117
13 8 0.459030
13 9 0.539495
13 10 0.494176
13 11 0.483396
13 12 0.500000
13 13 0.631825
14 2 0.500000
14 3 0.500000
14 5 0.500000
14 6 0.500000
14 9 0.500000
14 10 0.500000
14 12 0.500000
14 14 0.500000
