1 2 0.721867
1 4 0.740521
1 5 0.818452
1 6 0.891994
1 7 0.732804
1 8 0.762925
1 9 0.789872
1 11 0.500000
1 13 0.644049
1 14 0.500000
2 1 0.721867
4 1 0.740521
4 14 0.500000
5 1 0.818452
6 1 0.891994
7 1 0.732804
7 14 0.500000
8 1 0.762925
8 14 0.500000
9 1 0.789872
11 1 0.500000
11 14 0.500000
13 1 0.644049
13 14 0.500000
14 1 0.500000
14 4 0.500000
14 7 0.500000
14 8 0.500000
14 11 0.500000
14 13 0.500000
1 1 0.912680
1 3 0.500000
1 10 0.548425
1 12 0.500000
2 2 0.605643
2 3 0.500000
2 4 0.607010
2 5 0.656791
2 6 0.692256
2 7 0.622933
2 8 0.615458
2 9 0.631778
2 10 0.522355
2 11 0.500000
2 12 0.500000
2 13 0.560409
2 14 0.500000
3 1 0.500000
3 2 0.500000
3 3 0.500000
3 4 0.500000
3 5 0.500000
3 6 0.500000
3 7 0.500000
3 8 0.500000
3 9 0.500000
3 10 0.500000
3 11 0.500000
3 12 0.500000
3 13 0.500000
3 14 0.500000
4 2 0.607010
4 3 0.500000
4 4 0.673965
4 5 0.654388
4 6 0.696542
4 7 0.603150
4 8 0.620164
4 9 0.618870
4 10 0.523875
4 11 0.500000
4 12 0.500000
4 13 0.584449
5 2 0.656791
5 3 0.500000
5 4 0.654388
5 5 0.760606
5 6 0.787991
5 7 0.657064
5 8 0.678449
5 9 0.702423
5 10 0.542792
5 11 0.500000
5 12 0.500000
5 13 0.576812
5 14 0.500000
6 2 0.692256
6 3 0.500000
6 4 0.696542
6 5 0.787991
6 6 0.898525
6 7 0.637794
6 8 0.743281
6 9 0.766606
6 10 0.540766
6 11 0.500000
6 12 0.500000
6 13 0.609364
6 14 0.500000
7 2 0.622933
7 3 0.500000
7 4 0.603150
7 5 0.657064
7 6 0.637794
7 7 0.794397
7 8 0.609811
7 9 0.649730
7 10 0.521713
7 11 0.500000
7 12 0.500000
7 13 0.565010
8 2 0.615458
8 3 0.500000
8 4 0.620164
8 5 0.678449
8 6 0.743281
8 7 0.609811
8 8 0.660591
8 9 0.667842
8 10 0.520833
8 11 0.500000
8 12 0.500000
8 13 0.592272
9 2 0.631778
9 3 0.500000
9 4 0.618870
9 5 0.702423
9 6 0.766606
9 7 0.649730
9 8 0.667842
9 9 0.708818
9 10 0.526336
9 11 0.500000
9 12 0.500000
9 13 0.599461
9 14 0.500000
10 1 0.548425
10 2 0.522355
10 3 0.500000
10 4 0.523875
10 5 0.542792
10 6 0.540766
10 7 0.521713
10 8 0.520833
10 9 0.526336
10 10 0.514350
10 11 0.500000
10 12 0.500000
10 13 0.518735
10 14 0.500000
11 2 0.500000
11 3 0.500000
11 4 0.500000
11 5 0.500000
11 6 0.500000
11 7 0.500000
11 8 0.500000
11 9 0.500000
11 10 0.500000
11 11 0.500000
11 12 0.500000
11 13 0.500000
12 1 0.500000
12 2 0.500000
12 3 0.500000
12 4 0.500000
12 5 0.500000
12 6 0.500000
12 7 0.500000
12 8 0.500000
12 9 0.500000
12 10 0.500000
12 11 0.500000
12 12 0.500000
12 13 0.500000
12 14 0.500000
13 2 0.560409
13 3 0.500000
13 4 0.584449
13 5 0.576812
13 6 0.609364
13 7 0.565010
13 8 0.592272
13 9 0.599461
13 10 0.518735
13 11 0.500000
13 12 0.500000
13 13 0.659134
14 2 0.500000
14 3 0.500000
14 5 0.500000
14 6 0.500000
14 9 0.500000
14 10 0.500000
14 12 0.500000
14 14 0.500000
