1 2 0.600230
1 4 0.656831
1 5 0.629966
1 6 0.629028
1 7 0.554720
1 8 0.698307
1 9 0.608669
1 11 0.500000
1 13 0.572784
1 14 0.500000
2 1 0.600230
4 1 0.656831
4 14 0.500000
5 1 0.629966
6 1 0.629028
7 1 0.554720
7 14 0.500000
8 1 0.698307
8 14 0.500000
9 1 0.608669
11 1 0.500000
11 14 0.500000
13 1 0.572784
13 14 0.500000
14 1 0.500000
14 4 0.500000
14 7 0.500000
14 8 0.500000
14 11 0.500000
14 13 0.500000
1 1 0.699602
1 3 0.500000
1 10 0.537248
1 12 0.500000
2 2 0.554042
2 3 0.500000
2 4 0.575244
2 5 0.566485
2 6 0.565130
2 7 0.521292
2 8 0.593168
2 9 0.550124
2 10 0.519764
2 11 0.500000
2 12 0.500000
2 13 0.537160
2 14 0.500000
3 1 0.500000
3 2 0.500000
3 3 0.500000
3 4 0.500000
3 5 0.500000
3 6 0.500000
3 7 0.500000
3 8 0.500000
3 9 0.500000
3 10 0.500000
3 11 0.500000
3 12 0.500000
3 13 0.500000
3 14 0.500000
4 2 0.575244
4 3 0.500000
4 4 0.661472
4 5 0.588518
4 6 0.604721
4 7 0.525657
4 8 0.681824
4 9 0.574314
4 10 0.522133
4 11 0.500000
4 12 0.500000
4 13 0.555443
5 2 0.566485
5 3 0.500000
5 4 0.588518
5 5 0.611352
5 6 0.577889
5 7 0.544182
5 8 0.623968
5 9 0.572202
5 10 0.524765
5 11 0.500000
5 12 0.500000
5 13 0.545478
5 14 0.500000
6 2 0.565130
6 3 0.500000
6 4 0.604721
6 5 0.577889
6 6 0.604693
6 7 0.543421
6 8 0.615671
6 9 0.559334
6 10 0.525393
6 11 0.500000
6 12 0.500000
6 13 0.543375
6 14 0.500000
7 2 0.521292
7 3 0.500000
7 4 0.525657
7 5 0.544182
7 6 0.543421
7 7 0.659692
7 8 0.564910
7 9 0.531079
7 10 0.512479
7 11 0.500000
7 12 0.500000
7 13 0.505781
8 2 0.593168
8 3 0.500000
8 4 0.681824
8 5 0.623968
8 6 0.615671
8 7 0.564910
8 8 0.878595
8 9 0.608711
8 10 0.538693
8 11 0.500000
8 12 0.500000
8 13 0.580422
9 2 0.550124
9 3 0.500000
9 4 0.574314
9 5 0.572202
9 6 0.559334
9 7 0.531079
9 8 0.608711
9 9 0.570129
9 10 0.522353
9 11 0.500000
9 12 0.500000
9 13 0.536949
9 14 0.500000
10 1 0.537248
10 2 0.519764
10 3 0.500000
10 4 0.522133
10 5 0.524765
10 6 0.525393
10 7 0.512479
10 8 0.538693
10 9 0.522353
10 10 0.512817
10 11 0.500000
10 12 0.500000
10 13 0.514135
10 14 0.500000
11 2 0.500000
11 3 0.500000
11 4 0.500000
11 5 0.500000
11 6 0.500000
11 7 0.500000
11 8 0.500000
11 9 0.500000
11 10 0.500000
11 11 0.500000
11 12 0.500000
11 13 0.500000
12 1 0.500000
12 2 0.500000
12 3 0.500000
12 4 0.500000
12 5 0.500000
12 6 0.500000
12 7 0.500000
12 8 0.500000
12 9 0.500000
12 10 0.500000
12 11 0.500000
12 12 0.500000
12 13 0.500000
12 14 0.500000
13 2 0.537160
13 3 0.500000
13 4 0.555443
13 5 0.545478
13 6 0.543375
13 7 0.505781
13 8 0.580422
13 9 0.536949
13 10 0.514135
13 11 0.500000
13 12 0.500000
13 13 0.529816
14 2 0.500000
14 3 0.500000
14 5 0.500000
14 6 0.500000
14 9 0.500000
14 10 0.500000
14 12 0.500000
14 14 0.500000
