1 2 0.585053
1 4 0.787415
1 5 0.821924
1 6 0.693652
1 7 0.621656
1 8 0.655359
1 9 0.735273
1 11 0.500000
1 13 0.569255
1 14 0.500000
2 1 0.585053
4 1 0.787415
4 14 0.500000
5 1 0.821924
6 1 0.693652
7 1 0.621656
7 14 0.500000
8 1 0.655359
8 14 0.500000
9 1 0.735273
11 1 0.500000
11 14 0.500000
13 1 0.569255
13 14 0.500000
14 1 0.500000
14 4 0.500000
14 7 0.500000
14 8 0.500000
14 11 0.500000
14 13 0.500000
1 1 0.840236
1 3 0.500000
1 10 0.518418
1 12 0.500000
2 2 0.582669
2 3 0.500000
2 4 0.564889
2 5 0.610641
2 6 0.537763
2 7 0.520205
2 8 0.519689
2 9 0.566980
2 10 0.506683
2 11 0.500000
2 12 0.500000
2 13 0.535177
2 14 0.500000
3 1 0.500000
3 2 0.500000
3 3 0.500000
3 4 0.500000
3 5 0.500000
3 6 0.500000
3 7 0.500000
3 8 0.500000
3 9 0.500000
3 10 0.500000
3 11 0.500000
3 12 0.500000
3 13 0.500000
3 14 0.500000
4 2 0.564889
4 3 0.500000
4 4 0.756346
4 5 0.763142
4 6 0.660182
4 7 0.598687
4 8 0.625389
4 9 0.684859
4 10 0.507608
4 11 0.500000
4 12 0.500000
4 13 0.543792
5 2 0.610641
5 3 0.500000
5 4 0.763142
5 5 0.963357
5 6 0.714306
5 7 0.653147
5 8 0.657465
5 9 0.772754
5 10 0.562044
5 11 0.500000
5 12 0.500000
5 13 0.540365
5 14 0.500000
6 2 0.537763
6 3 0.500000
6 4 0.660182
6 5 0.714306
6 6 0.630214
6 7 0.572516
6 8 0.590898
6 9 0.637028
6 10 0.506447
6 11 0.500000
6 12 0.500000
6 13 0.507876
6 14 0.500000
7 2 0.520205
7 3 0.500000
7 4 0.598687
7 5 0.653147
7 6 0.572516
7 7 0.547397
7 8 0.555389
7 9 0.584443
7 10 0.509561
7 11 0.500000
7 12 0.500000
7 13 0.515862
8 2 0.519689
8 3 0.500000
8 4 0.625389
8 5 0.657465
8 6 0.590898
8 7 0.555389
8 8 0.577199
8 9 0.606675
8 10 0.505868
8 11 0.500000
8 12 0.500000
8 13 0.524168
9 2 0.566980
9 3 0.500000
9 4 0.684859
9 5 0.772754
9 6 0.637028
9 7 0.584443
9 8 0.606675
9 9 0.680612
9 10 0.521547
9 11 0.500000
9 12 0.500000
9 13 0.558784
9 14 0.500000
10 1 0.518418
10 2 0.506683
10 3 0.500000
10 4 0.507608
10 5 0.562044
10 6 0.506447
10 7 0.509561
10 8 0.505868
10 9 0.521547
10 10 0.512098
10 11 0.500000
10 12 0.500000
10 13 0.518411
10 14 0.500000
11 2 0.500000
11 3 0.500000
11 4 0.500000
11 5 0.500000
11 6 0.500000
11 7 0.500000
11 8 0.500000
11 9 0.500000
11 10 0.500000
11 11 0.500000
11 12 0.500000
11 13 0.500000
12 1 0.500000
12 2 0.500000
12 3 0.500000
12 4 0.500000
12 5 0.500000
12 6 0.500000
12 7 0.500000
12 8 0.500000
12 9 0.500000
12 10 0.500000
12 11 0.500000
12 12 0.500000
12 13 0.500000
12 14 0.500000
13 2 0.535177
13 3 0.500000
13 4 0.543792
13 5 0.540365
13 6 0.507876
13 7 0.515862
13 8 0.524168
13 9 0.558784
13 10 0.518411
13 11 0.500000
13 12 0.500000
13 13 0.610505
14 2 0.500000
14 3 0.500000
14 5 0.500000
14 6 0.500000
14 9 0.500000
14 10 0.500000
14 12 0.500000
14 14 0.500000
