1 2 0.534181
1 4 0.604984
1 5 0.553618
1 6 0.615040
1 7 0.605701
1 8 0.557311
1 9 0.625056
1 11 0.571510
1 13 0.576844
1 14 0.500000
2 1 0.534181
4 1 0.604984
4 14 0.500000
5 1 0.553618
6 1 0.615040
7 1 0.605701
7 14 0.500000
8 1 0.557311
8 14 0.500000
9 1 0.625056
11 1 0.571510
11 14 0.500000
13 1 0.576844
13 14 0.500000
14 1 0.500000
14 4 0.500000
14 7 0.500000
14 8 0.500000
14 11 0.500000
14 13 0.500000
1 1 0.673501
1 3 0.500000
1 10 0.515232
1 12 0.500000
2 2 0.523340
2 3 0.500000
2 4 0.527093
2 5 0.501568
2 6 0.535686
2 7 0.510725
2 8 0.514621
2 9 0.527541
2 10 0.504667
2 11 0.511288
2 12 0.500000
2 13 0.513242
2 14 0.500000
3 1 0.500000
3 2 0.500000
3 3 0.500000
3 4 0.500000
3 5 0.500000
3 6 0.500000
3 7 0.500000
3 8 0.500000
3 9 0.500000
3 10 0.500000
3 11 0.500000
3 12 0.500000
3 13 0.500000
3 14 0.500000
4 2 0.527093
4 3 0.500000
4 4 0.588751
4 5 0.528039
4 6 0.575384
4 7 0.551570
4 8 0.545046
4 9 0.578898
4 10 0.512110
4 11 0.539810
4 12 0.500000
4 13 0.540091
5 2 0.501568
5 3 0.500000
5 4 0.528039
5 5 0.555993
5 6 0.521953
5 7 0.554880
5 8 0.521663
5 9 0.538404
5 10 0.500775
5 11 0.521566
5 12 0.500000
5 13 0.519892
5 14 0.500000
6 2 0.535686
6 3 0.500000
6 4 0.575384
6 5 0.521953
6 6 0.613199
6 7 0.571135
6 8 0.539432
6 9 0.576331
6 10 0.516291
6 11 0.543545
6 12 0.500000
6 13 0.548057
6 14 0.500000
7 2 0.510725
7 3 0.500000
7 4 0.551570
7 5 0.554880
7 6 0.571135
7 7 0.660507
7 8 0.528803
7 9 0.564907
7 10 0.520155
7 11 0.541308
7 12 0.500000
7 13 0.540311
8 2 0.514621
8 3 0.500000
8 4 0.545046
8 5 0.521663
8 6 0.539432
8 7 0.528803
8 8 0.528293
8 9 0.543313
8 10 0.504742
8 11 0.521907
8 12 0.500000
8 13 0.523340
9 2 0.527541
9 3 0.500000
9 4 0.578898
9 5 0.538404
9 6 0.576331
9 7 0.564907
9 8 0.543313
9 9 0.602804
9 10 0.508369
9 11 0.555464
9 12 0.500000
9 13 0.559063
9 14 0.500000
10 1 0.515232
10 2 0.504667
10 3 0.500000
10 4 0.512110
10 5 0.500775
10 6 0.516291
10 7 0.520155
10 8 0.504742
10 9 0.508369
10 10 0.505436
10 11 0.504996
10 12 0.500000
10 13 0.504986
10 14 0.500000
11 2 0.511288
11 3 0.500000
11 4 0.539810
11 5 0.521566
11 6 0.543545
11 7 0.541308
11 8 0.521907
11 9 0.555464
11 10 0.504996
11 11 0.532237
11 12 0.500000
11 13 0.534652
12 1 0.500000
12 2 0.500000
12 3 0.500000
12 4 0.500000
12 5 0.500000
12 6 0.500000
12 7 0.500000
12 8 0.500000
12 9 0.500000
12 10 0.500000
12 11 0.500000
12 12 0.500000
12 13 0.500000
12 14 0.500000
13 2 0.513242
13 3 0.500000
13 4 0.540091
13 5 0.519892
13 6 0.548057
13 7 0.540311
13 8 0.523340
13 9 0.559063
13 10 0.504986
13 11 0.534652
13 12 0.500000
13 13 0.539016
14 2 0.500000
14 3 0.500000
14 5 0.500000
14 6 0.500000
14 9 0.500000
14 10 0.500000
14 12 0.500000
14 14 0.500000
