1.754819
2.574433
2.228336
2.764157
2.165865
2.921106
2.054686
1.915623
1.241001
2.589087
1.516358
2.955243
2.370968
2.613481
1.443605
0.866553
1.784928
2.046772
3.017615
1.197307
1.890112
2.617807
1.868299
1.857812
1.001775
1.987880
1.378417
2.119104
3.694316
1.056603
1.722251
0.799037
1.950705
3.810351
2.396578
2.311978
0.930126
2.084107
2.121564
1.616975
1.987753
2.693684
1.623626
1.877446
2.571114
1.436810
2.767201
2.674604
1.431357
2.360759
1.588089
2.492118
1.590038
1.343531
1.346216
1.667069
3.529059
1.461315
1.871170
2.571212
2.088882
3.126010
1.229123
1.905077
1.049850
1.777837
1.628989
2.739470
1.591735
1.802093
2.114620
1.232200
1.792353
1.179175
1.169122
1.170682
1.068884
0.945253
1.215114
1.463098
1.397981
1.747386
2.211981
1.170723
1.953890
3.721706
2.376249
2.128067
4.728593
1.128346
1.476727
1.999239
2.623583
1.575351
2.364242
1.128307
3.207730
2.069961
1.945110
3.276743
1.670497
2.263393
1.977983
2.532964
4.150313
1.686519
1.512390
1.718829
1.496254
0.890486
1.653560
2.744009
1.324578
2.000791
1.659444
1.739325
2.990282
1.715839
2.331085
1.750425
2.272636
1.301425
3.129742
1.223011
1.139879
1.981633
2.196861
1.462144
2.815840
0.944406
2.334620
1.801131
2.367748
2.329895
2.042766
2.914757
2.074453
1.813338
1.809954
2.049167
1.183320
2.024078
