1.467960
2.232113
2.041588
2.019700
1.105908
2.853549
2.357742
1.613059
1.392709
3.492258
2.352885
3.460689
1.884715
1.602844
2.538050
1.579547
1.508422
2.697503
2.016198
1.405459
1.394143
3.015611
2.335839
1.841431
1.693279
1.870059
1.953455
1.639581
1.442115
2.903594
1.547812
1.371387
2.211916
2.544746
0.839343
1.712629
2.617483
2.427058
2.239704
2.079188
2.024100
1.196280
3.676329
1.207661
2.280035
1.825310
3.150494
1.403469
3.395682
1.783904
2.112745
1.262993
1.544818
1.965915
2.781025
1.565323
1.690183
1.430439
3.495951
2.205677
1.920261
2.595081
1.723017
1.710734
1.198599
1.670071
2.177657
1.796303
5.056169
2.274696
2.297559
1.366763
1.988511
1.668813
2.258381
4.273674
1.418817
1.986057
1.230524
5.477196
2.505112
2.419770
2.503746
1.561373
1.580677
2.433383
1.440633
2.108918
2.388009
2.327404
1.835906
2.207652
4.654367
2.344007
1.525159
1.390354
1.295715
1.052246
2.891916
2.747971
3.536833
1.345078
1.772927
2.595751
1.957803
2.112201
1.456579
2.334768
1.766483
1.921436
2.727631
3.279046
1.827644
2.657141
2.455975
1.469462
1.161462
1.296782
1.118570
2.307375
1.706889
2.452515
2.247305
1.944414
1.415830
1.725441
2.275015
1.850155
2.522233
2.061448
1.770629
1.727862
1.069539
2.132238
1.085637
2.049999
1.609161
1.428088
3.561873
2.106536
1.311510
1.951992
1.489067
2.348849
2.664836
1.404150
2.604545
2.886658
1.411535
1.789836
1.641754
2.147225
1.837157
2.181664
1.203792
2.236156
2.806435
2.642872
1.995861
1.649546
1.800852
1.493414
2.272351
2.031948
1.956125
1.780640
1.374034
2.129339
1.803101
2.301166
1.359570
2.139474
1.596663
2.545578
1.937811
1.948409
1.310961
1.533142
2.383273
2.667535
1.720535
1.572295
2.283134
2.980628
1.620937
1.694284
1.732127
1.709738
2.824378
2.278938
1.034344
2.410446
1.873283
1.965647
1.296061
3.215168
3.277188
1.692348
2.942966
1.396541
1.346594
1.283206
1.238997
2.124481
1.299348
1.525425
1.496628
2.012193
1.660647
1.184198
1.754969
1.995408
2.147406
1.418342
2.212986
1.455896
2.107712
