1.927015
2.002427
1.909030
2.860616
2.271825
3.340106
3.553066
1.344580
2.394092
3.797937
1.743581
2.152551
2.488461
1.861753
1.755657
3.738108
3.670728
1.667475
2.384504
2.975264
2.427388
4.249942
3.489598
2.171244
2.097068
3.025989
3.945002
2.397322
2.774992
2.547099
2.584551
2.638270
2.703543
2.107738
2.237629
2.714568
2.261715
2.511049
2.312721
1.667300
2.839927
3.936235
2.738959
2.506788
2.615589
2.454130
2.216024
1.163595
2.287718
2.698869
2.065450
1.798502
4.738600
2.506991
2.796318
3.353904
2.604122
1.728041
3.707899
2.457521
2.169841
1.377077
2.279303
2.344854
2.147521
1.680619
1.116908
1.984735
4.636755
2.431863
3.300663
1.934059
2.335119
2.049284
2.261138
2.274660
2.777671
2.760730
1.651016
2.363590
2.290973
1.226747
3.631868
1.827445
2.995145
1.702776
3.470529
2.627881
1.936865
2.056735
1.859031
1.536067
2.796773
1.762871
1.929296
1.904742
1.663885
4.815940
2.806063
3.832919
1.671438
2.324358
1.198872
1.878496
1.663707
2.895356
2.099789
1.924242
2.695446
2.154672
1.262750
3.292288
2.357967
3.212861
2.465883
1.710982
5.930696
3.560938
3.619519
2.809607
1.917134
1.987295
1.500856
2.571005
1.788725
3.196036
1.917854
3.069518
1.914503
2.498167
1.608350
1.833169
1.383566
4.633653
1.842222
1.986602
1.733900
3.035768
2.827073
2.631881
1.962923
4.258836
2.555913
2.324363
1.157735
3.432315
1.642609
2.204636
3.118356
3.587903
2.446098
4.642929
1.743736
1.148916
2.235016
2.330297
1.580526
2.376172
1.865074
2.444705
1.946692
3.127239
1.971051
1.132101
2.223585
2.777495
1.862303
2.281603
1.534369
1.368757
2.550857
1.582738
2.807022
1.840353
2.057606
2.463450
1.191524
1.327131
2.350552
2.572843
2.676858
1.947152
5.248003
1.569500
1.881100
1.492250
