2.100220
1.859791
3.164094
1.809993
5.734584
3.489597
2.103057
4.754446
2.777751
2.562010
1.980903
1.502717
3.253416
2.009381
10.852757
7.904335
2.694050
2.222508
5.953219
2.147460
3.405651
3.063360
4.202227
4.517916
2.587072
2.450733
6.466927
5.269408
1.945008
3.578357
2.414822
3.549325
4.455812
1.725423
2.870363
9.291367
1.747890
1.395801
3.280824
5.197459
3.745383
2.907374
3.207323
3.044061
3.909044
5.423491
3.275815
1.932314
2.118708
2.501390
2.216158
3.134130
2.166795
9.604019
4.191932
2.375661
5.299495
3.859143
3.161273
2.109708
4.608396
3.345377
3.598618
6.215847
1.537525
2.605409
6.603196
4.018758
3.003619
3.567043
2.195108
6.532798
2.268776
3.038472
5.112244
3.842983
2.417924
4.407064
5.020729
5.765513
2.759999
3.001175
1.757120
4.696231
3.472206
3.183815
1.954273
1.385334
1.490771
1.763576
2.096074
4.419152
3.489494
3.039272
2.763845
1.453490
2.293390
2.678980
9.160379
3.844219
1.517579
8.902252
1.865694
3.092636
6.069169
2.346151
1.707798
2.656514
2.979757
1.674375
3.828439
1.937911
1.271827
2.197779
3.007620
4.489497
2.769669
2.113312
2.712141
3.553099
3.283159
1.791689
3.757216
2.573792
2.625837
7.882330
1.944204
2.828806
2.416971
3.286377
3.323864
2.001447
1.319295
3.138443
5.797195
1.230376
3.810394
2.119477
1.669022
2.257064
2.192375
1.192086
1.335427
2.861758
4.383025
3.126543
1.640731
1.335442
1.790888
1.630916
2.062637
2.522624
2.559318
2.033425
2.179918
1.685601
1.769919
5.238058
1.874900
2.063483
1.716420
1.480079
2.842763
1.567155
4.321835
2.742355
3.774797
2.940341
2.389998
1.390553
2.224400
2.391303
2.970062
2.960653
4.947505
3.370990
1.417283
3.968946
3.014315
2.343721
2.394784
2.577431
1.706969
2.751581
1.525042
1.087361
1.125836
3.704188
1.483361
4.547178
1.502772
2.894069
7.165964
2.714481
2.899716
2.136433
1.734469
3.363577
5.698808
3.164191
2.992374
3.581118
1.325708
1.511396
4.810636
2.709050
1.143662
1.561013
2.762770
1.926033
2.682737
1.690736
3.420696
4.929087
2.352322
3.815096
2.077586
3.004672
2.430397
1.451090
1.854208
2.728844
2.910206
1.678103
3.096607
2.035510
1.899438
2.003801
2.692587
2.332636
2.128747
2.666717
1.900724
1.111798
1.219607
2.438148
2.561867
1.604218
1.694769
1.098971
3.280874
2.607751
1.625067
1.390446
1.898479
1.101936
1.524912
1.217604
2.678277
4.202061
2.510571
1.321556
1.902910
2.547675
1.819196
2.906546
1.381751
1.749549
2.364852
2.174981
1.516146
1.346885
1.996391
2.197679
1.552250
2.811608
1.955026
3.000507
2.001047
1.299222
3.026285
0.925005
1.562798
1.358289
1.912953
2.957069
1.335466
2.202959
1.940324
2.076817
2.541845
1.371949
2.066334
2.569900
4.384350
1.608209
2.489165
4.259172
1.333476
2.698994
2.856008
2.964252
2.720890
1.394372
1.525970
2.786665
1.862064
3.278254
2.655245
3.171822
2.445230
4.385219
2.184589
3.253360
2.737511
3.359925
1.891490
2.114893
2.726019
3.281139
1.249228
2.801253
1.023513
1.699080
2.527495
2.981627
1.564443
3.046511
0.995094
2.301135
2.008096
1.423744
3.282881
4.161006
1.681348
2.785480
3.256196
2.758646
1.460483
3.353573
1.269864
1.450096
1.541253
2.401224
1.159477
2.939450
2.086183
2.318307
1.543115
