1.601983
1.992111
1.735838
2.253018
1.652502
1.961410
1.228381
1.857449
1.421129
1.781220
2.790615
1.472037
2.601158
2.112723
2.199211
2.362342
1.574320
1.102987
2.724003
1.545884
1.367324
1.976384
1.348974
2.712998
2.011705
1.619224
1.859193
1.282846
1.494674
3.362571
1.456536
1.930969
1.759860
2.875685
1.968947
2.749959
2.391925
3.385118
1.693314
1.748734
2.503983
1.088034
3.467763
1.752334
1.453313
2.137757
1.153182
1.879581
1.926430
2.234992
1.641110
1.788571
1.091245
1.507981
2.136731
1.785113
2.135098
2.047176
1.276844
1.398182
2.259740
3.382083
1.796608
1.589591
2.213623
1.321076
2.554298
1.530260
1.237004
2.084888
1.824854
0.899927
2.462835
1.246598
1.241739
2.132701
1.535802
1.977975
1.970162
1.639378
1.806421
1.309147
0.979601
1.878963
1.907645
3.598775
1.649862
2.336872
1.585957
1.689123
2.374071
1.704308
1.890277
1.195750
0.858391
2.785025
1.285409
1.788173
1.547485
1.684422
2.559966
1.397341
1.922990
4.435997
2.426861
1.025125
1.790507
1.990702
1.424614
1.554756
0.863443
1.873376
2.466330
2.236647
1.256564
2.387936
1.563604
2.293917
2.209697
2.914062
1.249831
3.595808
2.086132
2.874585
2.651274
1.420372
2.617150
1.098892
0.976640
2.027796
2.743069
1.725844
1.964558
1.973144
1.886863
1.490626
1.227502
2.140041
1.620744
2.155707
3.496911
1.403920
2.491208
1.909671
0.992432
2.798554
1.497209
2.655022
1.733889
1.210901
4.418859
1.345109
2.003339
2.264206
1.453896
1.838569
