1 2 0.714760
1 4 0.794201
1 5 0.725876
1 6 0.679500
1 7 0.909180
1 8 0.736972
1 9 0.802901
1 11 0.682927
1 13 0.642538
1 14 0.500000
2 1 0.714760
4 1 0.794201
4 14 0.500000
5 1 0.725876
6 1 0.679500
7 1 0.909180
7 14 0.500000
8 1 0.736972
8 14 0.500000
9 1 0.802901
11 1 0.682927
11 14 0.500000
13 1 0.642538
13 14 0.500000
14 1 0.500000
14 4 0.500000
14 7 0.500000
14 8 0.500000
14 11 0.500000
14 13 0.500000
1 1 0.872972
1 3 0.500000
1 10 0.579446
1 12 0.500000
2 2 0.613036
2 3 0.500000
2 4 0.653236
2 5 0.607173
2 6 0.590243
2 7 0.749885
2 8 0.618215
2 9 0.647224
2 10 0.537315
2 11 0.591708
2 12 0.500000
2 13 0.576396
2 14 0.500000
3 1 0.500000
3 2 0.500000
3 3 0.500000
3 4 0.500000
3 5 0.500000
3 6 0.500000
3 7 0.500000
3 8 0.500000
3 9 0.500000
3 10 0.500000
3 11 0.500000
3 12 0.500000
3 13 0.500000
3 14 0.500000
4 2 0.653236
4 3 0.500000
4 4 0.753127
4 5 0.664449
4 6 0.617305
4 7 0.798748
4 8 0.675765
4 9 0.739458
4 10 0.560595
4 11 0.629628
4 12 0.500000
4 13 0.620252
5 2 0.607173
5 3 0.500000
5 4 0.664449
5 5 0.669821
5 6 0.585389
5 7 0.732993
5 8 0.605889
5 9 0.702159
5 10 0.540906
5 11 0.590471
5 12 0.500000
5 13 0.564446
5 14 0.500000
6 2 0.590243
6 3 0.500000
6 4 0.617305
6 5 0.585389
6 6 0.593023
6 7 0.720522
6 8 0.604699
6 9 0.620586
6 10 0.526504
6 11 0.575694
6 12 0.500000
6 13 0.557862
6 14 0.500000
7 2 0.749885
7 3 0.500000
7 4 0.798748
7 5 0.732993
7 6 0.720522
7 7 0.989782
7 8 0.791682
7 9 0.830374
7 10 0.600570
7 11 0.720343
7 12 0.500000
7 13 0.651400
8 2 0.618215
8 3 0.500000
8 4 0.675765
8 5 0.605889
8 6 0.604699
8 7 0.791682
8 8 0.654624
8 9 0.674602
8 10 0.542977
8 11 0.604346
8 12 0.500000
8 13 0.573650
9 2 0.647224
9 3 0.500000
9 4 0.739458
9 5 0.702159
9 6 0.620586
9 7 0.830374
9 8 0.674602
9 9 0.866901
9 10 0.561843
9 11 0.629254
9 12 0.500000
9 13 0.630956
9 14 0.500000
10 1 0.579446
10 2 0.537315
10 3 0.500000
10 4 0.560595
10 5 0.540906
10 6 0.526504
10 7 0.600570
10 8 0.542977
10 9 0.561843
10 10 0.515792
10 11 0.531509
10 12 0.500000
10 13 0.525332
10 14 0.500000
11 2 0.591708
11 3 0.500000
11 4 0.629628
11 5 0.590471
11 6 0.575694
11 7 0.720343
11 8 0.604346
11 9 0.629254
11 10 0.531509
11 11 0.577260
11 12 0.500000
11 13 0.558842
12 1 0.500000
12 2 0.500000
12 3 0.500000
12 4 0.500000
12 5 0.500000
12 6 0.500000
12 7 0.500000
12 8 0.500000
12 9 0.500000
12 10 0.500000
12 11 0.500000
12 12 0.500000
12 13 0.500000
12 14 0.500000
13 2 0.576396
13 3 0.500000
13 4 0.620252
13 5 0.564446
13 6 0.557862
13 7 0.651400
13 8 0.573650
13 9 0.630956
13 10 0.525332
13 11 0.558842
13 12 0.500000
13 13 0.600821
14 2 0.500000
14 3 0.500000
14 5 0.500000
14 6 0.500000
14 9 0.500000
14 10 0.500000
14 12 0.500000
14 14 0.500000
