1 2 0.537935
1 4 0.718546
1 5 0.582189
1 6 0.729529
1 7 0.654977
1 8 0.679461
1 9 0.700221
1 11 0.629267
1 13 0.597291
1 14 0.500000
2 1 0.537935
4 1 0.718546
4 14 0.500000
5 1 0.582189
6 1 0.729529
7 1 0.654977
7 14 0.500000
8 1 0.679461
8 14 0.500000
9 1 0.700221
11 1 0.629267
11 14 0.500000
13 1 0.597291
13 14 0.500000
14 1 0.500000
14 4 0.500000
14 7 0.500000
14 8 0.500000
14 11 0.500000
14 13 0.500000
1 1 0.787584
1 3 0.500000
1 10 0.508755
1 12 0.500000
2 2 0.541017
2 3 0.500000
2 4 0.523568
2 5 0.484728
2 6 0.510903
2 7 0.512142
2 8 0.530156
2 9 0.524915
2 10 0.510956
2 11 0.510698
2 12 0.500000
2 13 0.547842
2 14 0.500000
3 1 0.500000
3 2 0.500000
3 3 0.500000
3 4 0.500000
3 5 0.500000
3 6 0.500000
3 7 0.500000
3 8 0.500000
3 9 0.500000
3 10 0.500000
3 11 0.500000
3 12 0.500000
3 13 0.500000
3 14 0.500000
4 2 0.523568
4 3 0.500000
4 4 0.752914
4 5 0.505207
4 6 0.686434
4 7 0.610443
4 8 0.606133
4 9 0.622533
4 10 0.513191
4 11 0.592412
4 12 0.500000
4 13 0.564515
5 2 0.484728
5 3 0.500000
5 4 0.505207
5 5 0.831414
5 6 0.590655
5 7 0.571848
5 8 0.542718
5 9 0.560191
5 10 0.521619
5 11 0.526857
5 12 0.500000
5 13 0.543553
5 14 0.500000
6 2 0.510903
6 3 0.500000
6 4 0.686434
6 5 0.590655
6 6 0.993187
6 7 0.645376
6 8 0.620794
6 9 0.640709
6 10 0.534672
6 11 0.611727
6 12 0.500000
6 13 0.532745
6 14 0.500000
7 2 0.512142
7 3 0.500000
7 4 0.610443
7 5 0.571848
7 6 0.645376
7 7 0.598056
7 8 0.588315
7 9 0.606716
7 10 0.505584
7 11 0.564590
7 12 0.500000
7 13 0.556385
8 2 0.530156
8 3 0.500000
8 4 0.606133
8 5 0.542718
8 6 0.620794
8 7 0.588315
8 8 0.635160
8 9 0.633371
8 10 0.507685
8 11 0.577008
8 12 0.500000
8 13 0.557344
9 2 0.524915
9 3 0.500000
9 4 0.622533
9 5 0.560191
9 6 0.640709
9 7 0.606716
9 8 0.633371
9 9 0.652266
9 10 0.502527
9 11 0.587369
9 12 0.500000
9 13 0.570724
9 14 0.500000
10 1 0.508755
10 2 0.510956
10 3 0.500000
10 4 0.513191
10 5 0.521619
10 6 0.534672
10 7 0.505584
10 8 0.507685
10 9 0.502527
10 10 0.514591
10 11 0.501814
10 12 0.500000
10 13 0.519384
10 14 0.500000
11 2 0.510698
11 3 0.500000
11 4 0.592412
11 5 0.526857
11 6 0.611727
11 7 0.564590
11 8 0.577008
11 9 0.587369
11 10 0.501814
11 11 0.555543
11 12 0.500000
11 13 0.536677
12 1 0.500000
12 2 0.500000
12 3 0.500000
12 4 0.500000
12 5 0.500000
12 6 0.500000
12 7 0.500000
12 8 0.500000
12 9 0.500000
12 10 0.500000
12 11 0.500000
12 12 0.500000
12 13 0.500000
12 14 0.500000
13 2 0.547842
13 3 0.500000
13 4 0.564515
13 5 0.543553
13 6 0.532745
13 7 0.556385
13 8 0.557344
13 9 0.570724
13 10 0.519384
13 11 0.536677
13 12 0.500000
13 13 0.636513
14 2 0.500000
14 3 0.500000
14 5 0.500000
14 6 0.500000
14 9 0.500000
14 10 0.500000
14 12 0.500000
14 14 0.500000
