1 2 0.612695
1 4 0.617377
1 5 0.692595
1 6 0.670693
1 7 0.579537
1 8 0.656432
1 9 0.627017
1 11 0.604061
1 13 0.603552
1 14 0.500000
2 1 0.612695
4 1 0.617377
4 14 0.500000
5 1 0.692595
6 1 0.670693
7 1 0.579537
7 14 0.500000
8 1 0.656432
8 14 0.500000
9 1 0.627017
11 1 0.604061
11 14 0.500000
13 1 0.603552
13 14 0.500000
14 1 0.500000
14 4 0.500000
14 7 0.500000
14 8 0.500000
14 11 0.500000
14 13 0.500000
1 1 0.775349
1 3 0.500000
1 10 0.532415
1 12 0.500000
2 2 0.596190
2 3 0.500000
2 4 0.559917
2 5 0.575870
2 6 0.554137
2 7 0.494309
2 8 0.586288
2 9 0.537299
2 10 0.521164
2 11 0.540729
2 12 0.500000
2 13 0.530065
2 14 0.500000
3 1 0.500000
3 2 0.500000
3 3 0.500000
3 4 0.500000
3 5 0.500000
3 6 0.500000
3 7 0.500000
3 8 0.500000
3 9 0.500000
3 10 0.500000
3 11 0.500000
3 12 0.500000
3 13 0.500000
3 14 0.500000
4 2 0.559917
4 3 0.500000
4 4 0.576542
4 5 0.557834
4 6 0.561661
4 7 0.529319
4 8 0.551289
4 9 0.568477
4 10 0.513754
4 11 0.546384
4 12 0.500000
4 13 0.539608
5 2 0.575870
5 3 0.500000
5 4 0.557834
5 5 0.659828
5 6 0.620751
5 7 0.542550
5 8 0.653880
5 9 0.565518
5 10 0.521132
5 11 0.563869
5 12 0.500000
5 13 0.564494
5 14 0.500000
6 2 0.554137
6 3 0.500000
6 4 0.561661
6 5 0.620751
6 6 0.640919
6 7 0.555757
6 8 0.547398
6 9 0.553304
6 10 0.519123
6 11 0.565075
6 12 0.500000
6 13 0.574540
6 14 0.500000
7 2 0.494309
7 3 0.500000
7 4 0.529319
7 5 0.542550
7 6 0.555757
7 7 0.551811
7 8 0.520767
7 9 0.545003
7 10 0.500100
7 11 0.527883
7 12 0.500000
7 13 0.534851
8 2 0.586288
8 3 0.500000
8 4 0.551289
8 5 0.653880
8 6 0.547398
8 7 0.520767
8 8 0.957331
8 9 0.500686
8 10 0.538119
8 11 0.529515
8 12 0.500000
8 13 0.537343
9 2 0.537299
9 3 0.500000
9 4 0.568477
9 5 0.565518
9 6 0.553304
9 7 0.545003
9 8 0.500686
9 9 0.607777
9 10 0.507410
9 11 0.550884
9 12 0.500000
9 13 0.539888
9 14 0.500000
10 1 0.532415
10 2 0.521164
10 3 0.500000
10 4 0.513754
10 5 0.521132
10 6 0.519123
10 7 0.500100
10 8 0.538119
10 9 0.507410
10 10 0.510542
10 11 0.512028
10 12 0.500000
10 13 0.511655
10 14 0.500000
11 2 0.540729
11 3 0.500000
11 4 0.546384
11 5 0.563869
11 6 0.565075
11 7 0.527883
11 8 0.529515
11 9 0.550884
11 10 0.512028
11 11 0.540477
11 12 0.500000
11 13 0.539303
12 1 0.500000
12 2 0.500000
12 3 0.500000
12 4 0.500000
12 5 0.500000
12 6 0.500000
12 7 0.500000
12 8 0.500000
12 9 0.500000
12 10 0.500000
12 11 0.500000
12 12 0.500000
12 13 0.500000
12 14 0.500000
13 2 0.530065
13 3 0.500000
13 4 0.539608
13 5 0.564494
13 6 0.574540
13 7 0.534851
13 8 0.537343
13 9 0.539888
13 10 0.511655
13 11 0.539303
13 12 0.500000
13 13 0.545375
14 2 0.500000
14 3 0.500000
14 5 0.500000
14 6 0.500000
14 9 0.500000
14 10 0.500000
14 12 0.500000
14 14 0.500000
