1 2 0.603415
1 4 0.751189
1 5 0.787580
1 6 0.894922
1 7 0.746945
1 8 0.697921
1 9 0.723131
1 11 0.500000
1 13 0.686307
1 14 0.500000
2 1 0.603415
4 1 0.751189
4 14 0.500000
5 1 0.787580
6 1 0.894922
7 1 0.746945
7 14 0.500000
8 1 0.697921
8 14 0.500000
9 1 0.723131
11 1 0.500000
11 14 0.500000
13 1 0.686307
13 14 0.500000
14 1 0.500000
14 4 0.500000
14 7 0.500000
14 8 0.500000
14 11 0.500000
14 13 0.500000
1 1 0.861446
1 3 0.500000
1 10 0.512648
1 12 0.500000
2 2 0.554591
2 3 0.500000
2 4 0.587654
2 5 0.579053
2 6 0.616963
2 7 0.569556
2 8 0.555608
2 9 0.562235
2 10 0.506098
2 11 0.500000
2 12 0.500000
2 13 0.553713
2 14 0.500000
3 1 0.500000
3 2 0.500000
3 3 0.500000
3 4 0.500000
3 5 0.500000
3 6 0.500000
3 7 0.500000
3 8 0.500000
3 9 0.500000
3 10 0.500000
3 11 0.500000
3 12 0.500000
3 13 0.500000
3 14 0.500000
4 2 0.587654
4 3 0.500000
4 4 0.774379
4 5 0.708607
4 6 0.863807
4 7 0.661125
4 8 0.622944
4 9 0.674364
4 10 0.501436
4 11 0.500000
4 12 0.500000
4 13 0.637477
5 2 0.579053
5 3 0.500000
5 4 0.708607
5 5 0.737178
5 6 0.840646
5 7 0.689985
5 8 0.630863
5 9 0.676068
5 10 0.502369
5 11 0.500000
5 12 0.500000
5 13 0.640291
5 14 0.500000
6 2 0.616963
6 3 0.500000
6 4 0.863807
6 5 0.840646
6 6 0.994352
6 7 0.770988
6 8 0.730262
6 9 0.776472
6 10 0.508979
6 11 0.500000
6 12 0.500000
6 13 0.725393
6 14 0.500000
7 2 0.569556
7 3 0.500000
7 4 0.661125
7 5 0.689985
7 6 0.770988
7 7 0.677187
7 8 0.616166
7 9 0.643297
7 10 0.506218
7 11 0.500000
7 12 0.500000
7 13 0.619877
8 2 0.555608
8 3 0.500000
8 4 0.622944
8 5 0.630863
8 6 0.730262
8 7 0.616166
8 8 0.617255
8 9 0.603303
8 10 0.514145
8 11 0.500000
8 12 0.500000
8 13 0.590744
9 2 0.562235
9 3 0.500000
9 4 0.674364
9 5 0.676068
9 6 0.776472
9 7 0.643297
9 8 0.603303
9 9 0.645282
9 10 0.506102
9 11 0.500000
9 12 0.500000
9 13 0.608827
9 14 0.500000
10 1 0.512648
10 2 0.506098
10 3 0.500000
10 4 0.501436
10 5 0.502369
10 6 0.508979
10 7 0.506218
10 8 0.514145
10 9 0.506102
10 10 0.512028
10 11 0.500000
10 12 0.500000
10 13 0.507193
10 14 0.500000
11 2 0.500000
11 3 0.500000
11 4 0.500000
11 5 0.500000
11 6 0.500000
11 7 0.500000
11 8 0.500000
11 9 0.500000
11 10 0.500000
11 11 0.500000
11 12 0.500000
11 13 0.500000
12 1 0.500000
12 2 0.500000
12 3 0.500000
12 4 0.500000
12 5 0.500000
12 6 0.500000
12 7 0.500000
12 8 0.500000
12 9 0.500000
12 10 0.500000
12 11 0.500000
12 12 0.500000
12 13 0.500000
12 14 0.500000
13 2 0.553713
13 3 0.500000
13 4 0.637477
13 5 0.640291
13 6 0.725393
13 7 0.619877
13 8 0.590744
13 9 0.608827
13 10 0.507193
13 11 0.500000
13 12 0.500000
13 13 0.593063
14 2 0.500000
14 3 0.500000
14 5 0.500000
14 6 0.500000
14 9 0.500000
14 10 0.500000
14 12 0.500000
14 14 0.500000
