1.285182
2.318099
1.367888
1.429400
2.191525
2.538868
1.928504
1.401655
2.548247
1.815911
2.144353
1.445141
2.396327
2.105125
1.139111
1.483517
3.498871
1.477717
1.880164
3.353036
1.582923
4.535516
2.447706
1.748562
2.996828
1.962777
2.385636
2.211762
1.727549
2.470916
2.485790
2.430935
2.044883
2.774237
0.990115
1.920820
1.689054
2.255074
2.478079
1.171685
2.108496
2.218006
1.092287
1.473938
1.283032
2.741188
1.822678
3.180323
1.999344
1.498568
1.777355
2.689731
1.412515
1.402926
2.160045
2.510829
2.632097
1.118429
2.213070
2.944008
1.743976
2.233295
2.995410
1.120922
3.607102
3.347922
1.815929
1.883552
1.845786
1.440261
1.744283
1.960980
0.968007
2.875786
1.702874
1.439765
2.178674
1.606827
1.869257
1.720942
2.426350
1.394429
2.305438
2.585859
2.239584
2.033415
1.929765
1.515052
2.513441
1.975036
1.447011
1.954318
1.894848
2.116307
2.558545
1.592740
1.875737
1.233355
2.112864
1.217651
1.821360
1.627810
3.873827
1.617210
1.392507
1.642502
2.602398
1.961332
1.627715
1.059839
1.545092
1.892501
2.598489
1.014269
2.585830
1.995014
1.589671
3.076164
2.156215
2.512662
2.468618
1.220166
1.735505
1.447424
1.422584
1.695199
3.157196
1.613212
2.514795
1.914548
1.312348
1.566817
1.730153
1.248247
1.803926
1.756975
1.270893
2.087844
2.598771
1.433272
1.189486
1.648954
1.243935
1.382225
1.149101
1.790474
2.510208
2.100350
1.622736
2.843982
2.333928
2.020078
1.424808
2.210209
1.290895
1.195570
3.259525
1.560370
2.093857
1.828068
3.610600
2.198215
3.152452
1.402703
