1.231338
1.669100
1.575237
1.478974
1.168208
2.326005
2.107566
1.493219
1.803946
1.762308
2.242727
1.466729
1.920134
1.284717
1.637755
1.173885
3.548558
1.271366
6.130067
2.320305
1.134361
1.354882
2.232212
1.288553
2.377003
1.947236
1.264200
2.267730
1.120241
1.990341
4.117169
1.474425
2.305172
1.375242
1.137862
3.126013
1.730352
1.306246
1.020435
1.961433
1.875799
1.747512
1.869706
2.730665
1.755047
2.194174
2.644095
1.973105
1.757324
1.390337
2.938886
1.664406
2.329057
1.678037
1.417037
1.803040
1.925510
1.546394
1.305748
1.488143
1.406713
1.202662
1.717132
1.975442
2.128059
1.742463
2.496463
1.589664
1.602047
1.251532
2.163654
1.882088
2.344292
1.319254
1.377572
1.739968
2.583789
2.240811
2.207479
1.524804
2.621453
1.107531
2.211225
1.372052
1.366301
1.307759
2.318295
1.949473
1.573592
1.176693
1.904333
1.416090
2.928188
2.015888
3.046483
1.536220
1.960951
1.672101
1.303982
1.495216
1.554257
1.934198
1.177719
1.116261
1.584779
2.536618
2.894128
1.358028
1.877466
1.073340
1.726572
3.088689
1.519111
1.365739
1.627233
2.214301
1.504056
2.046552
1.674064
2.327836
2.170044
1.720626
1.084598
1.813470
2.707447
1.222616
2.231365
1.727580
1.519454
1.305562
1.538807
1.292187
2.492870
1.926529
1.173562
1.313550
2.122263
1.979014
1.511121
1.264128
1.879642
1.630153
2.396275
1.092624
1.961690
1.191752
2.277460
1.595573
1.230038
2.097305
1.673458
1.744383
1.613655
1.061872
0.982066
1.819767
1.050341
1.562671
1.538281
1.055146
1.968227
1.568472
1.044970
2.240371
1.157439
0.817230
2.773783
1.261503
1.369075
1.493203
1.452018
2.062354
1.749138
1.592374
1.152931
2.620861
1.715070
2.015527
1.121668
1.569739
2.060377
1.244209
1.827333
0.973407
2.092818
1.712806
1.758010
1.548453
1.073748
1.403712
0.992454
1.595346
1.926684
2.451086
2.701255
1.441986
1.642787
1.303945
2.061885
1.246437
1.210212
2.857770
1.165577
1.118132
1.209740
1.672519
1.774969
