1.454238
2.187557
2.486876
0.925887
3.499465
1.918205
1.540790
1.218538
1.954265
2.152357
1.526150
1.348771
1.721014
1.920138
1.255422
1.639612
1.581869
1.599861
2.136264
2.382733
1.690741
1.049857
2.972697
1.335069
2.909632
1.764395
1.953245
3.007751
1.759779
1.065980
1.610269
1.248154
1.572771
1.060395
2.396223
2.157479
2.371779
2.514101
2.792470
2.143056
1.467806
2.158674
1.787292
1.793766
1.461750
1.880438
1.946882
2.793099
1.871475
1.226673
1.628240
1.521104
1.174103
1.554263
1.297737
1.487490
2.495775
1.698872
1.223126
1.751778
1.785465
1.088169
1.549604
1.721004
1.938381
1.687546
1.593990
1.679940
1.999841
1.410282
2.470541
1.859955
1.477059
1.758891
1.872121
2.616526
1.051422
3.084449
2.001016
2.020912
2.837292
1.642343
2.179557
2.187574
2.418632
1.635757
2.133217
2.609462
2.611060
1.912427
1.217241
1.216499
2.930092
1.419989
2.139266
1.318562
1.810019
1.983713
2.076263
1.608185
1.881165
1.635844
1.523361
1.957071
2.046326
1.846079
2.326602
1.729747
1.152313
