1.537187
2.323817
1.603629
2.413544
3.864456
1.294236
2.200692
3.204487
2.346162
2.500345
2.696301
1.571522
1.263284
2.764896
1.432084
3.394154
3.361664
1.907577
2.119017
1.625053
2.576619
2.191110
1.528108
2.167150
1.583541
3.643039
3.364359
2.710601
1.831228
1.790240
2.408828
1.597852
2.368648
1.346660
2.875347
2.057494
1.838552
2.397884
1.726819
1.598526
1.773301
2.913306
2.425653
3.124084
1.404506
1.248898
2.145900
1.484718
1.303951
4.434188
1.472290
1.790250
2.089776
2.244042
1.236890
2.131690
2.969543
1.597893
1.530978
1.856043
2.456388
4.973615
2.547922
2.884428
1.581312
1.832505
4.300694
1.267243
3.436537
1.649056
1.836105
3.588327
2.704212
1.903741
2.360780
1.551253
1.410842
2.065201
5.041194
2.572573
3.246670
2.046308
3.428116
1.854258
2.277999
4.279342
1.622589
2.028023
1.963004
1.942897
1.789181
2.204660
3.232504
2.506462
0.834428
1.215166
2.067467
1.300424
2.321716
2.643160
2.775639
1.735155
1.774260
1.990375
1.218835
2.110771
2.410007
1.142066
2.720418
2.617043
3.548954
1.204444
1.441118
1.399097
1.539832
3.064136
2.424352
3.355572
1.430646
1.438918
0.990670
2.103438
2.241551
2.068503
1.182530
2.155282
1.786124
2.376201
1.198249
1.624639
2.147033
1.249317
1.351683
1.475537
