2.716796
3.718225
1.980400
2.282561
2.097976
3.285059
4.017999
3.134061
1.690424
1.947978
1.536477
1.827605
3.633054
2.095219
1.774083
4.585712
2.965473
1.257339
2.393900
1.991416
2.552506
3.296324
4.271270
4.529170
2.633208
2.446052
1.539110
3.560291
3.495865
1.611982
2.712233
1.652253
2.105070
4.961462
2.899074
4.266123
2.468827
4.940035
2.822470
1.441961
3.437432
1.957015
2.812890
3.276317
3.827347
3.011539
3.739555
2.219002
2.107857
3.333041
4.370437
1.820316
2.396723
2.186277
1.738241
3.632672
5.549949
3.251441
1.627121
3.765474
2.295634
2.247358
2.073431
2.528790
2.343904
3.118349
2.095870
1.692644
3.386727
1.777309
1.515174
4.660261
2.435190
1.414239
5.033925
1.349001
1.575960
3.058263
7.806041
2.375556
1.664608
4.144053
1.852913
4.329919
2.574891
1.624241
2.557121
3.032279
3.172877
5.188581
4.366110
1.914573
1.981630
1.936685
1.407850
2.399813
3.733330
3.142327
1.978084
2.255999
2.893899
3.456390
1.404077
2.236846
1.888880
3.468949
3.341598
2.346300
2.810895
2.605684
2.989940
2.213767
3.295304
2.376057
1.399557
2.231563
2.403570
3.104935
3.278676
2.936712
1.644836
2.432793
4.359164
4.606257
2.448193
1.879208
2.309959
2.197220
2.371037
2.399322
2.987389
2.037219
4.009586
1.874728
3.018841
3.698095
3.160858
2.734979
1.937328
2.466340
2.417217
2.620610
2.783135
1.439189
2.544807
2.430589
1.727322
3.084755
3.355098
2.680886
2.149695
3.238001
3.901225
3.047866
3.449865
1.587275
1.804872
2.910139
2.415264
1.406949
1.306006
1.628946
3.311463
2.749638
2.569016
2.689262
3.328418
2.588997
2.094311
3.200192
2.085311
2.073487
2.061732
2.557517
1.221809
4.094065
3.878449
1.397066
2.385960
3.874987
2.713567
1.367428
1.647853
2.416230
2.759731
2.628415
2.392023
3.653443
5.273796
1.867048
2.125760
1.607897
1.256395
2.775386
1.780692
2.669531
1.811581
2.172652
2.968238
2.375385
2.733961
1.382945
1.735016
2.484740
1.735246
2.149987
2.024770
1.693629
2.261454
2.338014
2.259458
1.978643
3.258311
1.791568
1.885431
1.571637
1.085985
2.547010
2.101195
1.925672
2.062394
2.608568
2.323189
2.376928
1.568941
3.264859
2.556515
2.176676
1.482201
2.256875
1.762986
2.516908
1.265461
1.531469
1.381504
4.974077
2.868525
2.970520
1.852688
3.268653
1.449184
1.873640
2.366711
2.885063
2.371761
3.936334
2.488805
2.705456
2.048267
1.621523
1.176459
2.719359
2.101914
2.667801
1.792065
3.992849
1.967052
3.616529
2.462092
1.367185
1.848331
2.222248
3.158070
1.727113
2.003088
2.205712
2.673597
1.758279
2.645046
2.839861
2.502411
1.244347
1.573600
2.469504
2.391311
1.330748
2.361842
1.875124
2.202466
2.003371
1.783076
2.105260
1.055942
1.315516
1.543184
3.141519
2.303962
2.365747
1.691020
2.417326
2.004528
2.087041
3.582952
3.205821
1.455894
1.632771
2.039950
2.585387
4.333041
1.586914
1.168290
1.939533
1.543515
1.451480
3.180286
3.026356
1.438225
2.830446
1.475711
2.333617
1.735795
1.495620
1.539314
1.884640
3.324891
1.956479
3.140249
2.164965
1.970249
1.825692
1.507509
1.981245
3.411500
2.995806
1.769102
1.497285
1.915259
1.259733
2.551318
7.281046
2.366198
2.119874
2.719305
1.183899
1.993415
1.755044
1.414677
2.263811
1.370378
3.086337
1.889756
3.293587
2.334288
1.870649
2.669806
2.123305
2.201895
2.752127
4.610116
2.779438
1.645899
1.951230
1.977020
2.091709
1.732678
2.729115
1.684418
3.188864
1.899302
1.942609
1.653951
1.190344
2.504216
5.093037
2.653755
1.409437
2.990333
2.584983
2.095376
1.017107
1.590650
2.164610
1.963618
2.840668
3.002553
2.183726
1.232588
3.882053
2.980459
2.851035
2.658861
2.573786
2.368828
2.612766
1.748323
2.797932
2.974289
1.262705
2.753131
1.658107
1.848272
3.400592
1.271887
1.255468
2.204470
3.173700
1.989114
3.973748
1.400992
2.227417
2.306384
1.359728
2.650470
1.668542
4.825554
1.435122
2.758696
2.046324
1.713563
1.730811
2.485628
2.050566
1.603749
0.967225
1.176474
1.221176
1.314749
1.725459
3.256125
1.634918
1.423807
2.685385
2.898694
1.189392
2.218536
2.492070
2.244312
1.910194
1.461201
1.363662
2.278766
2.950155
3.731654
0.978473
1.815018
