1.471733
1.377306
1.361840
1.620276
1.670404
2.269666
1.387561
1.843086
1.894275
1.673397
2.576092
0.944331
2.218136
1.451500
1.530356
1.649538
1.761901
1.543212
1.112546
2.075401
1.707386
2.042747
2.613878
1.620880
1.867244
2.190963
1.188634
1.838632
2.833997
2.052423
1.825129
1.543104
3.427783
1.301881
2.991045
1.894114
2.251577
1.513997
0.946934
1.523773
2.346102
1.940778
1.009165
1.757397
1.780616
1.342561
0.941340
1.105343
1.853592
1.764739
1.499978
1.700765
1.712379
1.376060
1.691848
2.005304
2.376780
1.186823
1.039605
2.001575
1.860497
2.227654
2.040640
1.112767
2.524095
1.482105
2.445946
1.290889
1.124010
1.891048
1.645220
2.877911
2.175393
1.897805
1.416147
2.106677
1.827201
1.661351
1.208401
1.145108
2.236329
2.636268
2.752175
1.130181
2.368156
1.644444
1.249414
1.690385
1.450237
1.273500
1.019385
2.229753
1.787950
2.078863
2.128403
1.721934
1.735886
2.650008
2.198512
1.250780
1.559617
1.437493
1.231634
1.218749
2.476475
2.174524
1.637075
2.443091
1.803117
1.689887
1.426193
1.312169
1.361838
1.105013
1.411028
1.462421
1.169463
1.245818
1.020572
1.847359
0.991478
1.196404
2.939540
2.124393
1.329631
1.225235
1.766543
2.261714
3.759878
1.015330
1.695103
1.356923
1.821737
1.379053
1.826862
1.017203
1.018730
1.421396
3.451672
1.811015
1.728719
1.610767
1.002952
2.027934
1.528304
2.019028
1.504253
