1 2 0.811979
1 3 0.829793
1 5 0.785986
1 8 0.894933
1 12 0.737322
1 16 0.789429
1 17 0.726982
1 19 0.815782
2 1 0.811979
2 8 0.806652
2 19 0.746619
3 1 0.829793
3 8 0.775302
4 17 0.593984
5 1 0.785986
5 8 0.762479
8 1 0.894933
8 2 0.806652
8 3 0.775302
8 5 0.762479
8 12 0.708769
8 13 0.716243
8 14 0.850948
8 15 0.500000
8 16 0.780190
8 17 0.723999
8 19 0.814044
10 19 0.500000
12 1 0.737322
12 8 0.708769
13 8 0.716243
14 8 0.850948
15 8 0.500000
16 1 0.789429
16 8 0.780190
17 1 0.726982
17 4 0.593984
17 8 0.723999
17 19 0.661761
18 19 0.654115
19 1 0.815782
19 2 0.746619
19 8 0.814044
19 10 0.500000
19 17 0.661761
19 18 0.654115
1 1 0.916604
1 4 0.663919
1 6 0.968506
1 7 0.501605
1 9 0.599922
1 10 0.500000
1 11 0.685390
1 13 0.684594
1 14 0.838934
1 15 0.500000
1 18 0.670916
2 2 0.738518
2 3 0.708181
2 4 0.606427
2 5 0.690755
2 6 0.876761
2 7 0.500985
2 9 0.561007
2 10 0.500000
2 11 0.577383
2 12 0.636643
2 13 0.620810
2 14 0.752390
2 15 0.500000
2 16 0.708275
2 17 0.659658
2 18 0.633090
3 2 0.708181
3 3 0.769052
3 4 0.595337
3 5 0.700685
3 6 0.859039
3 7 0.501120
3 9 0.569843
3 10 0.500000
3 11 0.661233
3 12 0.670986
3 13 0.606392
3 14 0.724605
3 15 0.500000
3 16 0.696919
3 17 0.640065
3 18 0.591172
3 19 0.707179
4 1 0.663919
4 2 0.606427
4 3 0.595337
4 4 0.579567
4 5 0.606304
4 6 0.741861
4 7 0.500444
4 8 0.657734
4 9 0.527770
4 10 0.500000
4 11 0.556799
4 12 0.571931
4 13 0.560297
4 14 0.609678
4 15 0.500000
4 16 0.593975
4 18 0.551120
4 19 0.606064
5 2 0.690755
5 3 0.700685
5 4 0.606304
5 5 0.699669
5 6 0.859787
5 7 0.500725
5 9 0.557968
5 10 0.500000
5 11 0.611133
5 12 0.631342
5 13 0.627203
5 14 0.698730
5 15 0.500000
5 16 0.676163
5 17 0.645939
5 18 0.589046
5 19 0.693741
6 1 0.968506
6 2 0.876761
6 3 0.859039
6 4 0.741861
6 5 0.859787
6 6 0.999919
6 7 0.502016
6 8 0.976261
6 9 0.646808
6 10 0.500000
6 11 0.757123
6 12 0.824124
6 13 0.835972
6 14 0.954585
6 15 0.500000
6 16 0.866469
6 17 0.809579
6 18 0.720029
6 19 0.874835
7 1 0.501605
7 2 0.500985
7 3 0.501120
7 4 0.500444
7 5 0.500725
7 6 0.502016
7 7 0.500009
7 8 0.501418
7 9 0.500310
7 10 0.500000
7 11 0.500697
7 12 0.500645
7 13 0.500477
7 14 0.501072
7 15 0.500000
7 16 0.500869
7 17 0.500640
7 18 0.500505
7 19 0.501011
8 4 0.657734
8 6 0.976261
8 7 0.501418
8 8 0.902597
8 9 0.588013
8 10 0.500000
8 11 0.622436
8 18 0.679126
9 1 0.599922
9 2 0.561007
9 3 0.569843
9 4 0.527770
9 5 0.557968
9 6 0.646808
9 7 0.500310
9 8 0.588013
9 9 0.526046
9 10 0.500000
9 11 0.538028
9 12 0.540722
9 13 0.526932
9 14 0.580878
9 15 0.500000
9 16 0.558602
9 17 0.543202
9 18 0.519173
9 19 0.557946
10 1 0.500000
10 2 0.500000
10 3 0.500000
10 4 0.500000
10 5 0.500000
10 6 0.500000
10 7 0.500000
10 8 0.500000
10 9 0.500000
10 10 0.500000
10 11 0.500000
10 12 0.500000
10 13 0.500000
10 14 0.500000
10 15 0.500000
10 16 0.500000
10 17 0.500000
10 18 0.500000
11 1 0.685390
11 2 0.577383
11 3 0.661233
11 4 0.556799
11 5 0.611133
11 6 0.757123
11 7 0.500697
11 8 0.622436
11 9 0.538028
11 10 0.500000
11 11 0.661468
11 12 0.595257
11 13 0.551888
11 14 0.597119
11 15 0.500000
11 16 0.588616
11 17 0.571656
11 18 0.507970
11 19 0.567026
12 2 0.636643
12 3 0.670986
12 4 0.571931
12 5 0.631342
12 6 0.824124
12 7 0.500645
12 9 0.540722
12 10 0.500000
12 11 0.595257
12 12 0.622861
12 13 0.583913
12 14 0.665087
12 15 0.500000
12 16 0.629111
12 17 0.596698
12 18 0.564304
12 19 0.635944
13 1 0.684594
13 2 0.620810
13 3 0.606392
13 4 0.560297
13 5 0.627203
13 6 0.835972
13 7 0.500477
13 9 0.526932
13 10 0.500000
13 11 0.551888
13 12 0.583913
13 13 0.675908
13 14 0.643889
13 15 0.500000
13 16 0.611910
13 17 0.592093
13 18 0.579025
13 19 0.636203
14 1 0.838934
14 2 0.752390
14 3 0.724605
14 4 0.609678
14 5 0.698730
14 6 0.954585
14 7 0.501072
14 9 0.580878
14 10 0.500000
14 11 0.597119
14 12 0.665087
14 13 0.643889
14 14 0.827644
14 15 0.500000
14 16 0.733996
14 17 0.672618
14 18 0.620870
14 19 0.751326
15 1 0.500000
15 2 0.500000
15 3 0.500000
15 4 0.500000
15 5 0.500000
15 6 0.500000
15 7 0.500000
15 9 0.500000
15 10 0.500000
15 11 0.500000
15 12 0.500000
15 13 0.500000
15 14 0.500000
15 15 0.500000
15 16 0.500000
15 17 0.500000
15 18 0.500000
15 19 0.500000
16 2 0.708275
16 3 0.696919
16 4 0.593975
16 5 0.676163
16 6 0.866469
16 7 0.500869
16 9 0.558602
16 10 0.500000
16 11 0.588616
16 12 0.629111
16 13 0.611910
16 14 0.733996
16 15 0.500000
16 16 0.688340
16 17 0.641745
16 18 0.603007
16 19 0.711337
17 2 0.659658
17 3 0.640065
17 5 0.645939
17 6 0.809579
17 7 0.500640
17 9 0.543202
17 10 0.500000
17 11 0.571656
17 12 0.596698
17 13 0.592093
17 14 0.672618
17 15 0.500000
17 16 0.641745
17 17 0.624861
17 18 0.577817
18 1 0.670916
18 2 0.633090
18 3 0.591172
18 4 0.551120
18 5 0.589046
18 6 0.720029
18 7 0.500505
18 8 0.679126
18 9 0.519173
18 10 0.500000
18 11 0.507970
18 12 0.564304
18 13 0.579025
18 14 0.620870
18 15 0.500000
18 16 0.603007
18 17 0.577817
18 18 0.608089
19 3 0.707179
19 4 0.606064
19 5 0.693741
19 6 0.874835
19 7 0.501011
19 9 0.557946
19 11 0.567026
19 12 0.635944
19 13 0.636203
19 14 0.751326
19 15 0.500000
19 16 0.711337
19 19 0.761578
