2.847420
2.654870
3.849845
4.234569
3.102895
1.963397
3.064919
4.875252
1.924916
2.569872
2.542593
3.300391
2.539962
2.017247
2.342811
2.169152
2.861185
2.182918
3.379347
2.511911
2.637384
1.984582
2.871969
4.109379
2.606577
1.524997
2.356646
1.606676
2.111990
3.367151
1.695014
1.771092
3.686209
3.110106
1.747892
2.805925
2.349523
3.005876
2.035085
2.406914
3.016679
3.019608
2.772630
2.214908
1.987416
2.284183
2.062911
3.267155
2.769130
3.043504
3.571609
2.334028
2.169834
2.139126
1.903388
2.383775
3.612432
2.014109
3.177848
2.849346
1.959561
2.788601
2.318945
1.843035
2.124692
1.744559
2.171942
1.723617
2.231650
2.523354
2.815829
1.799902
1.619031
2.111473
1.648379
2.532237
2.197737
3.817949
1.959342
2.377803
2.048108
1.443648
1.511613
2.620533
3.697976
2.304549
1.597075
2.503391
1.804830
2.721613
1.996106
1.570220
1.957279
3.282176
2.167595
2.352056
3.326048
1.724523
2.434102
2.442776
2.205933
1.672954
1.439696
2.913316
1.672349
1.800586
3.837810
2.176226
2.648243
2.698339
2.515450
1.696685
