4.816134
2.947417
4.236415
5.769074
3.218524
5.659832
5.425588
6.241920
7.335713
3.530560
4.440170
4.371696
5.415578
4.223510
5.406907
6.066356
4.369038
3.848367
3.241363
6.705090
3.895719
4.647518
2.518878
3.154662
3.530924
3.682560
4.979340
3.236077
3.222263
2.475414
3.986640
3.868779
3.332738
2.787652
3.772124
5.170060
7.422966
3.010821
3.893573
2.838780
3.657420
4.209054
5.101385
3.903266
4.026193
3.428506
7.336243
3.016022
4.154558
4.319911
7.073176
3.861687
2.790457
3.660300
3.347974
3.487804
3.480603
2.709528
3.060955
3.065073
4.527834
3.871394
3.934161
2.912030
4.398323
4.059369
3.851257
3.042602
2.373735
2.857591
2.761759
3.129432
4.401353
4.049836
3.234272
7.290320
3.545011
3.208228
3.383020
1.914608
3.610572
3.101943
3.353138
4.267890
4.337771
2.823278
2.462933
4.903277
2.341382
2.995487
3.879565
5.692924
3.337626
3.811892
4.003973
4.045238
3.849722
2.716001
3.338081
3.818539
2.941837
3.710855
3.148110
2.857693
2.771901
3.096988
4.440786
3.959493
3.700618
5.347300
2.536021
2.715654
2.521845
3.033348
3.319287
3.598482
3.330429
3.267751
4.922524
4.250997
3.419383
4.389229
4.414189
3.288777
2.697057
2.985563
3.527523
2.800364
2.076837
2.956899
3.276884
2.399521
2.422858
3.634786
2.483176
2.535950
2.258589
2.238158
4.084720
2.721273
5.083077
2.994767
1.931796
2.657225
3.600244
4.861582
3.475522
3.392056
4.504410
3.251892
2.798772
3.678500
1.806413
4.194828
2.182469
2.269068
2.814607
2.448574
2.695746
3.456436
2.295653
3.156922
3.464784
3.126637
2.764532
4.248861
4.085961
2.936171
2.771165
2.889678
2.318862
2.309778
2.509669
3.664212
3.096544
2.416035
3.781698
3.273700
2.138991
3.328190
2.441694
3.352704
4.039046
3.165207
2.569681
3.730191
4.925205
2.022672
2.532926
6.053820
2.125258
3.409656
2.340811
2.506266
2.362380
3.957428
4.601719
3.727961
3.426710
3.235336
3.053841
3.740163
2.533656
2.258397
3.918294
2.569623
2.667487
3.020543
3.303191
2.599148
3.022537
2.243667
2.486681
2.982096
3.176605
3.079272
4.231212
4.809914
3.201101
2.110413
3.095616
2.611521
2.120989
3.242176
2.454536
2.452635
2.389465
2.519572
3.035903
2.825294
2.697088
5.309730
2.352002
2.736072
3.333466
2.003810
2.651619
2.376300
2.097833
