3.725525
6.163309
5.691442
4.530231
6.619598
5.033279
3.874992
5.628094
4.451563
7.297449
4.981506
5.155136
5.997098
6.393348
5.615998
6.333526
5.604208
8.006054
3.860986
4.281433
7.940822
4.830591
5.778958
3.532893
4.158974
4.680579
2.970341
5.182878
3.221405
7.016766
4.441420
9.276628
3.928111
4.912735
4.329734
3.241508
4.781787
4.848606
5.732845
5.288125
5.833760
5.716373
4.723628
6.354890
6.094892
4.377779
2.815915
5.567777
5.819887
8.517214
4.067802
3.079537
4.437528
5.235473
3.601779
4.476163
3.988859
3.480532
4.602409
5.324805
3.254293
3.551304
4.006973
6.207906
4.308932
5.958759
5.116827
4.114871
4.366505
7.353407
4.055099
5.428037
4.095032
4.276158
2.965942
4.017915
3.857379
7.488785
4.788476
2.827200
6.015636
4.554976
3.457909
5.610178
5.118094
3.418550
3.854828
4.033257
4.611518
4.879709
3.439069
5.749471
6.411451
3.242056
3.055344
5.083358
5.378397
3.307972
3.844190
2.956728
5.212052
4.112080
3.936902
3.619216
3.212858
3.421319
3.680171
3.098674
3.748609
2.188982
3.583213
3.050992
3.779259
3.494892
2.946257
3.311393
3.117144
3.375026
3.365856
2.670201
3.672097
3.573100
2.538092
4.785934
4.275000
6.659291
3.006201
5.181573
4.973678
3.617447
3.988968
2.779796
3.719870
3.808636
2.974462
4.357536
3.005856
3.184812
4.154803
4.302905
4.077624
3.813615
2.917857
3.833555
5.067639
3.216412
2.391514
3.843350
3.507990
3.968390
4.572071
3.418523
2.776506
3.438907
3.068880
3.249137
2.601671
3.470440
4.487321
3.693712
4.215932
4.505988
3.804204
3.334697
3.803769
3.020992
6.570098
5.248687
3.582055
2.895421
3.612440
2.980098
4.175248
2.969509
3.376671
2.847669
3.346842
3.733045
3.009096
3.271786
3.962436
3.378416
2.972983
2.912262
2.464179
5.017752
3.691593
2.557568
2.698990
3.617898
2.896324
2.540510
3.378469
3.470174
4.231725
2.868663
2.624096
2.077410
3.051690
4.759878
3.724965
2.780752
3.008965
3.006902
3.100394
2.774151
3.573717
2.314744
2.035912
4.379147
3.887302
3.832479
2.363765
2.938907
3.891953
3.060778
2.640178
3.409257
5.179138
3.407765
3.512448
3.336540
3.990194
2.547697
3.399795
3.624285
2.849986
3.313678
2.784039
4.628356
2.792582
3.136887
3.529203
3.194326
3.366314
3.144264
3.945013
2.509257
4.120945
2.598737
2.194190
3.374870
2.526261
2.570399
3.834185
2.476380
2.628476
2.731896
2.514416
2.183477
3.140814
4.723066
2.635024
3.240447
2.620039
3.513116
2.424635
2.572286
2.498434
2.597936
2.661429
3.380369
3.129258
2.804295
