2.538364
2.154808
2.481128
3.762795
1.923584
2.039141
2.086443
1.928077
2.131519
2.012846
2.662360
2.980325
1.739691
1.821972
3.709182
1.942142
2.434641
1.769061
2.254287
1.926582
2.510439
2.392316
2.376637
1.966292
3.473276
2.330171
1.977708
1.830480
1.724788
1.865784
2.510767
1.706017
1.966217
2.083049
1.979964
1.985132
2.013379
2.687107
1.832556
1.713957
2.618387
2.634197
2.274843
2.520456
2.026777
2.036339
1.976781
1.998256
2.055522
1.897408
2.426393
2.104171
1.933401
1.974046
2.523996
2.384777
2.014254
1.830557
2.060150
2.599936
2.377672
1.771601
1.837721
2.081042
2.908789
1.450677
2.236102
2.155162
2.837878
1.576391
1.874068
1.273706
1.990107
3.224124
1.923912
1.842268
3.269951
2.350368
2.735119
2.023186
2.028241
1.857762
1.875848
1.827199
2.327317
2.489190
1.767580
2.272990
2.445011
1.717854
2.894453
1.999718
2.426705
1.674612
1.565323
2.272614
1.482378
1.438355
2.141744
1.557399
1.921715
2.961090
1.899455
2.772532
1.819219
2.234896
1.863490
2.439585
2.048400
1.970721
1.920063
2.295474
