2.408404
2.210996
2.420695
2.396355
2.546427
3.391110
2.979685
3.291739
1.766863
3.172814
3.618909
3.419362
2.619632
3.551304
2.680709
2.100356
3.077047
2.400413
2.590816
1.592132
2.258671
2.998875
3.152919
1.907083
1.933329
2.925797
1.968915
3.570723
2.785914
2.078447
1.982450
2.779785
3.370395
2.291332
1.922996
3.411336
2.140404
1.992764
1.817219
2.616770
3.682660
2.523296
2.568064
2.014666
1.944409
1.755802
1.650007
2.736540
2.661115
1.963804
2.563865
2.126138
1.663563
1.606329
1.744666
2.164417
1.496540
1.813900
1.860682
2.094030
2.525623
2.336169
1.794561
2.293260
2.088940
2.026301
2.543708
2.565439
1.671134
2.314426
2.205200
2.392637
2.614750
2.680623
1.631317
1.973839
2.544305
2.323837
2.024018
2.279704
2.219402
2.027481
2.340121
2.615325
1.657530
1.634263
3.133864
2.542789
2.266531
1.471509
2.129215
1.622109
1.711875
2.957705
2.914568
1.804277
1.417293
2.804093
1.424253
2.523593
2.598529
1.618538
1.698227
1.875341
2.142179
2.374430
1.891895
2.072336
1.889464
