1 2 0.908989
1 3 0.878770
1 5 0.842965
1 8 0.957198
1 12 0.816656
1 16 0.755490
1 17 0.854585
1 19 0.946784
2 1 0.908989
2 8 0.893253
2 19 0.933934
3 1 0.878770
3 8 0.925147
4 17 0.500000
5 1 0.842965
5 8 0.875945
8 1 0.957198
8 2 0.893253
8 3 0.925147
8 5 0.875945
8 12 0.851282
8 13 0.834135
8 14 0.877399
8 15 0.787207
8 16 0.747260
8 17 0.887912
8 19 0.928207
10 19 0.500000
12 1 0.816656
12 8 0.851282
13 8 0.834135
14 8 0.877399
15 8 0.787207
16 1 0.755490
16 8 0.747260
17 1 0.854585
17 4 0.500000
17 8 0.887912
17 19 0.826322
18 19 0.937762
19 1 0.946784
19 2 0.933934
19 8 0.928207
19 10 0.500000
19 17 0.826322
19 18 0.937762
1 1 0.950067
1 4 0.500000
1 6 0.991541
1 7 0.503026
1 9 0.537612
1 10 0.500000
1 11 0.587084
1 13 0.795241
1 14 0.826373
1 15 0.734708
1 18 0.884888
2 2 0.891935
2 3 0.785777
2 4 0.500000
2 5 0.766978
2 6 0.963052
2 7 0.501815
2 9 0.526593
2 10 0.500000
2 11 0.571207
2 12 0.742565
2 13 0.721604
2 14 0.756287
2 15 0.658070
2 16 0.710268
2 17 0.779302
2 18 0.874632
3 2 0.785777
3 3 0.856032
3 4 0.500000
3 5 0.787141
3 6 0.984991
3 7 0.502309
3 9 0.533246
3 10 0.500000
3 11 0.567076
3 12 0.759668
3 13 0.740451
3 14 0.786265
3 15 0.708793
3 16 0.657066
3 17 0.798879
3 18 0.744364
3 19 0.835514
4 1 0.500000
4 2 0.500000
4 3 0.500000
4 4 0.500000
4 5 0.500000
4 6 0.500000
4 7 0.500000
4 8 0.500000
4 9 0.500000
4 10 0.500000
4 11 0.500000
4 12 0.500000
4 13 0.500000
4 14 0.500000
4 15 0.500000
4 16 0.500000
4 18 0.500000
4 19 0.500000
5 2 0.766978
5 3 0.787141
5 4 0.500000
5 5 0.747257
5 6 0.955654
5 7 0.501925
5 9 0.519194
5 10 0.500000
5 11 0.544487
5 12 0.715731
5 13 0.698167
5 14 0.737140
5 15 0.662246
5 16 0.642325
5 17 0.753465
5 18 0.739186
5 19 0.817818
6 1 0.991541
6 2 0.963052
6 3 0.984991
6 4 0.500000
6 5 0.955654
6 6 0.999995
6 7 0.504797
6 8 0.997696
6 9 0.563732
6 10 0.500000
6 11 0.666943
6 12 0.942480
6 13 0.904315
6 14 0.962593
6 15 0.893146
6 16 0.796163
6 17 0.965793
6 18 0.918866
6 19 0.980508
7 1 0.503026
7 2 0.501815
7 3 0.502309
7 4 0.500000
7 5 0.501925
7 6 0.504797
7 7 0.500026
7 8 0.503391
7 9 0.500127
7 10 0.500000
7 11 0.500210
7 12 0.501622
7 13 0.501566
7 14 0.501475
7 15 0.501136
7 16 0.501246
7 17 0.501958
7 18 0.501647
7 19 0.502359
8 4 0.500000
8 6 0.997696
8 7 0.503391
8 8 0.977855
8 9 0.547199
8 10 0.500000
8 11 0.606488
8 18 0.838181
9 1 0.537612
9 2 0.526593
9 3 0.533246
9 4 0.500000
9 5 0.519194
9 6 0.563732
9 7 0.500127
9 8 0.547199
9 9 0.508428
9 10 0.500000
9 11 0.508840
9 12 0.521009
9 13 0.519428
9 14 0.522263
9 15 0.517603
9 16 0.517681
9 17 0.519555
9 18 0.521651
9 19 0.532835
10 1 0.500000
10 2 0.500000
10 3 0.500000
10 4 0.500000
10 5 0.500000
10 6 0.500000
10 7 0.500000
10 8 0.500000
10 9 0.500000
10 10 0.500000
10 11 0.500000
10 12 0.500000
10 13 0.500000
10 14 0.500000
10 15 0.500000
10 16 0.500000
10 17 0.500000
10 18 0.500000
11 1 0.587084
11 2 0.571207
11 3 0.567076
11 4 0.500000
11 5 0.544487
11 6 0.666943
11 7 0.500210
11 8 0.606488
11 9 0.508840
11 10 0.500000
11 11 0.543177
11 12 0.547175
11 13 0.555344
11 14 0.573211
11 15 0.536387
11 16 0.525548
11 17 0.557065
11 18 0.534036
11 19 0.569990
12 2 0.742565
12 3 0.759668
12 4 0.500000
12 5 0.715731
12 6 0.942480
12 7 0.501622
12 9 0.521009
12 10 0.500000
12 11 0.547175
12 12 0.694029
12 13 0.677907
12 14 0.710884
12 15 0.644679
12 16 0.629985
12 17 0.725258
12 18 0.706213
12 19 0.786552
13 1 0.795241
13 2 0.721604
13 3 0.740451
13 4 0.500000
13 5 0.698167
13 6 0.904315
13 7 0.501566
13 9 0.519428
13 10 0.500000
13 11 0.555344
13 12 0.677907
13 13 0.686168
13 14 0.704484
13 15 0.632503
13 16 0.619380
13 17 0.711009
13 18 0.665640
13 19 0.751126
14 1 0.826373
14 2 0.756287
14 3 0.786265
14 4 0.500000
14 5 0.737140
14 6 0.962593
14 7 0.501475
14 9 0.522263
14 10 0.500000
14 11 0.573211
14 12 0.710884
14 13 0.704484
14 14 0.771423
14 15 0.665189
14 16 0.612360
14 17 0.748247
14 18 0.680743
14 19 0.782486
15 1 0.734708
15 2 0.658070
15 3 0.708793
15 4 0.500000
15 5 0.662246
15 6 0.893146
15 7 0.501136
15 9 0.517603
15 10 0.500000
15 11 0.536387
15 12 0.644679
15 13 0.632503
15 14 0.665189
15 15 0.615094
15 16 0.585625
15 17 0.669509
15 18 0.625295
15 19 0.690181
16 2 0.710268
16 3 0.657066
16 4 0.500000
16 5 0.642325
16 6 0.796163
16 7 0.501246
16 9 0.517681
16 10 0.500000
16 11 0.525548
16 12 0.629985
16 13 0.619380
16 14 0.612360
16 15 0.585625
16 16 0.628158
16 17 0.645651
16 18 0.701400
16 19 0.759993
17 2 0.779302
17 3 0.798879
17 5 0.753465
17 6 0.965793
17 7 0.501958
17 9 0.519555
17 10 0.500000
17 11 0.557065
17 12 0.725258
17 13 0.711009
17 14 0.748247
17 15 0.669509
17 16 0.645651
17 17 0.766722
17 18 0.742087
18 1 0.884888
18 2 0.874632
18 3 0.744364
18 4 0.500000
18 5 0.739186
18 6 0.918866
18 7 0.501647
18 8 0.838181
18 9 0.521651
18 10 0.500000
18 11 0.534036
18 12 0.706213
18 13 0.665640
18 14 0.680743
18 15 0.625295
18 16 0.701400
18 17 0.742087
18 18 0.903549
19 3 0.835514
19 4 0.500000
19 5 0.817818
19 6 0.980508
19 7 0.502359
19 9 0.532835
19 11 0.569990
19 12 0.786552
19 13 0.751126
19 14 0.782486
19 15 0.690181
19 16 0.759993
19 19 0.970673
