2.208561
2.585305
2.263989
1.361707
2.117965
2.297782
1.520022
2.070487
1.436957
1.969394
1.555244
1.755696
2.180662
1.784120
1.861019
1.373876
1.682145
1.615993
1.461541
1.668209
1.465223
1.771351
1.947340
1.828940
2.158814
1.685157
2.086686
1.737363
1.972907
1.801469
2.063109
1.500950
2.308717
1.678069
1.442686
1.666961
1.545422
1.301155
1.625288
2.104559
2.199706
1.506325
1.715253
1.021948
1.490526
2.075301
1.538870
1.467241
1.872874
2.256722
1.636482
2.022654
2.045115
1.666445
1.352422
2.089189
2.301958
1.516156
1.682099
1.325887
2.780078
1.544329
1.831446
1.265935
1.539360
2.293132
1.303249
1.801397
1.761235
1.956055
2.035104
2.346844
1.600587
1.953819
1.352264
1.424842
1.319870
1.660594
1.871050
1.686450
1.569249
2.635596
1.821076
1.786428
1.814839
1.666721
2.241515
2.012411
1.571813
1.655874
1.650298
1.617155
1.636694
1.958375
1.594564
1.581956
1.439926
2.017479
1.794126
1.567759
1.911996
1.450601
2.029443
1.691705
1.998401
1.843000
1.957572
1.374671
1.907933
1.937783
1.522242
2.064780
1.583233
1.827271
1.742868
1.750539
1.784543
2.065529
1.286670
1.611878
2.178594
1.939032
1.332929
2.022483
2.393223
1.633518
1.794735
2.111196
1.134814
1.613712
1.964865
2.039560
1.415894
1.641556
2.546854
1.487581
2.487104
1.483398
1.868603
1.654606
2.122262
1.881761
1.561962
1.777009
1.057741
1.705120
1.634167
1.194962
1.777210
1.408649
1.852830
1.581871
1.653306
1.949284
1.850235
