2.882691
2.795173
3.251397
3.073547
3.161070
3.792982
2.665817
2.630879
3.575964
3.016771
5.440695
3.116632
3.149768
3.271278
2.450583
3.132160
3.391568
3.445284
3.685989
3.954633
4.762673
2.766716
3.335335
2.498594
3.309459
3.305428
1.960534
3.606534
2.477304
2.569889
2.570526
3.333947
2.242731
2.553238
2.084956
4.213046
2.683198
2.416130
3.988015
2.236871
3.727238
2.086259
2.363851
2.650819
2.823231
2.731533
3.632180
3.333613
4.013031
3.793114
2.304279
2.833805
2.861928
3.527864
2.501903
2.616131
2.298919
4.685389
2.934929
2.459237
2.544321
2.345488
3.416283
2.253543
4.290880
2.975965
2.823274
2.470108
2.778565
2.055728
3.418777
3.309499
2.935460
2.457865
3.199184
2.984840
3.113778
3.898473
3.055846
2.851830
2.435817
3.164543
2.692416
2.880325
2.181898
2.221826
3.285899
2.543845
2.849446
2.931535
2.397861
2.683762
2.547793
2.862731
2.560074
2.983318
3.176236
2.226941
2.182751
1.550576
2.077580
2.992825
2.282457
2.480645
3.982188
2.443368
2.642264
2.698046
2.756778
2.452837
4.081286
2.728233
3.263229
2.822419
2.452961
3.028931
2.339704
3.723652
3.763732
2.582843
4.290789
2.134514
2.175248
2.405805
3.117762
2.120403
2.857370
3.033071
2.074814
3.126626
2.775991
2.497323
2.304233
3.880083
3.293581
3.337495
3.683670
3.801736
2.170806
2.379873
2.789173
2.377667
2.924593
2.596556
2.426238
2.665432
3.481202
3.379896
2.211366
2.605748
2.609444
2.391932
1.730780
2.704143
3.260670
2.228680
2.981617
3.042915
2.608566
2.343534
2.630211
2.828196
2.375066
2.984327
2.186097
1.964160
2.719896
3.695509
2.326256
1.877102
2.827699
2.692343
3.016695
2.219461
2.025108
1.589007
2.379420
1.961004
1.781855
1.806134
2.208329
2.210109
3.204150
2.346830
2.566863
2.290907
2.531158
2.658941
3.158315
1.568200
2.590366
2.389551
2.008690
1.994088
1.928166
2.943447
2.408158
2.328474
3.016037
2.139575
2.494949
2.407820
2.163061
2.558727
2.031685
1.782012
3.932931
2.779120
3.105049
3.509264
3.289841
1.881784
2.126530
2.433081
2.781490
2.108402
3.221823
2.327300
2.527735
2.621231
3.791036
1.882207
2.463105
3.629362
1.924955
2.184146
2.282079
1.829384
3.280904
1.912798
2.207463
3.549775
3.808128
2.786340
2.314357
2.850159
2.012786
2.971244
2.752893
1.944327
