1.994599
2.418909
2.285380
2.137837
1.908970
2.533248
2.902730
2.629543
2.407805
1.949819
1.805175
1.838155
1.775115
2.209908
2.281365
2.281623
2.411950
2.696805
3.266126
1.954753
2.012984
1.833430
2.568462
2.374040
2.145179
3.198071
2.029520
2.512817
2.508119
2.793686
2.177419
2.292724
3.160478
1.988320
1.833391
3.366403
2.392502
2.432121
1.977972
2.729446
2.205622
2.920894
1.812400
2.077570
2.121915
2.230595
1.535764
2.398325
1.992873
2.471601
1.969789
3.036038
2.841971
1.533671
2.681000
2.206575
2.566223
3.384224
1.844906
2.956349
1.721563
2.271963
2.680796
2.008088
1.800647
1.769451
2.353216
2.054658
1.602776
1.637472
1.914773
1.779867
2.096362
1.906398
1.979660
1.602244
1.778195
2.248032
2.304873
2.237021
2.289753
2.225827
2.214588
1.942178
1.840958
1.920498
2.545878
2.303694
2.496497
1.923982
2.242449
2.653654
2.335008
2.138855
1.487834
2.039988
1.856707
2.411156
2.819468
1.721538
2.397385
2.379212
1.823931
1.558727
1.730112
1.430805
2.139286
2.634212
1.805073
1.602936
2.271483
1.539790
1.831606
1.508056
2.251293
2.695606
1.999952
1.541868
1.636405
2.663460
2.172874
2.023724
1.460979
2.146218
3.340424
2.170650
1.660112
2.306544
