1.623088
1.152491
1.832453
2.503883
1.979086
1.844748
1.319848
2.025158
2.070025
1.786219
1.883137
1.735197
1.946245
1.921261
1.694761
1.584280
1.394363
1.877997
1.972554
1.672806
1.780995
2.200947
1.789428
1.944125
2.337732
1.852647
1.883320
1.693803
1.514071
2.336968
1.649726
1.575304
2.063819
1.511440
1.552099
1.757746
2.252413
1.913577
2.287662
1.394689
2.424438
1.569511
1.759738
1.931302
1.541051
1.954991
1.266963
1.536110
1.716790
3.605812
1.995931
1.246594
2.076542
1.997896
2.278831
2.018341
2.032175
1.583126
1.524038
1.670253
1.834063
2.231001
1.715410
2.294940
1.600874
2.621563
2.495884
2.084225
1.645655
1.719211
1.944045
1.429383
1.813928
1.686625
1.810485
1.588238
1.801623
2.359454
1.668573
2.044825
1.652039
1.818266
1.934423
1.513365
1.510741
2.167460
1.451841
1.939026
1.538528
1.986912
2.350078
1.410522
1.320788
2.061332
1.360433
1.743244
1.893069
2.363485
1.915260
2.093527
1.667075
2.057626
1.862751
1.612369
1.345054
1.384801
1.545299
1.546761
1.935420
1.756134
1.746276
1.849099
1.340043
1.272777
2.116125
1.829482
2.819066
2.257828
1.527518
2.162360
1.594483
1.610874
2.031152
1.178182
1.775372
1.896734
1.731847
1.578855
2.090032
1.733652
1.670993
1.326682
1.644358
2.399746
1.541624
1.729669
1.295002
1.535442
1.279122
1.803924
1.673927
1.600037
1.522389
1.946563
1.758160
2.004457
2.256812
1.917797
1.453376
1.661679
1.937638
1.489081
1.939172
1.633481
1.419068
2.047914
2.013172
1.620592
1.315242
2.149851
2.247462
1.391365
1.810264
1.790154
2.350865
1.710563
1.852899
1.654319
1.927708
2.188971
2.572536
1.810722
1.410857
2.194613
1.827600
1.886421
1.690097
1.264307
2.097537
1.771864
2.116500
1.503514
1.969548
2.258910
1.771555
1.827702
1.271299
1.830918
1.994597
