6.204004
19.922243
7.275589
11.715588
8.817980
13.691658
11.920452
7.177967
12.544033
13.224472
6.883126
12.475880
23.362040
5.731999
13.978386
10.544313
11.338858
7.116968
6.984921
5.303217
14.467048
4.439258
8.169640
7.638549
7.682273
8.100657
7.593517
4.250360
8.649185
9.219008
9.523275
4.964818
2.930206
12.833627
4.220702
5.196748
17.474333
4.740941
11.696287
9.787010
6.139841
11.362394
4.759944
5.073698
3.896554
14.958236
9.159741
6.755239
19.287870
10.198943
12.028846
11.083645
8.754549
3.833790
5.246259
9.421879
8.788895
6.750307
16.382200
2.626405
5.563166
8.210607
6.279254
4.810630
14.100114
3.680657
4.968930
9.757792
5.113180
5.657773
7.751702
12.374704
14.874198
9.590597
15.289300
3.199273
8.099310
4.518459
5.747536
11.016695
4.949392
8.908425
11.312995
10.793621
11.345528
8.791965
6.031641
7.764578
3.668834
3.956753
5.924758
14.459438
15.222352
5.571508
6.261529
10.632440
5.169519
9.568125
5.215271
5.388229
7.357389
7.183084
14.509233
4.566200
6.555599
8.418207
4.565026
7.537953
7.445929
7.973592
3.395510
6.653842
10.288564
3.631454
9.549375
11.500542
4.672087
5.048071
4.827742
3.948246
8.925694
4.706507
4.115186
9.688740
5.566160
3.079358
3.438010
5.152035
7.103764
3.952735
4.224061
6.675952
5.685291
13.261258
3.136251
2.886679
4.323741
8.148033
3.843648
6.192505
4.209105
3.653849
6.872295
6.084127
10.842777
6.177321
10.600654
3.600546
3.204959
3.926480
6.148319
5.280836
3.811282
7.947287
5.738729
4.318356
3.848770
5.662828
3.585565
2.345382
3.164891
6.338687
5.634691
5.144879
4.079004
2.846130
5.942285
12.596389
7.938019
6.514580
8.060122
3.772635
4.774114
5.190547
3.073281
2.475979
3.786192
4.821686
5.973540
4.647393
5.776506
11.353728
4.245465
5.630445
4.277057
4.935905
3.549599
4.129337
9.361402
5.089602
5.751163
2.664823
7.617891
6.310311
4.333004
7.490420
2.962221
6.564081
6.364573
5.849602
2.904786
3.473204
2.646751
4.934903
10.089901
6.026975
5.907899
5.107379
5.580279
5.176973
3.055011
5.551545
6.380550
5.778757
7.193908
4.122005
3.804461
3.520816
3.987287
3.513528
