2.841474
2.863075
2.690837
2.411739
6.243136
3.297260
5.876433
3.153870
2.958041
3.144565
3.608918
3.100794
3.309637
4.693301
2.516091
2.907861
2.650375
3.283100
4.223089
3.608402
2.930575
2.684896
2.719159
4.102819
2.245780
3.498949
2.783359
2.931117
2.798058
3.226960
1.881266
2.757844
3.041560
3.779943
3.603309
2.927857
2.543891
5.248498
3.676355
2.022765
3.141562
3.024576
2.451814
2.628501
2.805807
3.281619
4.081181
2.856505
2.199410
2.181012
2.078288
3.708306
2.502544
2.522555
3.713786
3.321069
1.955392
3.098253
3.576192
1.817392
2.741313
3.779146
3.099106
3.548434
2.436955
2.161013
1.827899
4.389239
2.632025
2.433589
2.651734
2.796406
3.386858
2.190794
2.662602
2.893776
3.478449
3.449906
1.995588
3.363361
2.815431
2.216756
3.520554
3.575619
2.158860
3.837192
2.259440
3.707799
3.432055
3.271470
2.730007
2.010812
2.522233
2.791019
2.824541
2.304305
2.766964
2.908252
3.334841
2.826673
3.416983
3.134070
2.794858
2.831820
2.952597
2.237906
2.041599
3.092717
3.062167
4.289511
2.253291
4.574199
2.529964
2.906514
2.145834
2.711092
2.330127
2.945602
2.645231
2.790753
2.667270
2.411874
2.966434
1.973306
2.864636
3.059120
2.634659
2.681617
3.100978
2.516745
3.823210
3.433763
3.565493
1.673619
2.697642
3.173351
1.797001
1.973601
3.481678
2.108968
2.312506
2.410265
2.379502
2.570270
3.000201
2.211513
1.987828
1.693313
2.307558
3.063554
3.518606
3.138823
2.690271
3.063369
2.576374
2.474795
2.258271
2.094058
2.821291
2.552836
2.003862
3.848308
2.343031
2.540154
1.975490
2.523457
3.443657
3.470746
2.507705
2.437296
2.752726
3.828136
2.909497
2.439317
2.653208
1.908243
2.528651
2.683622
2.878297
2.003233
2.404536
2.349320
2.235945
2.362818
2.682966
2.207856
1.959918
3.818324
2.072613
3.064542
2.762101
2.296429
2.096739
2.471259
1.571484
2.540054
2.862135
3.343643
2.308862
2.800630
3.023607
2.458679
1.946069
2.996251
2.474973
2.617034
2.185832
3.275736
2.272676
2.618889
2.175600
2.640842
2.713108
2.053741
1.487589
3.152528
3.013855
1.864058
2.356012
2.223577
2.261539
2.550142
2.788888
2.285998
2.379306
2.457412
2.907608
2.940687
3.171122
2.384312
2.817477
3.301432
3.101850
2.556806
