1 2 0.785237
1 4 0.875985
1 5 0.824998
1 6 0.814952
1 7 0.844223
1 8 0.806508
1 9 0.824155
1 11 0.741615
1 13 0.718395
1 14 0.500000
2 1 0.785237
4 1 0.875985
4 14 0.500000
5 1 0.824998
6 1 0.814952
7 1 0.844223
7 14 0.500000
8 1 0.806508
8 14 0.500000
9 1 0.824155
11 1 0.741615
11 14 0.500000
13 1 0.718395
13 14 0.500000
14 1 0.500000
14 4 0.500000
14 7 0.500000
14 8 0.500000
14 11 0.500000
14 13 0.500000
1 1 0.944100
1 3 0.500000
1 10 0.568133
1 12 0.500000
2 2 0.653046
2 3 0.500000
2 4 0.716661
2 5 0.644676
2 6 0.649351
2 7 0.698299
2 8 0.658742
2 9 0.677511
2 10 0.529952
2 11 0.622386
2 12 0.500000
2 13 0.624064
2 14 0.500000
3 1 0.500000
3 2 0.500000
3 3 0.500000
3 4 0.500000
3 5 0.500000
3 6 0.500000
3 7 0.500000
3 8 0.500000
3 9 0.500000
3 10 0.500000
3 11 0.500000
3 12 0.500000
3 13 0.500000
3 14 0.500000
4 2 0.716661
4 3 0.500000
4 4 0.836241
4 5 0.690408
4 6 0.730886
4 7 0.786614
4 8 0.725177
4 9 0.717387
4 10 0.548499
4 11 0.688786
4 12 0.500000
4 13 0.603519
5 2 0.644676
5 3 0.500000
5 4 0.690408
5 5 0.931409
5 6 0.768843
5 7 0.634381
5 8 0.690037
5 9 0.784815
5 10 0.533268
5 11 0.613306
5 12 0.500000
5 13 0.627239
5 14 0.500000
6 2 0.649351
6 3 0.500000
6 4 0.730886
6 5 0.768843
6 6 0.723606
6 7 0.681338
6 8 0.675101
6 9 0.681850
6 10 0.535498
6 11 0.629203
6 12 0.500000
6 13 0.586450
6 14 0.500000
7 2 0.698299
7 3 0.500000
7 4 0.786614
7 5 0.634381
7 6 0.681338
7 7 0.772278
7 8 0.699464
7 9 0.673810
7 10 0.537460
7 11 0.666139
7 12 0.500000
7 13 0.632007
8 2 0.658742
8 3 0.500000
8 4 0.725177
8 5 0.690037
8 6 0.675101
8 7 0.699464
8 8 0.690075
8 9 0.662732
8 10 0.537336
8 11 0.631706
8 12 0.500000
8 13 0.610661
9 2 0.677511
9 3 0.500000
9 4 0.717387
9 5 0.784815
9 6 0.681850
9 7 0.673810
9 8 0.662732
9 9 0.957457
9 10 0.541728
9 11 0.611141
9 12 0.500000
9 13 0.850859
9 14 0.500000
10 1 0.568133
10 2 0.529952
10 3 0.500000
10 4 0.548499
10 5 0.533268
10 6 0.535498
10 7 0.537460
10 8 0.537336
10 9 0.541728
10 10 0.509774
10 11 0.525214
10 12 0.500000
10 13 0.508538
10 14 0.500000
11 2 0.622386
11 3 0.500000
11 4 0.688786
11 5 0.613306
11 6 0.629203
11 7 0.666139
11 8 0.631706
11 9 0.611141
11 10 0.525214
11 11 0.603344
11 12 0.500000
11 13 0.567708
12 1 0.500000
12 2 0.500000
12 3 0.500000
12 4 0.500000
12 5 0.500000
12 6 0.500000
12 7 0.500000
12 8 0.500000
12 9 0.500000
12 10 0.500000
12 11 0.500000
12 12 0.500000
12 13 0.500000
12 14 0.500000
13 2 0.624064
13 3 0.500000
13 4 0.603519
13 5 0.627239
13 6 0.586450
13 7 0.632007
13 8 0.610661
13 9 0.850859
13 10 0.508538
13 11 0.567708
13 12 0.500000
13 13 0.865410
14 2 0.500000
14 3 0.500000
14 5 0.500000
14 6 0.500000
14 9 0.500000
14 10 0.500000
14 12 0.500000
14 14 0.500000
