1 2 0.665103
1 4 0.861683
1 5 0.912312
1 6 0.762406
1 7 0.708785
1 8 0.714634
1 9 0.692827
1 11 0.500000
1 13 0.681357
1 14 0.500000
2 1 0.665103
4 1 0.861683
4 14 0.500000
5 1 0.912312
6 1 0.762406
7 1 0.708785
7 14 0.500000
8 1 0.714634
8 14 0.500000
9 1 0.692827
11 1 0.500000
11 14 0.500000
13 1 0.681357
13 14 0.500000
14 1 0.500000
14 4 0.500000
14 7 0.500000
14 8 0.500000
14 11 0.500000
14 13 0.500000
1 1 0.820735
1 3 0.500000
1 10 0.521288
1 12 0.500000
2 2 0.580851
2 3 0.500000
2 4 0.690431
2 5 0.741483
2 6 0.630198
2 7 0.596390
2 8 0.603691
2 9 0.591889
2 10 0.510916
2 11 0.500000
2 12 0.500000
2 13 0.586422
2 14 0.500000
3 1 0.500000
3 2 0.500000
3 3 0.500000
3 4 0.500000
3 5 0.500000
3 6 0.500000
3 7 0.500000
3 8 0.500000
3 9 0.500000
3 10 0.500000
3 11 0.500000
3 12 0.500000
3 13 0.500000
3 14 0.500000
4 2 0.690431
4 3 0.500000
4 4 0.998840
4 5 0.970982
4 6 0.788288
4 7 0.786859
4 8 0.917647
4 9 0.690881
4 10 0.570364
4 11 0.500000
4 12 0.500000
4 13 0.707706
5 2 0.741483
5 3 0.500000
5 4 0.970982
5 5 0.992681
5 6 0.860973
5 7 0.808756
5 8 0.879559
5 9 0.779544
5 10 0.563962
5 11 0.500000
5 12 0.500000
5 13 0.768656
5 14 0.500000
6 2 0.630198
6 3 0.500000
6 4 0.788288
6 5 0.860973
6 6 0.733526
6 7 0.658078
6 8 0.634228
6 9 0.655740
6 10 0.519945
6 11 0.500000
6 12 0.500000
6 13 0.640764
6 14 0.500000
7 2 0.596390
7 3 0.500000
7 4 0.786859
7 5 0.808756
7 6 0.658078
7 7 0.640143
7 8 0.640238
7 9 0.610681
7 10 0.508804
7 11 0.500000
7 12 0.500000
7 13 0.607968
8 2 0.603691
8 3 0.500000
8 4 0.917647
8 5 0.879559
8 6 0.634228
8 7 0.640238
8 8 0.848484
8 9 0.614203
8 10 0.544615
8 11 0.500000
8 12 0.500000
8 13 0.625894
9 2 0.591889
9 3 0.500000
9 4 0.690881
9 5 0.779544
9 6 0.655740
9 7 0.610681
9 8 0.614203
9 9 0.613234
9 10 0.515932
9 11 0.500000
9 12 0.500000
9 13 0.602178
9 14 0.500000
10 1 0.521288
10 2 0.510916
10 3 0.500000
10 4 0.570364
10 5 0.563962
10 6 0.519945
10 7 0.508804
10 8 0.544615
10 9 0.515932
10 10 0.516731
10 11 0.500000
10 12 0.500000
10 13 0.513714
10 14 0.500000
11 2 0.500000
11 3 0.500000
11 4 0.500000
11 5 0.500000
11 6 0.500000
11 7 0.500000
11 8 0.500000
11 9 0.500000
11 10 0.500000
11 11 0.500000
11 12 0.500000
11 13 0.500000
12 1 0.500000
12 2 0.500000
12 3 0.500000
12 4 0.500000
12 5 0.500000
12 6 0.500000
12 7 0.500000
12 8 0.500000
12 9 0.500000
12 10 0.500000
12 11 0.500000
12 12 0.500000
12 13 0.500000
12 14 0.500000
13 2 0.586422
13 3 0.500000
13 4 0.707706
13 5 0.768656
13 6 0.640764
13 7 0.607968
13 8 0.625894
13 9 0.602178
13 10 0.513714
13 11 0.500000
13 12 0.500000
13 13 0.596412
14 2 0.500000
14 3 0.500000
14 5 0.500000
14 6 0.500000
14 9 0.500000
14 10 0.500000
14 12 0.500000
14 14 0.500000
