1 2 0.683365
1 4 0.723994
1 5 0.756805
1 6 0.970958
1 7 0.712821
1 8 0.631344
1 9 0.675070
1 11 0.665952
1 13 0.689483
1 14 0.500000
2 1 0.683365
4 1 0.723994
4 14 0.500000
5 1 0.756805
6 1 0.970958
7 1 0.712821
7 14 0.500000
8 1 0.631344
8 14 0.500000
9 1 0.675070
11 1 0.665952
11 14 0.500000
13 1 0.689483
13 14 0.500000
14 1 0.500000
14 4 0.500000
14 7 0.500000
14 8 0.500000
14 11 0.500000
14 13 0.500000
1 1 0.829439
1 3 0.500000
1 10 0.531899
1 12 0.500000
2 2 0.597034
2 3 0.500000
2 4 0.594843
2 5 0.624193
2 6 0.859873
2 7 0.605138
2 8 0.569087
2 9 0.585050
2 10 0.521164
2 11 0.583227
2 12 0.500000
2 13 0.599947
2 14 0.500000
3 1 0.500000
3 2 0.500000
3 3 0.500000
3 4 0.500000
3 5 0.500000
3 6 0.500000
3 7 0.500000
3 8 0.500000
3 9 0.500000
3 10 0.500000
3 11 0.500000
3 12 0.500000
3 13 0.500000
3 14 0.500000
4 2 0.594843
4 3 0.500000
4 4 0.970477
4 5 0.868090
4 6 0.887657
4 7 0.677937
4 8 0.699166
4 9 0.639680
4 10 0.486331
4 11 0.611803
4 12 0.500000
4 13 0.592752
5 2 0.624193
5 3 0.500000
5 4 0.868090
5 5 0.946101
5 6 0.982976
5 7 0.686879
5 8 0.852940
5 9 0.641918
5 10 0.497038
5 11 0.618458
5 12 0.500000
5 13 0.604570
5 14 0.500000
6 2 0.859873
6 3 0.500000
6 4 0.887657
6 5 0.982976
6 6 1.000000
6 7 0.860197
6 8 0.932384
6 9 0.837258
6 10 0.566954
6 11 0.814785
6 12 0.500000
6 13 0.844121
6 14 0.500000
7 2 0.605138
7 3 0.500000
7 4 0.677937
7 5 0.686879
7 6 0.860197
7 7 0.649458
7 8 0.581696
7 9 0.595687
7 10 0.515390
7 11 0.597599
7 12 0.500000
7 13 0.606973
8 2 0.569087
8 3 0.500000
8 4 0.699166
8 5 0.852940
8 6 0.932384
8 7 0.581696
8 8 0.883172
8 9 0.564079
8 10 0.501148
8 11 0.547942
8 12 0.500000
8 13 0.556685
9 2 0.585050
9 3 0.500000
9 4 0.639680
9 5 0.641918
9 6 0.837258
9 7 0.595687
9 8 0.564079
9 9 0.621885
9 10 0.502314
9 11 0.579953
9 12 0.500000
9 13 0.583685
9 14 0.500000
10 1 0.531899
10 2 0.521164
10 3 0.500000
10 4 0.486331
10 5 0.497038
10 6 0.566954
10 7 0.515390
10 8 0.501148
10 9 0.502314
10 10 0.514106
10 11 0.515075
10 12 0.500000
10 13 0.523691
10 14 0.500000
11 2 0.583227
11 3 0.500000
11 4 0.611803
11 5 0.618458
11 6 0.814785
11 7 0.597599
11 8 0.547942
11 9 0.579953
11 10 0.515075
11 11 0.575989
11 12 0.500000
11 13 0.586184
12 1 0.500000
12 2 0.500000
12 3 0.500000
12 4 0.500000
12 5 0.500000
12 6 0.500000
12 7 0.500000
12 8 0.500000
12 9 0.500000
12 10 0.500000
12 11 0.500000
12 12 0.500000
12 13 0.500000
12 14 0.500000
13 2 0.599947
13 3 0.500000
13 4 0.592752
13 5 0.604570
13 6 0.844121
13 7 0.606973
13 8 0.556685
13 9 0.583685
13 10 0.523691
13 11 0.586184
13 12 0.500000
13 13 0.607556
14 2 0.500000
14 3 0.500000
14 5 0.500000
14 6 0.500000
14 9 0.500000
14 10 0.500000
14 12 0.500000
14 14 0.500000
