1 2 0.709091
1 4 0.741292
1 5 0.673924
1 6 0.719352
1 7 0.696887
1 8 0.714092
1 9 0.579015
1 11 0.667669
1 13 0.673121
1 14 0.500000
2 1 0.709091
4 1 0.741292
4 14 0.500000
5 1 0.673924
6 1 0.719352
7 1 0.696887
7 14 0.500000
8 1 0.714092
8 14 0.500000
9 1 0.579015
11 1 0.667669
11 14 0.500000
13 1 0.673121
13 14 0.500000
14 1 0.500000
14 4 0.500000
14 7 0.500000
14 8 0.500000
14 11 0.500000
14 13 0.500000
1 1 0.844681
1 3 0.500000
1 10 0.500656
1 12 0.500000
2 2 0.621388
2 3 0.500000
2 4 0.636576
2 5 0.570090
2 6 0.627206
2 7 0.594251
2 8 0.610766
2 9 0.540187
2 10 0.501652
2 11 0.591613
2 12 0.500000
2 13 0.601664
2 14 0.500000
3 1 0.500000
3 2 0.500000
3 3 0.500000
3 4 0.500000
3 5 0.500000
3 6 0.500000
3 7 0.500000
3 8 0.500000
3 9 0.500000
3 10 0.500000
3 11 0.500000
3 12 0.500000
3 13 0.500000
3 14 0.500000
4 2 0.636576
4 3 0.500000
4 4 0.683443
4 5 0.605450
4 6 0.644467
4 7 0.616836
4 8 0.632101
4 9 0.533439
4 10 0.496391
4 11 0.607585
4 12 0.500000
4 13 0.588838
5 2 0.570090
5 3 0.500000
5 4 0.605450
5 5 0.818189
5 6 0.602980
5 7 0.586884
5 8 0.609794
5 9 0.571926
5 10 0.500800
5 11 0.571230
5 12 0.500000
5 13 0.609476
5 14 0.500000
6 2 0.627206
6 3 0.500000
6 4 0.644467
6 5 0.602980
6 6 0.655509
6 7 0.606299
6 8 0.608827
6 9 0.524102
6 10 0.500382
6 11 0.597342
6 12 0.500000
6 13 0.606078
6 14 0.500000
7 2 0.594251
7 3 0.500000
7 4 0.616836
7 5 0.586884
7 6 0.606299
7 7 0.896278
7 8 0.634745
7 9 0.616400
7 10 0.517121
7 11 0.578711
7 12 0.500000
7 13 0.554765
8 2 0.610766
8 3 0.500000
8 4 0.632101
8 5 0.609794
8 6 0.608827
8 7 0.634745
8 8 0.643036
8 9 0.534321
8 10 0.495782
8 11 0.593393
8 12 0.500000
8 13 0.578415
9 2 0.540187
9 3 0.500000
9 4 0.533439
9 5 0.571926
9 6 0.524102
9 7 0.616400
9 8 0.534321
9 9 0.755018
9 10 0.527044
9 11 0.526354
9 12 0.500000
9 13 0.597210
9 14 0.500000
10 1 0.500656
10 2 0.501652
10 3 0.500000
10 4 0.496391
10 5 0.500800
10 6 0.500382
10 7 0.517121
10 8 0.495782
10 9 0.527044
10 10 0.506766
10 11 0.499518
10 12 0.500000
10 13 0.511603
10 14 0.500000
11 2 0.591613
11 3 0.500000
11 4 0.607585
11 5 0.571230
11 6 0.597342
11 7 0.578711
11 8 0.593393
11 9 0.526354
11 10 0.499518
11 11 0.572117
11 12 0.500000
11 13 0.571803
12 1 0.500000
12 2 0.500000
12 3 0.500000
12 4 0.500000
12 5 0.500000
12 6 0.500000
12 7 0.500000
12 8 0.500000
12 9 0.500000
12 10 0.500000
12 11 0.500000
12 12 0.500000
12 13 0.500000
12 14 0.500000
13 2 0.601664
13 3 0.500000
13 4 0.588838
13 5 0.609476
13 6 0.606078
13 7 0.554765
13 8 0.578415
13 9 0.597210
13 10 0.511603
13 11 0.571803
13 12 0.500000
13 13 0.665994
14 2 0.500000
14 3 0.500000
14 5 0.500000
14 6 0.500000
14 9 0.500000
14 10 0.500000
14 12 0.500000
14 14 0.500000
