2.081778
1.962261
2.736213
2.451958
2.461385
3.275192
3.288557
1.762253
2.768038
1.942336
3.059651
1.088991
1.837445
2.091996
3.820002
2.137250
5.303305
2.023357
3.048988
1.657776
1.504779
1.796211
1.625686
1.757902
2.891877
1.363987
2.796487
1.304206
2.021911
3.113377
2.061488
2.426001
4.417782
2.142524
1.895320
1.532914
2.591524
2.095444
1.904373
2.317067
2.190271
1.552367
5.298870
2.014815
3.163337
3.645158
2.832626
1.659547
3.418716
1.903723
3.689259
3.170244
1.629057
3.264627
2.030008
2.741985
1.561061
2.042895
1.690624
2.600838
2.979528
2.757262
1.569648
2.195951
2.016625
3.124537
4.109636
1.414835
1.240631
2.512198
2.048730
2.492827
2.047759
2.443313
1.706968
3.623995
1.826523
1.392793
2.064087
2.743161
2.130925
1.959764
2.848072
1.783734
2.894505
2.997769
1.738621
2.644037
2.913369
4.980221
1.736858
1.628449
3.137933
3.087459
1.756674
2.667434
1.788128
3.135296
2.736575
2.679382
1.720065
1.908127
2.181253
2.516963
1.436821
3.379605
1.458867
3.112285
2.930458
2.056561
1.594500
1.471649
1.741001
1.573722
2.455811
2.151559
2.091025
1.365793
2.832476
1.493135
1.550112
3.349316
1.984603
1.731012
2.624835
3.581357
2.123486
1.944323
2.478993
2.447898
2.943550
2.150537
3.958934
1.689869
1.633433
2.208033
1.884768
1.977917
2.411375
2.155759
3.149074
1.958412
1.385168
1.308900
1.739695
1.846591
2.093160
2.103154
2.063040
2.207401
1.581131
2.590780
2.433750
1.819997
3.016274
1.338858
1.498655
2.828705
1.837784
5.488372
1.553135
4.009207
1.654129
1.832716
2.653413
2.447057
2.912635
1.497249
2.595148
2.537106
2.791404
2.112444
2.374384
2.311327
2.979561
2.219945
2.872419
2.864318
1.888666
1.583791
1.572419
2.820558
2.037635
1.606832
2.804705
1.763268
2.265769
3.031229
1.491593
1.822501
1.352782
1.595789
3.354740
2.288018
1.290943
2.079904
2.317307
1.487296
1.497973
2.020491
1.592278
1.850854
2.426908
2.078198
2.331855
1.210067
1.611140
2.439325
2.835652
1.354442
2.026504
4.952135
2.241893
2.366053
1.800018
2.231591
2.121382
1.723547
2.054308
2.055543
2.590590
2.076694
1.182432
2.936301
2.518508
1.804600
1.838006
