2.132614
2.049944
2.359447
2.593230
3.550801
1.991438
2.514310
2.313887
2.268852
2.320599
1.994930
3.738046
1.832036
1.768512
2.206097
2.770554
2.031340
1.910089
2.253984
2.043560
2.076486
3.212330
2.455440
2.702414
2.862938
1.759459
1.689811
2.815429
2.340405
4.284618
2.206757
2.210126
1.707460
1.921275
3.696873
2.166233
2.424394
2.072259
2.289077
3.295658
2.467523
2.382305
2.117142
2.882913
2.532407
3.369668
4.012071
3.077689
2.102059
2.312788
2.404273
3.292234
2.659433
2.979625
4.293286
2.912903
2.614392
2.136713
2.307107
2.297507
3.039428
2.669808
3.477375
2.913732
1.757061
2.451084
3.432362
3.574245
3.374590
2.608187
2.256214
2.656172
1.808874
3.763735
3.096298
2.628898
2.385248
3.426314
2.716786
2.649910
2.883965
1.873982
1.704028
2.337833
2.476031
2.337870
1.816496
1.751074
3.122880
2.636288
4.343469
2.691774
2.928377
1.791443
5.409571
1.927023
2.274693
2.581252
1.961739
1.575284
2.400616
3.843675
4.144741
2.184325
2.337753
3.033768
2.460111
3.796594
2.982022
2.244553
2.292156
2.318008
2.354221
2.335866
3.165647
2.151498
2.070734
3.814403
3.056276
3.816406
1.532791
2.180012
1.976314
1.889600
2.398966
1.913075
2.212830
2.745418
1.903982
2.166616
2.349660
2.168409
2.697743
2.084770
2.837498
1.760057
2.131094
2.398732
3.744395
2.329793
2.184474
2.064562
3.238939
1.935855
3.372307
2.883123
2.881726
2.773087
1.995626
4.071102
2.044334
3.015147
2.764704
2.963624
1.957225
3.523417
4.771683
3.064654
2.164391
2.479866
2.580273
3.345277
1.710833
2.578905
2.350096
2.013749
1.343293
2.394129
2.221607
2.415505
2.385456
2.798899
2.163230
1.998295
3.184656
2.202824
2.440009
3.237185
2.490590
2.545022
1.627359
2.784841
2.081203
1.885436
1.830784
2.026626
1.746201
2.439048
1.760709
2.052742
2.199685
3.127283
2.006703
1.665663
2.400172
2.594104
1.825305
1.689981
1.579638
1.870594
3.402771
3.249660
2.460499
3.818874
1.796121
2.831328
1.677322
2.582936
2.778140
2.766286
2.172749
2.570830
1.603581
2.837785
2.245502
2.405635
2.689712
2.082657
2.074786
1.804163
2.440099
2.612374
1.847483
1.685681
2.440191
3.199500
2.041703
1.935755
3.035021
3.051357
1.961328
2.612426
2.762151
1.577900
2.605569
2.340759
2.300988
2.527546
2.011128
1.635917
2.183990
2.312613
2.265220
2.838643
3.284511
1.614110
2.530930
1.515321
2.186587
2.622901
2.653498
1.861673
1.876780
1.476066
3.158246
1.057405
3.233126
1.750682
3.727130
3.612639
2.179085
2.205544
2.241059
2.204186
1.530723
2.078267
2.222068
1.887317
2.564401
2.165347
3.163710
2.181669
1.701201
4.459419
3.099414
2.126343
2.528987
2.752637
1.869905
2.387736
3.145812
1.438085
3.170467
2.347651
1.909639
2.265208
2.180752
2.877290
1.427624
2.149289
1.882884
2.608035
2.246109
2.112020
1.946448
3.675252
2.819563
2.328449
2.219042
2.464342
1.693865
2.821548
2.360440
2.016461
2.229263
2.607399
2.844860
1.594709
3.036803
2.493731
2.448705
1.896903
1.380504
2.022067
1.459953
3.004318
2.717542
1.515468
1.570830
2.407238
2.173545
1.605926
1.480125
1.797248
2.036469
2.844359
2.135294
2.311849
1.477184
2.138179
2.195935
2.075633
2.323309
2.743197
3.672224
