3.025786
1.940338
3.360098
3.392354
1.298676
1.178177
2.287204
1.656324
1.139444
2.287667
2.754535
1.815848
1.904298
1.280227
1.779154
2.251871
1.763986
2.695131
1.457904
2.130386
1.445077
1.270658
1.776860
2.350044
1.433872
2.249218
2.012610
1.903039
1.342022
2.366767
2.652747
1.478958
1.698443
1.768168
1.251501
0.882746
0.997740
1.234733
2.221947
2.097795
1.476604
1.238390
0.967674
1.402094
3.192444
2.268108
2.531239
1.751018
2.343814
1.651962
1.935957
1.091203
1.728746
1.619043
1.947439
2.025944
2.044225
1.173702
1.843984
3.194626
1.630377
1.863954
1.135321
2.244677
2.338071
1.332244
1.821459
1.905540
2.391258
1.627453
2.029290
1.784259
1.050176
1.936057
1.765883
1.475735
1.924685
2.346960
2.081642
2.070401
2.573406
1.378325
3.829715
1.012172
1.346026
1.942623
2.875304
1.726834
1.956763
1.284292
1.752775
1.413115
1.263492
2.763195
1.268322
1.834448
2.822355
1.045961
1.782559
1.618681
2.075115
1.401441
2.924569
1.235539
1.983459
1.279431
1.933244
1.377856
2.339870
2.333022
0.760029
2.810071
1.266228
1.475867
1.509284
1.626992
2.303361
1.424973
1.551205
1.282746
1.471999
2.053282
2.763742
1.540518
1.732938
1.563520
2.610646
1.091213
2.893477
2.938727
1.846941
1.464422
1.367646
1.437436
0.991736
1.802442
2.287580
1.473396
2.270729
2.131659
2.494593
1.719764
2.590079
1.675232
2.906850
1.337204
2.030282
2.850892
1.803880
2.320309
1.419157
1.729211
1.252711
1.260666
1.396784
2.639833
1.964364
1.626588
2.618459
2.508699
1.329951
1.815483
1.558769
1.773572
1.385195
1.942744
2.783632
1.376640
1.511172
2.398683
2.398847
2.052894
1.480420
1.574700
3.003474
1.566982
1.418586
1.008480
1.307815
2.233218
2.537241
1.635816
1.778909
1.256576
0.934428
2.355499
1.563866
1.095622
1.570093
2.821480
4.180355
1.640288
1.848113
2.856095
1.195920
2.047439
2.475680
