1 2 0.638544
1 4 0.975991
1 5 0.956070
1 6 0.946795
1 7 0.857865
1 8 0.886194
1 9 0.923252
1 11 0.500000
1 13 0.888885
1 14 0.500000
2 1 0.638544
4 1 0.975991
4 14 0.500000
5 1 0.956070
6 1 0.946795
7 1 0.857865
7 14 0.500000
8 1 0.886194
8 14 0.500000
9 1 0.923252
11 1 0.500000
11 14 0.500000
13 1 0.888885
13 14 0.500000
14 1 0.500000
14 4 0.500000
14 7 0.500000
14 8 0.500000
14 11 0.500000
14 13 0.500000
1 1 0.993191
1 3 0.500000
1 10 0.575275
1 12 0.500000
2 2 0.564982
2 3 0.500000
2 4 0.617674
2 5 0.584111
2 6 0.584146
2 7 0.569083
2 8 0.545124
2 9 0.567479
2 10 0.492258
2 11 0.500000
2 12 0.500000
2 13 0.559270
2 14 0.500000
3 1 0.500000
3 2 0.500000
3 3 0.500000
3 4 0.500000
3 5 0.500000
3 6 0.500000
3 7 0.500000
3 8 0.500000
3 9 0.500000
3 10 0.500000
3 11 0.500000
3 12 0.500000
3 13 0.500000
3 14 0.500000
4 2 0.617674
4 3 0.500000
4 4 0.949616
4 5 0.906112
4 6 0.889607
4 7 0.788018
4 8 0.810976
4 9 0.859460
4 10 0.550907
4 11 0.500000
4 12 0.500000
4 13 0.828659
5 2 0.584111
5 3 0.500000
5 4 0.906112
5 5 0.879692
5 6 0.859157
5 7 0.750528
5 8 0.777273
5 9 0.826711
5 10 0.540208
5 11 0.500000
5 12 0.500000
5 13 0.786209
5 14 0.500000
6 2 0.584146
6 3 0.500000
6 4 0.889607
6 5 0.859157
6 6 0.859300
6 7 0.738409
6 8 0.757662
6 9 0.816678
6 10 0.544783
6 11 0.500000
6 12 0.500000
6 13 0.768817
6 14 0.500000
7 2 0.569083
7 3 0.500000
7 4 0.788018
7 5 0.750528
7 6 0.738409
7 7 0.691258
7 8 0.689544
7 9 0.707343
7 10 0.512467
7 11 0.500000
7 12 0.500000
7 13 0.676751
8 2 0.545124
8 3 0.500000
8 4 0.810976
8 5 0.777273
8 6 0.757662
8 7 0.689544
8 8 0.729569
8 9 0.738206
8 10 0.536714
8 11 0.500000
8 12 0.500000
8 13 0.697950
9 2 0.567479
9 3 0.500000
9 4 0.859460
9 5 0.826711
9 6 0.816678
9 7 0.707343
9 8 0.738206
9 9 0.790858
9 10 0.542269
9 11 0.500000
9 12 0.500000
9 13 0.737828
9 14 0.500000
10 1 0.575275
10 2 0.492258
10 3 0.500000
10 4 0.550907
10 5 0.540208
10 6 0.544783
10 7 0.512467
10 8 0.536714
10 9 0.542269
10 10 0.522135
10 11 0.500000
10 12 0.500000
10 13 0.530102
10 14 0.500000
11 2 0.500000
11 3 0.500000
11 4 0.500000
11 5 0.500000
11 6 0.500000
11 7 0.500000
11 8 0.500000
11 9 0.500000
11 10 0.500000
11 11 0.500000
11 12 0.500000
11 13 0.500000
12 1 0.500000
12 2 0.500000
12 3 0.500000
12 4 0.500000
12 5 0.500000
12 6 0.500000
12 7 0.500000
12 8 0.500000
12 9 0.500000
12 10 0.500000
12 11 0.500000
12 12 0.500000
12 13 0.500000
12 14 0.500000
13 2 0.559270
13 3 0.500000
13 4 0.828659
13 5 0.786209
13 6 0.768817
13 7 0.676751
13 8 0.697950
13 9 0.737828
13 10 0.530102
13 11 0.500000
13 12 0.500000
13 13 0.707365
14 2 0.500000
14 3 0.500000
14 5 0.500000
14 6 0.500000
14 9 0.500000
14 10 0.500000
14 12 0.500000
14 14 0.500000
