1 2 0.572390
1 4 0.633184
1 5 0.580095
1 6 0.643850
1 7 0.571515
1 8 0.562534
1 9 0.565524
1 11 0.500000
1 13 0.557494
1 14 0.500000
2 1 0.572390
4 1 0.633184
4 14 0.500000
5 1 0.580095
6 1 0.643850
7 1 0.571515
7 14 0.500000
8 1 0.562534
8 14 0.500000
9 1 0.565524
11 1 0.500000
11 14 0.500000
13 1 0.557494
13 14 0.500000
14 1 0.500000
14 4 0.500000
14 7 0.500000
14 8 0.500000
14 11 0.500000
14 13 0.500000
1 1 0.659385
1 3 0.500000
1 10 0.514209
1 12 0.500000
2 2 0.537685
2 3 0.500000
2 4 0.561240
2 5 0.529607
2 6 0.587106
2 7 0.540804
2 8 0.535420
2 9 0.532937
2 10 0.507152
2 11 0.500000
2 12 0.500000
2 13 0.529499
2 14 0.500000
3 1 0.500000
3 2 0.500000
3 3 0.500000
3 4 0.500000
3 5 0.500000
3 6 0.500000
3 7 0.500000
3 8 0.500000
3 9 0.500000
3 10 0.500000
3 11 0.500000
3 12 0.500000
3 13 0.500000
3 14 0.500000
4 2 0.561240
4 3 0.500000
4 4 0.632320
4 5 0.559182
4 6 0.619285
4 7 0.548696
4 8 0.540853
4 9 0.548850
4 10 0.510970
4 11 0.500000
4 12 0.500000
4 13 0.543063
5 2 0.529607
5 3 0.500000
5 4 0.559182
5 5 0.572260
5 6 0.535520
5 7 0.547837
5 8 0.525958
5 9 0.528120
5 10 0.504734
5 11 0.500000
5 12 0.500000
5 13 0.522144
5 14 0.500000
6 2 0.587106
6 3 0.500000
6 4 0.619285
6 5 0.535520
6 6 0.967041
6 7 0.679337
6 8 0.630269
6 9 0.601734
6 10 0.520388
6 11 0.500000
6 12 0.500000
6 13 0.581705
6 14 0.500000
7 2 0.540804
7 3 0.500000
7 4 0.548696
7 5 0.547837
7 6 0.679337
7 7 0.711672
7 8 0.556044
7 9 0.538100
7 10 0.498759
7 11 0.500000
7 12 0.500000
7 13 0.543818
8 2 0.535420
8 3 0.500000
8 4 0.540853
8 5 0.525958
8 6 0.630269
8 7 0.556044
8 8 0.737179
8 9 0.515005
8 10 0.512930
8 11 0.500000
8 12 0.500000
8 13 0.547148
9 2 0.532937
9 3 0.500000
9 4 0.548850
9 5 0.528120
9 6 0.601734
9 7 0.538100
9 8 0.515005
9 9 0.537622
9 10 0.507609
9 11 0.500000
9 12 0.500000
9 13 0.526102
9 14 0.500000
10 1 0.514209
10 2 0.507152
10 3 0.500000
10 4 0.510970
10 5 0.504734
10 6 0.520388
10 7 0.498759
10 8 0.512930
10 9 0.507609
10 10 0.503820
10 11 0.500000
10 12 0.500000
10 13 0.505047
10 14 0.500000
11 2 0.500000
11 3 0.500000
11 4 0.500000
11 5 0.500000
11 6 0.500000
11 7 0.500000
11 8 0.500000
11 9 0.500000
11 10 0.500000
11 11 0.500000
11 12 0.500000
11 13 0.500000
12 1 0.500000
12 2 0.500000
12 3 0.500000
12 4 0.500000
12 5 0.500000
12 6 0.500000
12 7 0.500000
12 8 0.500000
12 9 0.500000
12 10 0.500000
12 11 0.500000
12 12 0.500000
12 13 0.500000
12 14 0.500000
13 2 0.529499
13 3 0.500000
13 4 0.543063
13 5 0.522144
13 6 0.581705
13 7 0.543818
13 8 0.547148
13 9 0.526102
13 10 0.505047
13 11 0.500000
13 12 0.500000
13 13 0.529541
14 2 0.500000
14 3 0.500000
14 5 0.500000
14 6 0.500000
14 9 0.500000
14 10 0.500000
14 12 0.500000
14 14 0.500000
