1 2 0.562347
1 4 0.556387
1 5 0.593894
1 6 0.578182
1 7 0.557776
1 8 0.585635
1 9 0.757900
1 11 0.560859
1 13 0.554834
1 14 0.500000
2 1 0.562347
4 1 0.556387
4 14 0.500000
5 1 0.593894
6 1 0.578182
7 1 0.557776
7 14 0.500000
8 1 0.585635
8 14 0.500000
9 1 0.757900
11 1 0.560859
11 14 0.500000
13 1 0.554834
13 14 0.500000
14 1 0.500000
14 4 0.500000
14 7 0.500000
14 8 0.500000
14 11 0.500000
14 13 0.500000
1 1 0.634273
1 3 0.500000
1 10 0.521956
1 12 0.500000
2 2 0.531167
2 3 0.500000
2 4 0.522563
2 5 0.548210
2 6 0.534367
2 7 0.526661
2 8 0.543649
2 9 0.644183
2 10 0.510149
2 11 0.528213
2 12 0.500000
2 13 0.525679
2 14 0.500000
3 1 0.500000
3 2 0.500000
3 3 0.500000
3 4 0.500000
3 5 0.500000
3 6 0.500000
3 7 0.500000
3 8 0.500000
3 9 0.500000
3 10 0.500000
3 11 0.500000
3 12 0.500000
3 13 0.500000
3 14 0.500000
4 2 0.522563
4 3 0.500000
4 4 0.939846
4 5 0.532747
4 6 0.848536
4 7 0.497297
4 8 0.575774
4 9 0.482481
4 10 0.527980
4 11 0.539607
4 12 0.500000
4 13 0.512612
5 2 0.548210
5 3 0.500000
5 4 0.532747
5 5 0.582392
5 6 0.538804
5 7 0.539661
5 8 0.556690
5 9 0.707243
5 10 0.514718
5 11 0.543677
5 12 0.500000
5 13 0.538659
5 14 0.500000
6 2 0.534367
6 3 0.500000
6 4 0.848536
6 5 0.538804
6 6 0.958259
6 7 0.527350
6 8 0.582310
6 9 0.885130
6 10 0.529090
6 11 0.541905
6 12 0.500000
6 13 0.552099
6 14 0.500000
7 2 0.526661
7 3 0.500000
7 4 0.497297
7 5 0.539661
7 6 0.527350
7 7 0.530489
7 8 0.531581
7 9 0.643047
7 10 0.507822
7 11 0.525443
7 12 0.500000
7 13 0.525097
8 2 0.543649
8 3 0.500000
8 4 0.575774
8 5 0.556690
8 6 0.582310
8 7 0.531581
8 8 0.762820
8 9 0.841631
8 10 0.528207
8 11 0.539460
8 12 0.500000
8 13 0.529344
9 2 0.644183
9 3 0.500000
9 4 0.482481
9 5 0.707243
9 6 0.885130
9 7 0.643047
9 8 0.841631
9 9 0.999668
9 10 0.569433
9 11 0.629702
9 12 0.500000
9 13 0.625342
9 14 0.500000
10 1 0.521956
10 2 0.510149
10 3 0.500000
10 4 0.527980
10 5 0.514718
10 6 0.529090
10 7 0.507822
10 8 0.528207
10 9 0.569433
10 10 0.505493
10 11 0.510206
10 12 0.500000
10 13 0.508016
10 14 0.500000
11 2 0.528213
11 3 0.500000
11 4 0.539607
11 5 0.543677
11 6 0.541905
11 7 0.525443
11 8 0.539460
11 9 0.629702
11 10 0.510206
11 11 0.527746
11 12 0.500000
11 13 0.524194
12 1 0.500000
12 2 0.500000
12 3 0.500000
12 4 0.500000
12 5 0.500000
12 6 0.500000
12 7 0.500000
12 8 0.500000
12 9 0.500000
12 10 0.500000
12 11 0.500000
12 12 0.500000
12 13 0.500000
12 14 0.500000
13 2 0.525679
13 3 0.500000
13 4 0.512612
13 5 0.538659
13 6 0.552099
13 7 0.525097
13 8 0.529344
13 9 0.625342
13 10 0.508016
13 11 0.524194
13 12 0.500000
13 13 0.526020
14 2 0.500000
14 3 0.500000
14 5 0.500000
14 6 0.500000
14 9 0.500000
14 10 0.500000
14 12 0.500000
14 14 0.500000
