1.674589
1.690240
3.049671
2.176071
1.864645
1.680798
1.241903
2.251255
1.754473
1.742173
2.308529
2.011283
2.869821
3.922261
1.461068
2.800765
2.184776
1.268292
1.628275
2.036459
1.603288
4.904708
1.493434
1.183650
1.237940
1.270113
1.794001
2.270307
2.231325
2.185748
1.751921
2.101707
1.815575
1.370466
1.588657
2.154196
1.210111
1.642187
1.876604
1.645777
1.809002
1.730649
2.942566
1.653602
1.433245
1.815728
1.671714
2.579048
1.666009
1.830870
3.072681
2.037555
1.826960
2.504681
1.380223
2.167572
1.826859
3.467551
1.864160
1.855449
2.776794
1.500000
2.026011
3.389518
1.579982
1.324065
1.845354
1.452710
2.125987
1.851464
1.375199
1.406536
1.634929
2.289500
2.487061
1.183060
1.209655
1.984894
2.023128
2.049315
1.732002
1.150583
1.720830
3.185310
1.411735
1.732975
2.365573
1.555879
2.817625
1.290398
1.346779
1.434684
1.319836
1.282734
1.897017
1.459716
1.669701
1.293206
2.433257
1.823468
1.611735
3.536316
1.265229
1.957607
1.527626
1.839038
1.262502
1.586464
1.463564
2.745136
2.064138
1.917827
1.998833
1.296146
2.976063
2.481991
1.447575
1.626941
1.931469
1.969352
2.185523
1.494701
1.523694
2.336001
1.440184
1.323491
1.350278
1.137214
1.923903
2.248575
1.097809
1.857063
1.390159
1.640515
1.382939
1.394028
1.103454
1.787609
1.556765
1.454111
1.471345
1.505765
1.662012
1.298235
1.658406
1.710576
1.402691
1.523760
1.522524
1.363730
2.422905
2.252398
1.539461
1.511706
2.147670
1.434851
1.963315
1.513422
2.136069
1.284364
3.091001
0.927906
3.083628
2.831860
1.146713
2.288597
1.373842
1.899903
1.555971
1.954508
2.251992
0.988901
1.282991
1.747712
1.866831
1.423132
1.975942
1.905974
1.770965
1.138403
1.485510
2.618798
0.989436
1.981210
1.780011
2.070830
1.255699
1.343011
1.868243
1.428067
1.383478
2.225101
2.757454
2.582535
1.456275
1.614096
2.109627
1.285920
1.472474
1.251890
1.319760
1.902701
1.696299
1.024602
1.962909
1.410794
1.650633
2.284045
1.393539
1.561006
1.173286
3.194006
1.147043
0.901240
1.889760
1.562452
2.946834
2.107573
2.477643
1.798872
1.425848
1.179415
1.555255
2.220966
2.025415
1.436988
3.708464
2.039236
1.288509
2.046905
2.837532
1.455963
1.348336
1.862951
1.651321
1.218158
1.507265
1.458313
2.159301
1.141897
1.657751
1.165941
1.517120
2.433411
2.612320
2.184282
1.808582
1.670117
1.267114
1.042357
1.594546
1.622513
1.586612
1.164478
1.416954
2.528904
0.835256
1.498029
1.283706
1.564044
1.257063
1.870622
1.538595
1.497216
1.660888
2.292356
2.143936
2.147964
1.624282
2.488369
2.067194
1.697380
2.200522
1.538919
3.101111
1.115346
1.447277
1.526221
1.666435
2.089892
1.140046
1.205969
2.152107
1.710432
1.266841
1.306927
1.560124
0.782464
1.490152
1.801355
2.188320
2.529096
1.690336
3.196692
2.192949
2.231495
1.032277
1.409303
1.761895
2.978754
1.303999
1.201035
2.023926
1.174034
2.287033
1.523043
1.215302
1.752449
2.001313
1.918969
2.398668
1.868865
1.766956
1.740400
1.132197
3.950420
1.865391
1.617243
1.576548
1.549619
1.608760
2.003668
1.577456
1.880355
1.143985
2.343872
2.401054
2.908486
1.702441
1.621202
1.240372
1.359794
1.482183
1.898025
2.616093
1.442862
2.522297
2.742976
1.022374
2.213329
2.133842
1.788756
0.854276
1.660827
1.512321
1.526196
1.983088
1.228363
3.067271
1.656126
1.084058
1.564810
2.074014
2.338627
1.760522
0.855936
2.123123
2.127387
1.501409
1.398057
1.251873
1.275673
2.510979
1.137891
1.143782
1.643522
1.076615
1.406429
1.024557
1.813039
1.835464
1.480201
1.655930
1.579390
1.922046
1.688250
2.013927
1.769057
1.494356
1.770393
2.687742
2.575959
1.858903
2.198619
1.341694
1.379813
1.280260
2.744509
1.293886
1.823414
1.836905
2.145244
2.408057
1.127880
1.059469
1.969882
1.761229
1.287511
1.713891
1.323455
1.851527
1.715621
0.950832
1.354317
1.883394
1.235047
1.171846
2.036727
1.777463
2.209534
2.980890
2.095473
1.299686
2.172810
2.578806
2.050215
1.927009
1.939704
2.561297
1.088389
1.351423
1.110680
1.317064
1.825733
1.753612
1.842180
1.596767
1.388803
1.288900
1.141018
1.592618
4.576560
1.717774
1.264196
1.780090
2.288049
1.404820
1.653095
2.114377
2.251664
2.362943
2.009715
1.644594
1.658291
1.391506
2.380597
1.708777
1.092863
2.720171
1.494598
2.056031
1.437866
3.228101
1.765311
2.026707
1.488433
1.431983
1.133506
2.316044
2.011390
1.180550
1.155911
1.058961
2.351010
1.627645
2.351619
1.968340
1.771289
1.560896
1.007459
1.508935
1.602291
1.159589
1.241110
1.065498
2.786686
1.664355
1.841657
1.517487
3.242759
1.412188
2.373471
2.854772
2.966249
2.732996
1.384270
1.185643
1.270933
1.748991
2.159086
1.672318
1.907135
1.291895
1.397399
2.097662
1.710281
1.555347
2.032088
1.157717
1.147004
1.255452
1.859790
1.773364
1.056590
1.235312
1.783899
1.622466
2.435055
2.030093
1.892725
1.177587
1.766039
1.831944
0.989217
1.274186
1.092123
2.246266
1.595343
1.066081
1.749103
1.656950
1.009357
1.277104
1.696720
1.416661
1.294850
1.267031
0.937216
1.615085
3.867520
1.288570
1.908742
1.768567
1.841118
1.758618
2.325860
0.985983
2.438898
1.244263
1.254829
1.540905
1.348230
2.072699
1.913086
1.763748
3.645652
3.253742
0.988942
1.335656
1.545619
1.711684
3.680750
1.165496
1.139579
1.907439
1.818070
1.838159
1.939001
2.841836
1.274134
1.224847
1.408032
1.206347
1.032202
1.104035
2.231459
1.366259
1.690264
1.718922
1.092508
1.362994
1.410516
1.553099
1.821492
1.783260
1.654714
3.217553
1.896593
1.554987
1.942748
1.671783
1.941499
1.794064
1.745802
1.869925
2.904293
1.247181
1.637065
1.925601
1.919895
2.127774
1.184863
3.820066
2.529237
1.182536
1.072633
1.262700
2.313412
1.836796
1.718876
1.548560
2.572047
2.165207
1.293512
1.600378
1.529461
1.690436
1.268803
1.954087
2.293402
2.224416
1.414538
2.662940
2.371588
1.278596
1.507947
1.309567
1.730667
1.619368
1.801117
2.237586
1.175948
0.950419
1.149530
1.638053
1.023002
1.861062
2.241985
1.599529
2.021636
2.058904
1.589345
1.315100
1.866426
2.142626
0.897525
1.653402
1.290286
1.395163
1.094205
0.910727
2.049129
1.616482
1.232967
0.848468
1.861848
1.293367
2.104036
2.168884
1.516376
1.400794
1.092403
1.236770
1.542396
1.654858
1.906551
1.255569
2.955208
1.833553
1.322194
1.258038
2.373195
1.283878
1.554367
2.143931
1.083018
1.053713
1.501136
1.851637
1.823485
1.423094
1.773229
1.289671
2.794563
2.606535
2.279964
1.132963
3.526944
1.831085
2.079660
1.462097
0.984466
1.766726
1.714160
2.052563
1.752942
1.157829
1.413943
1.598416
1.298972
1.752429
2.271720
2.233492
2.869662
1.597787
1.199935
1.483391
2.104429
1.387073
1.596589
1.594307
2.521816
4.144010
1.796245
1.548241
1.257710
2.248932
3.297430
1.412448
1.238433
1.367256
1.526780
1.660228
1.380680
1.453842
2.501442
1.094270
1.857672
0.949194
1.343810
1.746847
1.673487
1.469992
1.036602
1.553908
1.026103
2.694036
0.968239
1.161338
1.461861
1.580463
1.769684
0.969838
1.295474
1.164947
2.131733
1.275737
2.164449
1.700624
1.340423
1.431605
2.013185
2.401302
1.693245
2.126405
2.095854
1.360886
1.159802
1.182905
0.746241
1.175923
2.484995
2.715569
1.411526
1.014184
1.710244
1.460529
1.251655
1.708703
2.320935
1.238615
1.450682
2.098242
2.010032
1.389855
1.807573
2.040289
1.269685
1.263247
1.419347
1.273408
1.058247
1.149051
1.368355
1.521490
2.829859
0.888092
1.707703
1.376484
1.444903
1.040375
1.602533
0.968645
2.377594
1.370833
1.502675
1.383693
2.542180
1.494883
1.100848
1.718188
1.827168
1.284919
1.833211
0.852789
1.416901
1.820540
3.266709
1.383143
1.303987
1.286137
1.154040
3.685793
1.838931
1.343024
1.522628
1.915517
2.060265
1.993317
1.638586
1.235097
1.330334
1.580365
1.648299
1.200945
2.059973
0.929158
1.334698
2.277725
2.449143
1.552148
1.675947
1.196808
1.105103
2.345719
1.219280
1.672154
1.810439
1.699323
1.345327
1.306636
1.497549
1.118651
1.471120
1.396190
1.308209
2.330523
1.443645
1.708983
2.623800
2.102429
1.095747
1.121917
1.907071
1.017415
1.076786
1.096708
1.869235
1.281304
1.052374
2.339091
1.143294
1.923287
3.873878
1.049178
1.460641
2.554878
1.386947
1.680307
1.153824
1.989560
1.006560
1.380154
2.246777
1.234008
3.120011
1.416896
1.050452
2.115531
2.705601
1.363239
1.264394
1.128811
0.992792
0.955643
2.334887
1.039978
1.457233
2.221954
1.240934
1.483589
1.880165
2.145632
1.257660
1.826025
1.343701
1.459884
1.732166
2.221275
1.464276
1.889269
1.752530
1.247960
1.305122
1.183355
1.187106
2.368531
1.361486
1.550136
1.142055
1.483181
0.966493
1.075833
1.170567
0.904441
1.628293
1.875959
3.264882
1.620220
2.437336
1.043144
1.594941
2.009387
1.286998
1.049994
1.792436
1.598368
1.324482
0.938976
0.984986
2.015293
1.232782
1.922598
1.775857
0.769360
1.419137
2.135232
1.300697
0.877053
1.387754
3.286351
1.463827
1.826733
1.520681
1.558796
1.127082
1.203511
1.787092
2.054130
1.281392
1.689435
1.173102
1.373445
1.599711
1.897708
1.939899
2.709441
2.186414
1.617147
2.057838
1.661835
2.143579
1.287831
2.094312
2.037576
1.417803
3.893981
2.361576
1.689951
1.212643
1.135869
1.552288
1.201045
2.240003
1.786458
1.820614
1.655221
1.739545
1.295848
0.906085
1.795287
3.385076
2.094984
1.058641
1.191480
1.612156
2.937341
1.249484
1.170493
0.995369
2.028874
0.991475
1.067775
1.568502
0.957307
1.112244
1.096714
1.097827
1.897894
0.969375
2.003269
1.180423
2.244040
1.984080
1.144808
1.700087
1.633495
1.136235
2.064200
2.419752
1.925918
1.250698
1.742879
1.023646
1.098584
1.187615
0.899790
1.656207
1.566454
1.678017
1.063666
2.143646
1.470248
1.142238
1.009297
1.733619
0.914805
2.107058
0.942550
1.968576
1.297645
1.536226
1.494063
0.982972
1.398837
0.865607
1.074914
1.165049
1.162239
2.078957
1.401867
1.574560
2.077433
1.280440
2.156103
3.040125
1.155359
1.872517
0.883034
1.835992
2.418816
1.043873
2.110221
1.316649
1.905237
1.527007
1.434837
0.941951
1.718121
1.359742
2.003346
1.768983
1.856513
1.999704
1.075691
2.888494
2.113004
1.067182
1.868018
1.358043
1.418018
2.215236
1.152342
1.731763
1.425257
1.256884
1.919898
1.904710
1.843950
2.424671
2.040016
1.104982
1.197326
1.095681
1.144748
1.338208
1.346010
1.331577
1.317134
2.054245
1.222060
1.174807
0.966078
1.577148
1.340183
2.302014
1.473587
1.438180
1.139768
1.800884
1.959937
1.197654
2.010751
1.080318
1.187742
1.322717
1.899481
2.529672
2.244494
1.745660
1.129841
1.231800
1.486861
2.648607
1.411131
1.904329
1.123167
1.421209
0.910264
0.798416
1.317835
0.820495
0.976830
0.919014
2.134510
1.697060
1.760857
1.818283
1.827686
1.574988
1.054040
1.065553
2.307654
1.822163
1.286863
0.945044
1.792678
1.322283
2.809099
0.960563
1.516447
1.055115
1.361713
1.452970
1.397398
2.199541
2.519785
1.284835
2.153469
1.898216
1.111628
1.606560
1.130065
2.141261
1.493767
1.198323
0.999233
1.403407
1.177752
1.938333
2.011316
1.705357
1.354891
0.941743
