2.479743
1.861184
1.589899
1.694299
2.909801
2.284869
2.295225
2.077451
1.919976
1.935284
2.293538
4.176696
1.553555
2.850783
2.163857
2.177777
1.621019
2.348276
3.923151
1.621038
2.672164
1.779091
1.872305
3.917236
2.910415
2.038199
1.147213
1.872445
2.895419
2.256204
2.008337
3.465733
2.096168
2.277142
1.068330
2.643314
2.181615
2.625140
2.710392
3.567742
3.522081
1.594991
2.494011
3.785039
1.521199
3.242462
1.498893
1.695328
2.938177
1.574205
1.585404
1.759614
4.680627
1.926104
3.193492
2.203771
1.703561
1.313774
1.933685
1.753873
2.168071
2.364049
1.605256
2.741233
1.861554
3.154568
1.258321
2.700514
1.986594
1.685256
3.452593
1.491258
2.464464
1.360714
1.651778
1.978636
1.436281
1.574136
2.907142
3.037615
1.551301
2.040659
2.856472
1.548300
3.849938
2.803986
1.967670
2.230125
1.952450
3.087155
1.412390
1.749030
1.683224
2.895204
1.845018
2.321888
2.458532
1.484622
1.499155
1.967816
1.335263
1.854325
2.965719
2.207088
1.687021
1.789048
1.880110
2.013038
3.792972
2.641007
1.948793
2.169373
1.868997
2.243661
1.570871
1.290629
1.682067
2.135974
4.341498
2.116792
2.400839
2.550974
1.208564
1.705914
1.192746
1.701898
2.834741
1.387210
1.708365
1.281850
2.364583
2.323252
1.474216
3.085246
2.128329
1.858083
1.547512
2.220904
1.838598
2.140087
2.745411
2.567132
1.212134
1.142240
2.329125
1.156489
4.574597
1.078017
1.695035
2.563429
2.386281
2.005684
2.037795
2.385111
3.404229
1.348025
2.158751
1.642682
1.472584
2.252231
2.058106
1.857666
2.069502
1.413454
1.274106
2.004566
4.992253
3.052801
2.519109
1.447927
2.859277
2.087929
1.814742
1.976036
1.823858
1.187304
2.458454
0.854228
1.811118
2.441479
3.093801
3.084937
1.592649
