3.608586
2.861542
2.421713
2.329602
2.842368
2.997522
2.093252
2.458141
3.159171
2.311943
3.988794
1.878369
3.292546
2.126186
4.507182
3.162241
2.121489
1.770105
2.440128
2.424531
2.343256
2.614278
3.675374
1.925837
3.776312
2.541725
2.024832
1.818631
2.633177
1.849299
2.501582
2.471954
2.084200
3.010842
3.031627
2.563517
3.743292
1.842226
1.761131
3.994814
3.168661
2.019605
3.023774
1.744252
3.338794
3.461914
3.144711
1.717008
3.091861
1.776279
1.635133
2.767779
2.542873
2.081079
2.880070
1.895232
2.018300
2.005456
3.153328
1.829109
1.526752
2.753690
1.870219
2.970751
2.134384
2.309900
2.666770
1.473403
3.439164
1.943288
2.637783
1.879964
1.749099
1.640766
2.177135
1.603987
2.962548
2.073304
1.298793
3.171968
1.830177
1.942082
4.056974
3.074565
2.419000
2.834181
3.217566
2.599213
2.261374
3.903608
2.642991
1.294347
1.676176
2.786190
1.328641
2.005867
4.724812
2.224045
2.670342
2.031230
3.434228
1.469711
2.292442
1.413130
2.214042
1.711511
3.433338
2.238492
2.210884
3.175804
2.689743
4.846379
4.272129
3.380973
2.642949
1.869762
1.894560
1.963939
3.286880
3.453747
2.039069
1.606372
1.579531
3.086486
2.101427
2.098177
2.094090
4.426678
1.536108
1.701237
2.028128
4.592660
2.058641
2.352160
2.444849
1.932102
1.989012
3.079649
1.589295
2.540652
1.835270
1.662365
1.794727
2.512105
1.199950
2.410558
1.873734
2.146796
2.328814
1.859240
1.925075
2.346157
1.647364
2.457559
2.311128
1.963884
2.091351
1.416389
1.938505
2.331472
1.444510
2.516235
2.103870
1.757843
2.568264
2.584671
3.533287
1.567608
2.038050
1.976946
2.725972
1.640640
2.445041
1.888952
4.106470
2.448624
2.102595
1.984291
1.795768
3.381460
3.494012
2.733498
2.746403
1.883554
2.527431
2.482703
2.200741
1.820621
1.642356
1.823576
3.188887
1.625704
2.052050
2.353007
2.332599
1.997623
1.953352
2.501946
3.016515
2.601730
2.555319
2.167014
3.739433
2.429923
1.359043
2.164897
3.023495
1.723982
2.018836
1.305508
1.936639
3.118254
2.991744
1.955719
2.131148
2.535054
2.004428
1.390730
2.361650
2.171722
2.984490
1.763663
2.357797
2.239565
2.097736
2.994359
2.756792
2.890440
2.979780
1.463137
1.637903
1.815241
2.578664
2.647861
2.817031
1.557207
1.529456
1.781187
2.318826
3.501042
1.998188
2.084829
2.837111
2.008837
2.647855
2.178692
3.445208
2.685225
1.961897
1.278707
1.985991
2.736062
1.297892
1.354233
1.933243
2.142928
1.845449
2.750943
1.672912
3.253845
1.786521
3.318832
2.241035
2.469126
1.622342
1.585814
2.671540
2.065854
1.710019
1.175748
1.433172
1.834086
2.161020
2.367672
2.610852
3.034009
2.367094
2.135895
1.892148
3.032280
2.978058
2.901209
2.385238
3.341334
3.207293
3.478102
1.831952
1.507437
2.998134
1.571675
2.309890
1.431339
1.641377
1.986712
3.765128
2.383088
1.885007
1.516554
1.507644
2.211677
1.970427
1.982743
1.483964
1.895029
