1.491265
1.821859
1.343057
3.162094
2.555457
4.780764
2.207355
2.396219
3.080382
2.631960
1.595785
1.686119
2.959925
1.161839
1.484209
1.948526
1.385341
2.008647
2.867667
1.340854
0.932058
2.097378
2.057316
2.379616
1.679283
2.112160
1.688614
1.420357
1.812634
2.216070
2.875789
1.306676
2.943302
1.853561
1.888715
2.258372
2.869493
1.117172
2.968823
1.834698
1.566292
2.493000
1.312133
1.734843
1.619226
3.786810
1.975217
2.479812
1.120130
1.246474
1.536459
1.885703
1.068989
2.510876
2.052590
1.407034
2.010855
3.027220
3.186260
1.267700
1.982793
1.316569
1.092688
3.345350
1.479316
1.000504
1.631957
2.409656
2.778474
4.127631
1.695129
2.924112
3.395684
1.268075
1.858715
1.684200
2.397116
1.218460
2.093467
1.794958
1.856932
4.125712
1.415572
3.017400
1.075038
1.332425
1.490537
1.697204
2.126762
1.664401
2.379932
2.395868
1.957346
1.801178
1.320288
1.664370
2.358952
2.517941
1.149382
2.365627
1.963130
1.963043
1.007820
5.129426
1.113276
2.794623
3.511937
2.189483
3.628723
2.201041
2.196431
2.035398
2.295514
2.462589
2.257122
2.169995
1.590069
1.509891
4.912483
1.659667
1.437132
3.982469
1.590649
2.110312
1.619767
3.805105
0.997941
2.472208
1.610238
1.747445
1.552755
1.447622
2.168648
2.757693
1.409944
1.410267
1.421328
1.394099
1.371558
1.178824
1.547925
2.787352
2.006924
2.672786
1.571074
2.754187
1.094740
1.049460
1.348687
