3.916743
3.267452
4.530071
4.264723
4.589833
3.936473
5.338099
3.701116
6.061885
4.247737
4.195073
4.337538
4.293061
4.390777
4.247563
3.094563
3.036406
4.479716
4.429765
3.873214
3.724371
3.964768
4.772655
3.666334
4.088622
2.790766
3.850676
3.546489
3.230713
4.590641
4.095916
5.698576
4.129733
5.164918
3.253587
3.827009
3.368316
4.948049
3.236804
4.655008
4.265998
4.523643
5.018085
4.606190
3.208867
4.412063
2.660326
3.613488
2.671031
5.532897
3.658769
3.456821
4.212461
5.638411
4.971390
3.318819
2.947180
3.627266
4.397481
3.381931
3.840836
4.850062
4.801601
4.959702
4.541039
3.746302
5.338628
3.598256
3.928037
3.423717
3.050323
4.053368
3.733265
4.036681
2.364492
3.013418
3.590518
6.300385
3.833534
3.944524
3.895376
4.531553
3.785894
6.122631
3.786071
4.156622
3.659168
4.204631
3.789283
4.660563
4.233740
5.384892
3.472841
3.787296
4.767288
4.243907
3.910298
4.121595
4.835361
4.747676
3.353661
3.153956
2.714756
3.473786
4.223908
3.542289
4.428490
3.314372
3.536279
3.064172
4.742364
2.745680
4.173663
3.673965
3.975444
4.451282
3.355489
4.848427
3.917268
3.191943
3.774243
3.809816
4.304398
4.577545
3.589938
3.840107
3.403720
3.609478
2.764598
3.608577
2.710984
3.162973
4.113096
3.751503
2.418912
4.131345
3.031237
4.395315
3.358154
4.135389
3.767098
2.989485
3.024724
4.786285
3.160233
4.479977
2.999978
3.632319
3.231312
3.457484
2.656852
3.514086
3.667791
2.808801
3.109410
3.279667
4.098331
3.651783
4.718756
2.435916
3.787336
3.478990
3.425031
3.902576
3.324974
3.155722
3.419677
3.347643
2.790847
3.908352
3.945936
3.385230
