2.890373
2.595575
3.273357
2.264145
2.475834
1.859726
3.172911
2.394943
2.332940
2.543685
2.223509
2.360074
1.680605
2.812015
2.607446
2.764849
2.269273
2.427736
2.814131
3.026362
3.680986
2.176233
2.606002
2.092753
2.682746
2.282204
3.150459
2.475305
2.990981
1.947749
3.565342
2.869910
2.520087
2.730182
2.247627
2.752346
2.553163
2.220285
2.236253
2.469823
2.819569
2.251348
2.970382
2.522695
2.508096
2.519976
3.277184
2.937823
2.863034
2.994808
3.102883
2.328757
2.661545
3.303083
3.270114
3.062578
2.673053
2.157977
2.801625
1.983554
2.715653
2.025117
2.631498
2.393061
2.900199
3.228227
2.145916
3.554272
3.209671
2.504572
2.543437
2.396955
2.182980
2.730314
2.144009
2.802383
2.035275
2.918480
3.260822
2.130335
2.395404
2.243700
2.716908
2.349663
2.493307
2.835138
2.895823
3.677732
3.109332
2.632352
2.766083
2.942890
3.601274
3.696107
3.938370
2.411996
2.344871
2.486108
3.841117
3.045508
3.098654
2.656412
1.928265
2.396777
2.151787
2.496763
2.662659
3.115741
3.329767
2.065655
2.446372
3.312288
2.965716
3.275629
1.846679
2.313313
3.063144
2.345612
2.622410
3.194317
2.903970
2.109494
2.114055
2.738573
2.585762
3.008495
2.723289
2.313959
2.648285
3.175328
2.869103
2.560144
2.986096
3.483021
2.503172
2.989959
1.899627
2.436323
2.603999
2.973778
2.905643
2.952556
2.393548
2.387211
2.055088
2.572635
2.416733
2.074329
