2.797152
2.902863
2.749818
4.195088
2.893718
3.780721
2.507516
2.645175
3.607486
2.200866
2.651977
2.617690
4.193177
2.540052
3.572866
3.481917
2.570076
2.413798
2.782682
2.535617
3.566035
2.972072
2.456694
2.387341
2.150687
2.627164
2.593866
3.854755
2.781579
2.976835
2.765635
2.585162
2.988298
2.863193
3.919747
3.216541
2.515314
2.626683
3.536508
3.416080
2.872843
2.726518
4.699189
3.083565
2.414736
2.615848
2.794208
2.644836
2.792556
2.844120
2.472183
2.606252
3.660003
3.162615
2.849446
1.962868
2.693847
3.390918
2.486075
2.625936
3.256082
3.373517
2.644911
2.844386
2.716511
2.482831
2.954132
2.812909
2.512885
2.188410
2.603601
2.442780
6.043341
3.072622
2.614523
2.878073
3.060165
2.606933
2.816156
3.204876
2.088974
2.221092
2.785677
2.419552
2.801257
2.254441
2.916184
3.600810
2.027683
3.158214
3.071743
3.277334
2.335391
3.970385
3.547162
3.250491
3.820510
2.822616
3.036367
2.523706
2.757043
2.381397
3.864855
2.287189
2.867122
2.214115
3.259324
3.200519
3.492813
2.912201
3.071967
4.078324
2.612372
2.640954
3.057344
2.307421
2.556277
2.425828
2.764023
3.111789
3.060348
3.213652
2.663501
3.300590
3.549402
5.339190
2.122236
2.287858
1.916033
3.794959
2.753382
2.326168
2.415267
2.689055
2.301878
2.416467
2.707226
2.492393
2.355294
2.273846
2.683043
1.899661
1.993395
2.676380
3.478966
3.240921
1.933596
2.585226
2.626572
3.177809
2.275757
2.471247
2.857368
2.283399
2.525329
2.380717
3.834390
2.218169
3.604604
2.646522
2.609801
4.196680
3.000584
2.560817
2.501984
2.702916
2.159673
2.199658
3.014998
2.664404
2.427928
2.290524
3.175723
2.196792
3.526885
2.676713
2.367111
2.395132
2.268317
2.492270
1.881468
3.530613
2.814749
2.763627
2.643057
3.167299
1.811483
3.472913
3.254761
2.220193
3.349491
1.688040
2.806194
3.183300
2.625525
3.144098
2.428372
2.475819
3.443878
3.649613
2.488597
2.304292
2.340615
2.674906
2.415223
2.173668
3.670745
2.642983
3.069650
2.077572
2.616674
3.010600
3.267066
3.229687
2.396314
2.413041
2.774831
2.848415
