2.270306
3.536155
2.709561
4.083175
3.297685
4.071661
3.389575
4.032288
2.608247
1.960532
2.264004
2.548428
3.340617
2.471120
2.588313
2.032731
2.516046
2.856906
2.691041
3.170213
2.266259
3.319040
2.583260
3.159985
2.828298
2.238885
3.326727
2.956254
2.086494
2.805151
3.189180
4.012674
2.734732
3.375876
4.018061
3.212745
2.101502
3.525968
2.048395
3.078190
3.073154
2.647819
2.745505
3.868023
2.558029
3.198743
3.335009
4.182976
2.664148
2.542723
3.824652
4.611139
3.356650
2.544874
4.288918
2.946766
3.655473
3.087191
3.436908
2.740163
2.900494
2.764504
2.871593
1.859750
2.603767
2.199865
2.776742
2.444385
3.667965
3.423640
2.398685
2.880310
2.409240
2.078051
2.919586
2.865518
2.752946
3.049284
3.611258
3.765945
2.431032
2.841028
3.153729
2.254238
3.712356
3.848411
3.566025
2.438125
2.400125
2.995623
3.098830
2.930554
2.434853
2.701550
3.532122
2.421696
3.129715
3.355550
3.070188
2.375943
2.045432
2.809862
2.270272
1.825305
2.121537
3.455604
3.964450
2.329597
2.296330
2.478871
3.312438
2.827169
2.018426
3.178779
2.136415
2.893703
2.463773
2.514262
2.343939
2.510322
2.949534
2.755825
2.271739
2.250188
4.175794
1.989327
2.933057
2.477561
3.742072
2.997319
2.161740
2.141774
3.106436
1.740062
2.104751
3.810910
2.018509
3.570603
2.705091
2.371984
2.199393
2.141386
1.995553
2.490171
2.091408
1.932876
3.163294
2.592299
2.816188
2.294984
2.496747
1.902957
3.178642
2.288553
1.995870
2.794597
3.324988
2.886397
1.673235
2.538211
2.961783
2.959515
2.858461
3.228509
3.464432
1.961973
1.667504
2.184361
2.694912
4.351929
2.119635
2.752744
2.251740
2.553590
2.565853
2.984517
2.439496
2.280427
2.514945
2.718475
2.189378
2.252121
2.133678
1.688707
2.202883
2.344758
2.862590
4.386628
2.838339
1.925607
