3.289194
2.285326
3.214177
2.044973
3.678512
3.332256
2.914976
2.709287
2.298227
4.789460
2.874698
2.662426
4.062273
2.961153
2.491558
2.907298
3.826468
3.288685
3.155388
2.421320
2.048935
2.036661
2.930229
3.588404
2.629286
2.772957
2.152327
2.580642
2.963470
2.977912
3.268220
2.959935
1.997641
2.667091
2.057869
3.614230
2.002673
2.467143
2.623505
3.872775
2.825103
2.471044
3.130657
1.870333
1.840419
2.676541
2.111935
2.886947
2.363983
2.527668
2.260384
3.889752
2.295394
4.032184
2.365135
1.970468
3.955560
2.148429
2.898770
2.161061
2.274651
2.063732
2.875679
2.879174
2.457980
3.462990
2.292597
2.721661
2.302037
2.382420
2.147681
1.746018
2.624058
2.145808
1.910832
2.458116
3.539652
2.251950
2.752436
3.268658
2.340266
2.197346
2.484767
3.270908
2.263047
2.075274
2.373750
3.193427
1.846506
3.086526
1.878480
2.407541
1.911452
4.035712
2.038178
2.528096
2.714361
4.073695
2.783837
2.015048
2.750568
2.883354
5.111900
2.153786
2.482344
3.097511
2.147776
2.611958
2.227899
2.531753
2.459516
1.959500
2.112995
2.336195
2.357545
2.268264
3.441295
2.471044
3.492822
2.728579
2.226923
2.570359
1.804556
2.155288
2.572356
2.384697
2.213228
2.128349
2.356827
2.381703
2.210579
2.804297
1.873405
2.479434
3.287565
4.535853
1.993643
2.706624
3.318408
2.439498
2.257541
2.586286
3.292183
2.118800
2.521847
2.375036
2.549074
2.471259
2.006702
2.517326
2.487427
1.845578
2.365378
2.036079
2.813151
3.272849
2.182944
2.448944
2.569819
1.944401
2.347236
1.988906
2.447441
2.476580
2.569831
2.975513
2.610749
1.445641
2.603559
2.163097
2.437057
2.016133
2.374398
2.549856
2.103564
1.861755
2.491677
2.706304
2.360122
2.777682
2.225940
2.030530
2.459049
3.293887
2.267821
2.301436
3.063547
2.037890
2.139471
1.859883
2.711194
2.362324
2.727010
2.055587
1.958480
2.720924
2.211395
2.256391
2.864037
2.247669
2.114697
2.673423
2.261009
1.924520
1.965087
2.082088
2.531000
2.912562
2.013539
2.254686
1.880660
2.025146
2.031090
2.931759
2.227388
2.442518
2.949209
3.147950
1.807470
1.909722
2.068370
1.949955
2.168612
2.234179
2.233698
2.970686
3.074725
1.666790
2.514955
3.236742
2.440111
2.523310
2.562738
2.121804
2.374513
