3.908410
2.808497
2.316275
2.429496
4.008549
4.111364
5.487962
3.414440
5.905622
3.325045
3.368587
2.392416
3.631748
4.005589
3.509674
4.052952
3.107035
4.287058
3.082715
4.224837
3.249505
4.429118
3.295861
3.781315
2.936794
2.637579
4.356510
4.663131
3.477354
4.413620
4.263296
3.807615
2.791768
3.825130
3.200939
3.219310
4.660572
3.688542
3.413990
3.357966
3.163198
4.410914
2.706321
2.685642
3.381330
2.931074
3.888510
3.223635
3.529151
3.518219
3.365189
2.623226
4.319007
2.709623
2.097099
3.924906
2.989336
3.013057
3.107812
2.834466
2.716747
2.630333
3.383802
3.584182
2.967131
3.677299
3.404411
3.258776
3.196625
3.005136
2.244441
2.733983
2.639760
3.415224
2.946105
3.438326
2.546625
3.116859
3.365219
2.881096
4.387806
3.181452
2.862057
3.643549
3.344193
2.998649
3.430333
2.311989
3.656788
2.957804
3.625143
2.674407
3.114128
3.668752
2.825292
3.262773
2.842563
3.422365
3.811831
2.550103
3.229075
3.636486
3.314053
3.172018
2.727559
2.746067
2.391350
2.615762
3.821042
3.198846
3.145078
4.080227
3.116166
3.190089
3.012706
3.048749
2.876978
3.684384
3.066752
2.562391
2.482536
2.946772
1.833063
2.417484
3.765644
2.051704
2.809912
3.639931
3.167259
2.583135
2.834557
2.934202
3.116517
