1 2 0.588267
1 4 0.896907
1 5 0.646039
1 6 0.620251
1 7 0.736661
1 8 0.634367
1 9 0.886099
1 11 0.585719
1 13 0.600709
1 14 0.500000
2 1 0.588267
4 1 0.896907
4 14 0.500000
5 1 0.646039
6 1 0.620251
7 1 0.736661
7 14 0.500000
8 1 0.634367
8 14 0.500000
9 1 0.886099
11 1 0.585719
11 14 0.500000
13 1 0.600709
13 14 0.500000
14 1 0.500000
14 4 0.500000
14 7 0.500000
14 8 0.500000
14 11 0.500000
14 13 0.500000
1 1 0.684974
1 3 0.500000
1 10 0.535218
1 12 0.500000
2 2 0.543850
2 3 0.500000
2 4 0.718676
2 5 0.570093
2 6 0.553997
2 7 0.600307
2 8 0.565743
2 9 0.716386
2 10 0.514334
2 11 0.541642
2 12 0.500000
2 13 0.539038
2 14 0.500000
3 1 0.500000
3 2 0.500000
3 3 0.500000
3 4 0.500000
3 5 0.500000
3 6 0.500000
3 7 0.500000
3 8 0.500000
3 9 0.500000
3 10 0.500000
3 11 0.500000
3 12 0.500000
3 13 0.500000
3 14 0.500000
4 2 0.718676
4 3 0.500000
4 4 0.999932
4 5 0.856775
4 6 0.830836
4 7 0.981722
4 8 0.765702
4 9 0.994970
4 10 0.692527
4 11 0.714871
4 12 0.500000
4 13 0.774196
5 2 0.570093
5 3 0.500000
5 4 0.856775
5 5 0.637522
5 6 0.586944
5 7 0.628692
5 8 0.599331
5 9 0.817591
5 10 0.531727
5 11 0.567744
5 12 0.500000
5 13 0.561822
5 14 0.500000
6 2 0.553997
6 3 0.500000
6 4 0.830836
6 5 0.586944
6 6 0.617608
6 7 0.706013
6 8 0.577068
6 9 0.773414
6 10 0.534284
6 11 0.554671
6 12 0.500000
6 13 0.563984
6 14 0.500000
7 2 0.600307
7 3 0.500000
7 4 0.981722
7 5 0.628692
7 6 0.706013
7 7 0.993992
7 8 0.687356
7 9 0.980684
7 10 0.589970
7 11 0.606007
7 12 0.500000
7 13 0.743594
8 2 0.565743
8 3 0.500000
8 4 0.765702
8 5 0.599331
8 6 0.577068
8 7 0.687356
8 8 0.617233
8 9 0.834095
8 10 0.511741
8 11 0.564681
8 12 0.500000
8 13 0.570836
9 2 0.716386
9 3 0.500000
9 4 0.994970
9 5 0.817591
9 6 0.773414
9 7 0.980684
9 8 0.834095
9 9 0.999368
9 10 0.570026
9 11 0.721453
9 12 0.500000
9 13 0.788777
9 14 0.500000
10 1 0.535218
10 2 0.514334
10 3 0.500000
10 4 0.692527
10 5 0.531727
10 6 0.534284
10 7 0.589970
10 8 0.511741
10 9 0.570026
10 10 0.523978
10 11 0.513379
10 12 0.500000
10 13 0.524595
10 14 0.500000
11 2 0.541642
11 3 0.500000
11 4 0.714871
11 5 0.567744
11 6 0.554671
11 7 0.606007
11 8 0.564681
11 9 0.721453
11 10 0.513379
11 11 0.540910
11 12 0.500000
11 13 0.538785
12 1 0.500000
12 2 0.500000
12 3 0.500000
12 4 0.500000
12 5 0.500000
12 6 0.500000
12 7 0.500000
12 8 0.500000
12 9 0.500000
12 10 0.500000
12 11 0.500000
12 12 0.500000
12 13 0.500000
12 14 0.500000
13 2 0.539038
13 3 0.500000
13 4 0.774196
13 5 0.561822
13 6 0.563984
13 7 0.743594
13 8 0.570836
13 9 0.788777
13 10 0.524595
13 11 0.538785
13 12 0.500000
13 13 0.611934
14 2 0.500000
14 3 0.500000
14 5 0.500000
14 6 0.500000
14 9 0.500000
14 10 0.500000
14 12 0.500000
14 14 0.500000
