1 2 0.799071
1 4 0.976992
1 5 0.935418
1 6 0.964948
1 7 0.723156
1 8 0.935464
1 9 0.870330
1 11 0.894866
1 13 0.914297
1 14 0.500000
2 1 0.799071
4 1 0.976992
4 14 0.500000
5 1 0.935418
6 1 0.964948
7 1 0.723156
7 14 0.500000
8 1 0.935464
8 14 0.500000
9 1 0.870330
11 1 0.894866
11 14 0.500000
13 1 0.914297
13 14 0.500000
14 1 0.500000
14 4 0.500000
14 7 0.500000
14 8 0.500000
14 11 0.500000
14 13 0.500000
1 1 0.994514
1 3 0.500000
1 10 0.563783
1 12 0.500000
2 2 0.633246
2 3 0.500000
2 4 0.737216
2 5 0.678952
2 6 0.695739
2 7 0.546683
2 8 0.668737
2 9 0.694208
2 10 0.518909
2 11 0.635185
2 12 0.500000
2 13 0.646964
2 14 0.500000
3 1 0.500000
3 2 0.500000
3 3 0.500000
3 4 0.500000
3 5 0.500000
3 6 0.500000
3 7 0.500000
3 8 0.500000
3 9 0.500000
3 10 0.500000
3 11 0.500000
3 12 0.500000
3 13 0.500000
3 14 0.500000
4 2 0.737216
4 3 0.500000
4 4 0.942928
4 5 0.859791
4 6 0.913828
4 7 0.636885
4 8 0.876140
4 9 0.775534
4 10 0.543915
4 11 0.825106
4 12 0.500000
4 13 0.844646
5 2 0.678952
5 3 0.500000
5 4 0.859791
5 5 0.952138
5 6 0.843129
5 7 0.719093
5 8 0.812039
5 9 0.904256
5 10 0.568645
5 11 0.747117
5 12 0.500000
5 13 0.767251
5 14 0.500000
6 2 0.695739
6 3 0.500000
6 4 0.913828
6 5 0.843129
6 6 0.899510
6 7 0.621878
6 8 0.844684
6 9 0.769633
6 10 0.539290
6 11 0.797232
6 12 0.500000
6 13 0.822282
6 14 0.500000
7 2 0.546683
7 3 0.500000
7 4 0.636885
7 5 0.719093
7 6 0.621878
7 7 0.764525
7 8 0.607711
7 9 0.694754
7 10 0.524093
7 11 0.599788
7 12 0.500000
7 13 0.598318
8 2 0.668737
8 3 0.500000
8 4 0.876140
8 5 0.812039
8 6 0.844684
8 7 0.607711
8 8 0.820208
8 9 0.646260
8 10 0.542773
8 11 0.748875
8 12 0.500000
8 13 0.762596
9 2 0.694208
9 3 0.500000
9 4 0.775534
9 5 0.904256
9 6 0.769633
9 7 0.694754
9 8 0.646260
9 9 0.997572
9 10 0.548540
9 11 0.679830
9 12 0.500000
9 13 0.728821
9 14 0.500000
10 1 0.563783
10 2 0.518909
10 3 0.500000
10 4 0.543915
10 5 0.568645
10 6 0.539290
10 7 0.524093
10 8 0.542773
10 9 0.548540
10 10 0.510770
10 11 0.524059
10 12 0.500000
10 13 0.524334
10 14 0.500000
11 2 0.635185
11 3 0.500000
11 4 0.825106
11 5 0.747117
11 6 0.797232
11 7 0.599788
11 8 0.748875
11 9 0.679830
11 10 0.524059
11 11 0.709763
11 12 0.500000
11 13 0.728386
12 1 0.500000
12 2 0.500000
12 3 0.500000
12 4 0.500000
12 5 0.500000
12 6 0.500000
12 7 0.500000
12 8 0.500000
12 9 0.500000
12 10 0.500000
12 11 0.500000
12 12 0.500000
12 13 0.500000
12 14 0.500000
13 2 0.646964
13 3 0.500000
13 4 0.844646
13 5 0.767251
13 6 0.822282
13 7 0.598318
13 8 0.762596
13 9 0.728821
13 10 0.524334
13 11 0.728386
13 12 0.500000
13 13 0.754103
14 2 0.500000
14 3 0.500000
14 5 0.500000
14 6 0.500000
14 9 0.500000
14 10 0.500000
14 12 0.500000
14 14 0.500000
