1 2 0.724574
1 4 0.891476
1 5 0.908797
1 6 0.998625
1 7 0.873072
1 8 0.867674
1 9 0.901655
1 11 0.500000
1 13 0.820305
1 14 0.500000
2 1 0.724574
4 1 0.891476
4 14 0.500000
5 1 0.908797
6 1 0.998625
7 1 0.873072
7 14 0.500000
8 1 0.867674
8 14 0.500000
9 1 0.901655
11 1 0.500000
11 14 0.500000
13 1 0.820305
13 14 0.500000
14 1 0.500000
14 4 0.500000
14 7 0.500000
14 8 0.500000
14 11 0.500000
14 13 0.500000
1 1 0.971900
1 3 0.500000
1 10 0.559173
1 12 0.500000
2 2 0.635942
2 3 0.500000
2 4 0.634686
2 5 0.620055
2 6 0.776183
2 7 0.644068
2 8 0.601977
2 9 0.624261
2 10 0.506546
2 11 0.500000
2 12 0.500000
2 13 0.614105
2 14 0.500000
3 1 0.500000
3 2 0.500000
3 3 0.500000
3 4 0.500000
3 5 0.500000
3 6 0.500000
3 7 0.500000
3 8 0.500000
3 9 0.500000
3 10 0.500000
3 11 0.500000
3 12 0.500000
3 13 0.500000
3 14 0.500000
4 2 0.634686
4 3 0.500000
4 4 0.838605
4 5 0.793521
4 6 0.986973
4 7 0.746519
4 8 0.770892
4 9 0.782335
4 10 0.532079
4 11 0.500000
4 12 0.500000
4 13 0.722138
5 2 0.620055
5 3 0.500000
5 4 0.793521
5 5 0.836729
5 6 0.987383
5 7 0.769849
5 8 0.776530
5 9 0.813138
5 10 0.542224
5 11 0.500000
5 12 0.500000
5 13 0.726059
5 14 0.500000
6 2 0.776183
6 3 0.500000
6 4 0.986973
6 5 0.987383
6 6 1.000000
6 7 0.945779
6 8 0.980165
6 9 0.984326
6 10 0.691120
6 11 0.500000
6 12 0.500000
6 13 0.935192
6 14 0.500000
7 2 0.644068
7 3 0.500000
7 4 0.746519
7 5 0.769849
7 6 0.945779
7 7 0.769944
7 8 0.732474
7 9 0.765832
7 10 0.523862
7 11 0.500000
7 12 0.500000
7 13 0.697823
8 2 0.601977
8 3 0.500000
8 4 0.770892
8 5 0.776530
8 6 0.980165
8 7 0.732474
8 8 0.763999
8 9 0.781292
8 10 0.538327
8 11 0.500000
8 12 0.500000
8 13 0.692845
9 2 0.624261
9 3 0.500000
9 4 0.782335
9 5 0.813138
9 6 0.984326
9 7 0.765832
9 8 0.781292
9 9 0.821951
9 10 0.544576
9 11 0.500000
9 12 0.500000
9 13 0.718620
9 14 0.500000
10 1 0.559173
10 2 0.506546
10 3 0.500000
10 4 0.532079
10 5 0.542224
10 6 0.691120
10 7 0.523862
10 8 0.538327
10 9 0.544576
10 10 0.512553
10 11 0.500000
10 12 0.500000
10 13 0.525237
10 14 0.500000
11 2 0.500000
11 3 0.500000
11 4 0.500000
11 5 0.500000
11 6 0.500000
11 7 0.500000
11 8 0.500000
11 9 0.500000
11 10 0.500000
11 11 0.500000
11 12 0.500000
11 13 0.500000
12 1 0.500000
12 2 0.500000
12 3 0.500000
12 4 0.500000
12 5 0.500000
12 6 0.500000
12 7 0.500000
12 8 0.500000
12 9 0.500000
12 10 0.500000
12 11 0.500000
12 12 0.500000
12 13 0.500000
12 14 0.500000
13 2 0.614105
13 3 0.500000
13 4 0.722138
13 5 0.726059
13 6 0.935192
13 7 0.697823
13 8 0.692845
13 9 0.718620
13 10 0.525237
13 11 0.500000
13 12 0.500000
13 13 0.666813
14 2 0.500000
14 3 0.500000
14 5 0.500000
14 6 0.500000
14 9 0.500000
14 10 0.500000
14 12 0.500000
14 14 0.500000
