1 2 0.789551
1 4 0.931588
1 5 0.935587
1 6 0.958175
1 7 0.840195
1 8 0.767597
1 9 0.867858
1 11 0.760181
1 13 0.804150
1 14 0.500000
2 1 0.789551
4 1 0.931588
4 14 0.500000
5 1 0.935587
6 1 0.958175
7 1 0.840195
7 14 0.500000
8 1 0.767597
8 14 0.500000
9 1 0.867858
11 1 0.760181
11 14 0.500000
13 1 0.804150
13 14 0.500000
14 1 0.500000
14 4 0.500000
14 7 0.500000
14 8 0.500000
14 11 0.500000
14 13 0.500000
1 1 0.919887
1 3 0.500000
1 10 0.559982
1 12 0.500000
2 2 0.679771
2 3 0.500000
2 4 0.804665
2 5 0.789199
2 6 0.831062
2 7 0.705549
2 8 0.696336
2 9 0.695267
2 10 0.532743
2 11 0.651452
2 12 0.500000
2 13 0.686021
2 14 0.500000
3 1 0.500000
3 2 0.500000
3 3 0.500000
3 4 0.500000
3 5 0.500000
3 6 0.500000
3 7 0.500000
3 8 0.500000
3 9 0.500000
3 10 0.500000
3 11 0.500000
3 12 0.500000
3 13 0.500000
3 14 0.500000
4 2 0.804665
4 3 0.500000
4 4 0.998233
4 5 0.947671
4 6 0.986874
4 7 0.858021
4 8 0.921800
4 9 0.968472
4 10 0.574295
4 11 0.770696
4 12 0.500000
4 13 0.834707
5 2 0.789199
5 3 0.500000
5 4 0.947671
5 5 0.999119
5 6 0.979914
5 7 0.869347
5 8 0.767472
5 9 0.984449
5 10 0.616337
5 11 0.777576
5 12 0.500000
5 13 0.802841
5 14 0.500000
6 2 0.831062
6 3 0.500000
6 4 0.986874
6 5 0.979914
6 6 0.997137
6 7 0.902529
6 8 0.817821
6 9 0.986334
6 10 0.602955
6 11 0.814068
6 12 0.500000
6 13 0.845073
6 14 0.500000
7 2 0.705549
7 3 0.500000
7 4 0.858021
7 5 0.869347
7 6 0.902529
7 7 0.765399
7 8 0.684919
7 9 0.806640
7 10 0.534455
7 11 0.685704
7 12 0.500000
7 13 0.719864
8 2 0.696336
8 3 0.500000
8 4 0.921800
8 5 0.767472
8 6 0.817821
8 7 0.684919
8 8 0.970949
8 9 0.727752
8 10 0.530812
8 11 0.632158
8 12 0.500000
8 13 0.691428
9 2 0.695267
9 3 0.500000
9 4 0.968472
9 5 0.984449
9 6 0.986334
9 7 0.806640
9 8 0.727752
9 9 0.997000
9 10 0.605096
9 11 0.704939
9 12 0.500000
9 13 0.720176
9 14 0.500000
10 1 0.559982
10 2 0.532743
10 3 0.500000
10 4 0.574295
10 5 0.616337
10 6 0.602955
10 7 0.534455
10 8 0.530812
10 9 0.605096
10 10 0.520165
10 11 0.529581
10 12 0.500000
10 13 0.533722
10 14 0.500000
11 2 0.651452
11 3 0.500000
11 4 0.770696
11 5 0.777576
11 6 0.814068
11 7 0.685704
11 8 0.632158
11 9 0.704939
11 10 0.529581
11 11 0.633380
11 12 0.500000
11 13 0.660822
12 1 0.500000
12 2 0.500000
12 3 0.500000
12 4 0.500000
12 5 0.500000
12 6 0.500000
12 7 0.500000
12 8 0.500000
12 9 0.500000
12 10 0.500000
12 11 0.500000
12 12 0.500000
12 13 0.500000
12 14 0.500000
13 2 0.686021
13 3 0.500000
13 4 0.834707
13 5 0.802841
13 6 0.845073
13 7 0.719864
13 8 0.691428
13 9 0.720176
13 10 0.533722
13 11 0.660822
13 12 0.500000
13 13 0.700250
14 2 0.500000
14 3 0.500000
14 5 0.500000
14 6 0.500000
14 9 0.500000
14 10 0.500000
14 12 0.500000
14 14 0.500000
