3.577086
1.799568
1.245171
2.847868
1.412974
1.978207
2.483048
1.882765
2.704233
2.059669
2.343677
1.576630
1.652981
2.428326
2.495516
2.660954
3.083451
2.840867
2.322562
1.332422
1.959101
3.153329
3.010192
2.119526
2.908931
1.635025
2.966480
1.647506
1.718426
2.551095
1.780877
1.450935
3.479013
2.956938
2.110423
1.264472
1.534683
1.321510
2.386957
2.289748
1.543901
2.185940
1.354537
2.856387
1.411600
1.298150
2.521784
2.044999
1.908387
2.491614
1.721325
1.630439
2.388182
2.122592
1.539991
3.155140
1.584152
1.753058
1.339169
1.853120
2.330157
1.471468
1.640459
1.863518
2.619828
1.353979
1.799327
1.897209
1.561579
1.913532
1.320173
1.448445
2.151891
1.551135
4.969545
2.801166
2.863125
2.870646
2.474064
1.989740
2.276558
7.561696
1.515056
1.638843
3.320813
2.268912
1.662320
1.541285
1.286901
3.143610
2.345407
1.184295
1.904011
1.965366
2.468854
2.196833
2.362761
1.644746
1.387045
1.769359
1.697598
1.872737
2.934303
1.181935
1.811740
2.841471
2.496845
2.773130
2.681077
1.699320
1.673285
1.238926
2.320041
5.704908
