2.759465
4.897935
2.500345
5.881165
1.631986
2.139406
3.514768
2.213116
6.695672
2.452683
1.567909
1.706051
3.671608
2.488402
2.534740
2.039801
1.889656
2.804647
2.144280
7.001287
3.471343
5.766900
2.604511
3.222570
2.252601
3.589360
5.452759
2.834716
5.346503
2.349789
2.389521
2.780632
2.169925
5.461098
2.340386
1.814439
3.591536
2.595671
3.911857
2.505868
3.286395
3.369306
2.309385
2.510557
3.081403
3.187316
2.216090
2.004512
6.384157
5.675323
2.899713
2.484378
1.507141
2.304296
2.966696
1.566978
3.289174
2.290335
2.398742
2.429615
1.902889
2.419261
2.768150
1.745791
2.068299
3.041129
2.095114
3.785892
1.832738
2.401363
2.690886
3.074851
4.245387
2.859158
2.429707
2.296347
2.034563
1.740333
3.366161
2.025080
2.655827
2.185771
4.216088
2.651807
5.178181
3.284747
6.178721
3.480155
4.069975
4.930573
2.436227
1.554313
1.891510
1.778332
4.141159
5.572582
3.564992
3.083350
1.745895
3.477348
2.950403
2.965305
1.295640
2.335734
1.524943
2.506320
3.689122
6.406009
5.637845
2.052210
2.799377
2.211148
2.173370
4.990963
1.506640
1.668322
3.720474
2.873279
2.095737
1.814359
2.523905
1.789002
1.387025
1.860915
2.320368
1.194629
2.754609
1.488127
3.360652
5.936022
1.936891
1.176509
2.775084
2.045958
2.980344
2.230691
2.018305
2.573618
3.624453
4.745840
2.272067
4.089786
7.111991
2.041287
9.313336
1.823045
2.703902
2.628183
2.988042
2.349440
1.530503
2.985817
4.338242
3.150240
2.749007
2.418977
3.604891
2.385156
1.495571
2.348327
2.206344
1.816657
1.527439
1.634990
1.803959
3.038195
3.793125
2.888458
2.130382
1.878326
2.036473
2.077990
2.077686
2.505924
6.828178
1.582459
1.926295
2.546689
