1 2 0.609975
1 4 0.649470
1 5 0.632014
1 6 0.787547
1 7 0.821823
1 8 0.607958
1 9 0.636648
1 11 0.593799
1 13 0.609253
1 14 0.500000
2 1 0.609975
4 1 0.649470
4 14 0.500000
5 1 0.632014
6 1 0.787547
7 1 0.821823
7 14 0.500000
8 1 0.607958
8 14 0.500000
9 1 0.636648
11 1 0.593799
11 14 0.500000
13 1 0.609253
13 14 0.500000
14 1 0.500000
14 4 0.500000
14 7 0.500000
14 8 0.500000
14 11 0.500000
14 13 0.500000
1 1 0.744185
1 3 0.500000
1 10 0.495198
1 12 0.500000
2 2 0.551529
2 3 0.500000
2 4 0.572338
2 5 0.554670
2 6 0.649285
2 7 0.650901
2 8 0.544112
2 9 0.558369
2 10 0.500187
2 11 0.540799
2 12 0.500000
2 13 0.546309
2 14 0.500000
3 1 0.500000
3 2 0.500000
3 3 0.500000
3 4 0.500000
3 5 0.500000
3 6 0.500000
3 7 0.500000
3 8 0.500000
3 9 0.500000
3 10 0.500000
3 11 0.500000
3 12 0.500000
3 13 0.500000
3 14 0.500000
4 2 0.572338
4 3 0.500000
4 4 0.654679
4 5 0.561422
4 6 0.652072
4 7 0.725479
4 8 0.568748
4 9 0.595273
4 10 0.492200
4 11 0.558781
4 12 0.500000
4 13 0.531064
5 2 0.554670
5 3 0.500000
5 4 0.561422
5 5 0.596169
5 6 0.668946
5 7 0.678981
5 8 0.563197
5 9 0.557570
5 10 0.498526
5 11 0.548905
5 12 0.500000
5 13 0.578297
5 14 0.500000
6 2 0.649285
6 3 0.500000
6 4 0.652072
6 5 0.668946
6 6 0.989415
6 7 0.873562
6 8 0.643643
6 9 0.610163
6 10 0.476449
6 11 0.594940
6 12 0.500000
6 13 0.617181
6 14 0.500000
7 2 0.650901
7 3 0.500000
7 4 0.725479
7 5 0.678981
7 6 0.873562
7 7 0.947869
7 8 0.659395
7 9 0.697294
7 10 0.493424
7 11 0.626766
7 12 0.500000
7 13 0.662888
8 2 0.544112
8 3 0.500000
8 4 0.568748
8 5 0.563197
8 6 0.643643
8 7 0.659395
8 8 0.556592
8 9 0.552659
8 10 0.495025
8 11 0.538815
8 12 0.500000
8 13 0.548939
9 2 0.558369
9 3 0.500000
9 4 0.595273
9 5 0.557570
9 6 0.610163
9 7 0.697294
9 8 0.552659
9 9 0.591478
9 10 0.500194
9 11 0.550846
9 12 0.500000
9 13 0.545069
9 14 0.500000
10 1 0.495198
10 2 0.500187
10 3 0.500000
10 4 0.492200
10 5 0.498526
10 6 0.476449
10 7 0.493424
10 8 0.495025
10 9 0.500194
10 10 0.508275
10 11 0.499543
10 12 0.500000
10 13 0.516709
10 14 0.500000
11 2 0.540799
11 3 0.500000
11 4 0.558781
11 5 0.548905
11 6 0.594940
11 7 0.626766
11 8 0.538815
11 9 0.550846
11 10 0.499543
11 11 0.535301
11 12 0.500000
11 13 0.540141
12 1 0.500000
12 2 0.500000
12 3 0.500000
12 4 0.500000
12 5 0.500000
12 6 0.500000
12 7 0.500000
12 8 0.500000
12 9 0.500000
12 10 0.500000
12 11 0.500000
12 12 0.500000
12 13 0.500000
12 14 0.500000
13 2 0.546309
13 3 0.500000
13 4 0.531064
13 5 0.578297
13 6 0.617181
13 7 0.662888
13 8 0.548939
13 9 0.545069
13 10 0.516709
13 11 0.540141
13 12 0.500000
13 13 0.636470
14 2 0.500000
14 3 0.500000
14 5 0.500000
14 6 0.500000
14 9 0.500000
14 10 0.500000
14 12 0.500000
14 14 0.500000
