1 2 0.640379
1 4 0.890275
1 5 0.859724
1 6 0.779118
1 7 0.767906
1 8 0.691764
1 9 0.868608
1 11 0.636389
1 13 0.629788
1 14 0.500000
2 1 0.640379
4 1 0.890275
4 14 0.500000
5 1 0.859724
6 1 0.779118
7 1 0.767906
7 14 0.500000
8 1 0.691764
8 14 0.500000
9 1 0.868608
11 1 0.636389
11 14 0.500000
13 1 0.629788
13 14 0.500000
14 1 0.500000
14 4 0.500000
14 7 0.500000
14 8 0.500000
14 11 0.500000
14 13 0.500000
1 1 0.795003
1 3 0.500000
1 10 0.555244
1 12 0.500000
2 2 0.565726
2 3 0.500000
2 4 0.704162
2 5 0.695535
2 6 0.630234
2 7 0.595173
2 8 0.580100
2 9 0.713239
2 10 0.523550
2 11 0.559298
2 12 0.500000
2 13 0.556779
2 14 0.500000
3 1 0.500000
3 2 0.500000
3 3 0.500000
3 4 0.500000
3 5 0.500000
3 6 0.500000
3 7 0.500000
3 8 0.500000
3 9 0.500000
3 10 0.500000
3 11 0.500000
3 12 0.500000
3 13 0.500000
3 14 0.500000
4 2 0.704162
4 3 0.500000
4 4 0.998475
4 5 0.975539
4 6 0.876787
4 7 0.728931
4 8 0.761996
4 9 0.921031
4 10 0.612848
4 11 0.693166
4 12 0.500000
4 13 0.687527
5 2 0.695535
5 3 0.500000
5 4 0.975539
5 5 0.996869
5 6 0.810048
5 7 0.781213
5 8 0.709168
5 9 0.952238
5 10 0.572156
5 11 0.668645
5 12 0.500000
5 13 0.648455
5 14 0.500000
6 2 0.630234
6 3 0.500000
6 4 0.876787
6 5 0.810048
6 6 0.785786
6 7 0.788109
6 8 0.681591
6 9 0.878067
6 10 0.555466
6 11 0.629386
6 12 0.500000
6 13 0.625143
6 14 0.500000
7 2 0.595173
7 3 0.500000
7 4 0.728931
7 5 0.781213
7 6 0.788109
7 7 0.965533
7 8 0.714024
7 9 0.905150
7 10 0.554414
7 11 0.623626
7 12 0.500000
7 13 0.614408
8 2 0.580100
8 3 0.500000
8 4 0.761996
8 5 0.709168
8 6 0.681591
8 7 0.714024
8 8 0.630438
8 9 0.757605
8 10 0.533811
8 11 0.582749
8 12 0.500000
8 13 0.581116
9 2 0.713239
9 3 0.500000
9 4 0.921031
9 5 0.952238
9 6 0.878067
9 7 0.905150
9 8 0.757605
9 9 0.998469
9 10 0.598216
9 11 0.678579
9 12 0.500000
9 13 0.690262
9 14 0.500000
10 1 0.555244
10 2 0.523550
10 3 0.500000
10 4 0.612848
10 5 0.572156
10 6 0.555466
10 7 0.554414
10 8 0.533811
10 9 0.598216
10 10 0.514403
10 11 0.522641
10 12 0.500000
10 13 0.523143
10 14 0.500000
11 2 0.559298
11 3 0.500000
11 4 0.693166
11 5 0.668645
11 6 0.629386
11 7 0.623626
11 8 0.582749
11 9 0.678579
11 10 0.522641
11 11 0.558276
11 12 0.500000
11 13 0.555193
12 1 0.500000
12 2 0.500000
12 3 0.500000
12 4 0.500000
12 5 0.500000
12 6 0.500000
12 7 0.500000
12 8 0.500000
12 9 0.500000
12 10 0.500000
12 11 0.500000
12 12 0.500000
12 13 0.500000
12 14 0.500000
13 2 0.556779
13 3 0.500000
13 4 0.687527
13 5 0.648455
13 6 0.625143
13 7 0.614408
13 8 0.581116
13 9 0.690262
13 10 0.523143
13 11 0.555193
13 12 0.500000
13 13 0.555340
14 2 0.500000
14 3 0.500000
14 5 0.500000
14 6 0.500000
14 9 0.500000
14 10 0.500000
14 12 0.500000
14 14 0.500000
