1 2 0.572180
1 4 0.364909
1 5 0.635237
1 6 0.663351
1 7 0.625411
1 8 0.589022
1 9 0.695856
1 11 0.607361
1 13 0.627828
1 14 0.500000
2 1 0.572180
4 1 0.364909
4 14 0.500000
5 1 0.635237
6 1 0.663351
7 1 0.625411
7 14 0.500000
8 1 0.589022
8 14 0.500000
9 1 0.695856
11 1 0.607361
11 14 0.500000
13 1 0.627828
13 14 0.500000
14 1 0.500000
14 4 0.500000
14 7 0.500000
14 8 0.500000
14 11 0.500000
14 13 0.500000
1 1 0.765164
1 3 0.500000
1 10 0.519908
1 12 0.500000
2 2 0.554512
2 3 0.500000
2 4 0.614275
2 5 0.526871
2 6 0.539610
2 7 0.520449
2 8 0.524422
2 9 0.553967
2 10 0.509202
2 11 0.523756
2 12 0.500000
2 13 0.533896
2 14 0.500000
3 1 0.500000
3 2 0.500000
3 3 0.500000
3 4 0.500000
3 5 0.500000
3 6 0.500000
3 7 0.500000
3 8 0.500000
3 9 0.500000
3 10 0.500000
3 11 0.500000
3 12 0.500000
3 13 0.500000
3 14 0.500000
4 2 0.614275
4 3 0.500000
4 4 0.999974
4 5 0.417579
4 6 0.411513
4 7 0.321743
4 8 0.638413
4 9 0.382063
4 10 0.573073
4 11 0.428831
4 12 0.500000
4 13 0.522299
5 2 0.526871
5 3 0.500000
5 4 0.417579
5 5 0.577891
5 6 0.580683
5 7 0.559775
5 8 0.535451
5 9 0.590554
5 10 0.509717
5 11 0.550811
5 12 0.500000
5 13 0.556989
5 14 0.500000
6 2 0.539610
6 3 0.500000
6 4 0.411513
6 5 0.580683
6 6 0.632000
6 7 0.579690
6 8 0.540991
6 9 0.614977
6 10 0.501236
6 11 0.563880
6 12 0.500000
6 13 0.568826
6 14 0.500000
7 2 0.520449
7 3 0.500000
7 4 0.321743
7 5 0.559775
7 6 0.579690
7 7 0.570324
7 8 0.527037
7 9 0.596562
7 10 0.501154
7 11 0.549639
7 12 0.500000
7 13 0.556889
8 2 0.524422
8 3 0.500000
8 4 0.638413
8 5 0.535451
8 6 0.540991
8 7 0.527037
8 8 0.565611
8 9 0.562105
8 10 0.517130
8 11 0.532364
8 12 0.500000
8 13 0.553279
9 2 0.553967
9 3 0.500000
9 4 0.382063
9 5 0.590554
9 6 0.614977
9 7 0.596562
9 8 0.562105
9 9 0.662973
9 10 0.514635
9 11 0.577388
9 12 0.500000
9 13 0.598956
9 14 0.500000
10 1 0.519908
10 2 0.509202
10 3 0.500000
10 4 0.573073
10 5 0.509717
10 6 0.501236
10 7 0.501154
10 8 0.517130
10 9 0.514635
10 10 0.511309
10 11 0.505425
10 12 0.500000
10 13 0.512758
10 14 0.500000
11 2 0.523756
11 3 0.500000
11 4 0.428831
11 5 0.550811
11 6 0.563880
11 7 0.549639
11 8 0.532364
11 9 0.577388
11 10 0.505425
11 11 0.541285
11 12 0.500000
11 13 0.548618
12 1 0.500000
12 2 0.500000
12 3 0.500000
12 4 0.500000
12 5 0.500000
12 6 0.500000
12 7 0.500000
12 8 0.500000
12 9 0.500000
12 10 0.500000
12 11 0.500000
12 12 0.500000
12 13 0.500000
12 14 0.500000
13 2 0.533896
13 3 0.500000
13 4 0.522299
13 5 0.556989
13 6 0.568826
13 7 0.556889
13 8 0.553279
13 9 0.598956
13 10 0.512758
13 11 0.548618
13 12 0.500000
13 13 0.570703
14 2 0.500000
14 3 0.500000
14 5 0.500000
14 6 0.500000
14 9 0.500000
14 10 0.500000
14 12 0.500000
14 14 0.500000
