1 2 0.644496
1 4 0.876214
1 5 0.727672
1 6 0.973674
1 7 0.868589
1 8 0.817525
1 9 0.709171
1 11 0.773088
1 13 0.811393
1 14 0.500000
2 1 0.644496
4 1 0.876214
4 14 0.500000
5 1 0.727672
6 1 0.973674
7 1 0.868589
7 14 0.500000
8 1 0.817525
8 14 0.500000
9 1 0.709171
11 1 0.773088
11 14 0.500000
13 1 0.811393
13 14 0.500000
14 1 0.500000
14 4 0.500000
14 7 0.500000
14 8 0.500000
14 11 0.500000
14 13 0.500000
1 1 0.929565
1 3 0.500000
1 10 0.517102
1 12 0.500000
2 2 0.642361
2 3 0.500000
2 4 0.613169
2 5 0.493391
2 6 0.628078
2 7 0.610937
2 8 0.623939
2 9 0.590644
2 10 0.516543
2 11 0.564157
2 12 0.500000
2 13 0.576429
2 14 0.500000
3 1 0.500000
3 2 0.500000
3 3 0.500000
3 4 0.500000
3 5 0.500000
3 6 0.500000
3 7 0.500000
3 8 0.500000
3 9 0.500000
3 10 0.500000
3 11 0.500000
3 12 0.500000
3 13 0.500000
3 14 0.500000
4 2 0.613169
4 3 0.500000
4 4 0.824727
4 5 0.658359
4 6 0.924552
4 7 0.807994
4 8 0.767110
4 9 0.632340
4 10 0.511708
4 11 0.716289
4 12 0.500000
4 13 0.747724
5 2 0.493391
5 3 0.500000
5 4 0.658359
5 5 0.894293
5 6 0.919027
5 7 0.699142
5 8 0.745270
5 9 0.806638
5 10 0.503772
5 11 0.621802
5 12 0.500000
5 13 0.660770
5 14 0.500000
6 2 0.628078
6 3 0.500000
6 4 0.924552
6 5 0.919027
6 6 0.999983
6 7 0.947125
6 8 0.744675
6 9 0.952474
6 10 0.511187
6 11 0.846788
6 12 0.500000
6 13 0.895908
6 14 0.500000
7 2 0.610937
7 3 0.500000
7 4 0.807994
7 5 0.699142
7 6 0.947125
7 7 0.808933
7 8 0.759785
7 9 0.672420
7 10 0.515498
7 11 0.710883
7 12 0.500000
7 13 0.745176
8 2 0.623939
8 3 0.500000
8 4 0.767110
8 5 0.745270
8 6 0.744675
8 7 0.759785
8 8 0.918061
8 9 0.734286
8 10 0.535922
8 11 0.669752
8 12 0.500000
8 13 0.703851
9 2 0.590644
9 3 0.500000
9 4 0.632340
9 5 0.806638
9 6 0.952474
9 7 0.672420
9 8 0.734286
9 9 0.896971
9 10 0.515924
9 11 0.602041
9 12 0.500000
9 13 0.643598
9 14 0.500000
10 1 0.517102
10 2 0.516543
10 3 0.500000
10 4 0.511708
10 5 0.503772
10 6 0.511187
10 7 0.515498
10 8 0.535922
10 9 0.515924
10 10 0.506478
10 11 0.507364
10 12 0.500000
10 13 0.510095
10 14 0.500000
11 2 0.564157
11 3 0.500000
11 4 0.716289
11 5 0.621802
11 6 0.846788
11 7 0.710883
11 8 0.669752
11 9 0.602041
11 10 0.507364
11 11 0.642606
11 12 0.500000
11 13 0.667437
12 1 0.500000
12 2 0.500000
12 3 0.500000
12 4 0.500000
12 5 0.500000
12 6 0.500000
12 7 0.500000
12 8 0.500000
12 9 0.500000
12 10 0.500000
12 11 0.500000
12 12 0.500000
12 13 0.500000
12 14 0.500000
13 2 0.576429
13 3 0.500000
13 4 0.747724
13 5 0.660770
13 6 0.895908
13 7 0.745176
13 8 0.703851
13 9 0.643598
13 10 0.510095
13 11 0.667437
13 12 0.500000
13 13 0.698087
14 2 0.500000
14 3 0.500000
14 5 0.500000
14 6 0.500000
14 9 0.500000
14 10 0.500000
14 12 0.500000
14 14 0.500000
