3.548514
2.756965
2.500712
2.375843
1.877504
2.701187
1.907343
2.842373
1.611294
1.779621
1.445398
2.225327
1.647639
1.830689
2.531606
2.481883
1.875077
1.617117
2.180945
3.307601
3.198905
3.350004
2.018330
2.269161
1.339486
2.317342
2.386959
3.248274
2.243029
2.334756
2.356056
1.485569
1.481184
2.103641
1.684832
2.460210
3.102413
2.737115
1.724121
1.717151
2.308639
2.548599
2.674249
2.619247
1.898199
3.302355
2.604951
1.786765
2.365335
2.088951
3.293896
2.059450
1.872582
3.111037
1.820011
2.904258
2.161470
1.789077
1.827833
3.884305
2.340643
1.982902
2.272157
1.948325
1.688138
2.273083
2.141015
1.632815
1.734318
2.202399
2.775215
1.882634
2.058677
1.405300
1.455316
1.862906
1.433783
1.817121
1.496267
3.404276
4.450764
3.333892
2.880083
2.031250
2.118509
2.012464
2.524371
1.564235
1.584255
1.988908
1.461903
1.572441
2.286373
2.395586
2.422174
2.187998
1.778498
1.904011
1.406462
1.471322
3.105578
1.580652
1.436536
1.973172
2.763372
3.362389
1.768089
3.307386
2.205774
1.720434
1.846762
2.609128
1.692281
3.002018
1.638319
2.828164
4.073440
2.170505
1.596385
1.742752
2.267231
1.338114
2.363423
1.951558
2.831501
1.685295
1.623136
1.555183
1.552069
1.601983
1.546463
2.998662
1.005536
1.457219
1.767173
3.082070
1.240239
2.129636
3.793696
1.486303
2.212694
1.809371
1.447141
2.601045
1.342116
2.908669
1.922651
1.566510
1.766312
2.721380
2.402900
2.655517
1.623498
1.638330
