3.483933
1.594126
4.095482
3.663423
1.593294
2.149578
1.586251
2.701020
5.000958
3.564290
1.865287
2.396473
1.542929
2.304483
2.226480
2.207982
2.876924
1.670242
2.087592
2.423293
3.884193
3.521280
2.265113
1.684719
5.619943
2.937270
2.552197
3.754968
2.394875
2.601928
3.213101
1.980478
2.617545
3.128997
1.213947
1.934577
3.079325
2.703158
1.805314
2.269907
2.253326
1.816598
2.802614
2.646336
2.382261
2.508673
2.537296
2.132144
2.163811
2.679580
2.451087
2.580316
2.273474
3.499182
3.973576
3.631614
1.377431
1.992312
2.479315
2.200390
3.871451
1.876938
2.144082
2.459572
2.641959
2.600054
1.901490
3.602166
3.356408
1.642410
2.146709
2.908638
1.693441
2.296437
1.921567
1.687302
2.896473
2.685131
4.713016
3.285624
2.636642
1.833350
3.765432
1.286358
1.247093
2.440639
3.400990
1.886162
1.978448
1.264757
1.894763
1.472704
2.434341
2.845553
2.745584
4.127531
2.776817
1.412430
1.900698
1.469859
1.807710
2.067109
2.913353
2.570519
1.463475
2.005462
2.229860
1.880648
2.066086
2.760505
2.613899
2.263435
1.035536
2.344367
2.026494
1.972620
1.294674
2.224045
1.811907
2.340898
1.747537
1.890592
2.668177
1.646664
2.060020
1.853582
2.405990
1.294132
2.621644
1.679064
1.474235
1.480831
2.056113
1.223870
2.008300
3.069979
2.289231
1.474556
3.185202
4.441429
1.734507
1.502363
1.667363
1.732679
2.084473
2.484957
1.835170
2.431920
2.225809
2.326772
3.246675
1.389319
1.251937
1.876318
1.889720
2.025715
1.216143
1.749880
1.600910
1.280434
3.542628
1.398120
2.484075
4.801622
2.151705
2.171193
2.418352
2.399161
2.440052
2.232224
3.002107
2.571363
1.939385
1.484722
1.806157
3.286157
2.282686
3.891560
2.191787
2.432949
3.823834
2.902232
2.182258
4.531023
1.354981
1.723127
1.903323
2.703216
2.461877
1.879587
4.075737
1.271664
2.680844
2.860852
2.148900
1.586640
2.116509
2.004707
2.072676
2.540662
3.258153
1.297220
1.333873
1.664330
1.346167
2.503086
2.259216
2.298452
1.443636
2.314705
2.214373
1.428923
3.212431
1.935857
2.797215
3.138237
1.434119
1.912821
2.219309
2.382442
2.120276
1.244501
1.460397
1.746751
2.331352
1.953206
1.983751
1.254434
1.902546
3.026137
3.292489
2.055831
1.490236
1.374788
3.345917
2.166241
1.524678
2.230883
2.681686
3.488345
1.709816
1.363862
1.916619
2.983679
1.875001
3.051273
3.105307
1.911266
1.373901
2.219071
1.822276
1.127968
2.793199
3.317377
1.730736
1.983985
1.277481
1.793512
1.216156
2.394350
1.878915
1.649651
2.117500
1.071788
2.125085
2.610695
1.732727
2.793127
2.165127
2.162721
3.577403
2.930912
1.333915
2.347192
2.562923
2.612096
4.007486
1.088313
2.193769
1.874112
3.562287
1.764931
1.746445
1.738361
1.814085
1.684974
3.432225
1.320541
2.855550
2.257676
2.568677
2.147557
2.292904
1.968431
1.839626
1.776337
3.134428
2.375064
3.630319
2.485186
2.738979
1.613080
1.935051
1.298206
2.531708
1.620319
3.432212
1.256544
2.374301
2.067647
2.940942
1.369919
1.994664
2.993306
1.517687
1.130932
1.454788
1.696565
1.451216
2.011082
2.773582
1.592883
3.810115
1.020098
2.697676
2.174217
3.801016
2.948752
0.885314
1.951977
2.977057
1.677150
1.686880
1.743751
3.243115
2.723701
1.719811
1.643867
2.368184
2.343301
2.339294
1.164203
2.949631
1.598049
3.696569
2.472694
2.286822
2.554030
3.609491
1.580032
1.601977
1.464111
1.660630
2.666758
2.486910
1.193298
2.999802
1.784634
2.145976
1.905073
2.064353
2.236899
2.483212
1.429165
2.464101
1.870651
1.742454
2.523855
1.956860
1.900681
2.154300
2.562280
1.383710
1.678251
2.423092
2.894511
1.837095
2.324430
1.651822
1.654034
1.254073
1.603638
1.738476
4.091174
3.033087
2.067987
1.931159
