1.596282
2.422514
1.690394
2.353570
2.803882
1.933786
2.865416
1.726557
2.064139
1.496193
1.929326
1.601071
1.589659
3.217419
1.893851
4.299353
3.690455
2.417094
2.568455
3.366175
1.535261
1.742626
2.074498
1.747069
1.939337
2.343187
4.133429
2.049365
2.103745
1.380013
2.222742
1.378226
1.502297
2.055071
2.245703
2.101204
2.610019
1.517621
2.675335
3.509987
1.216839
2.185452
1.904459
2.800142
2.600917
1.827032
2.895553
1.239298
1.567733
2.037659
1.545331
1.221531
2.714399
2.102688
3.094940
2.394135
2.226053
2.860570
2.432263
3.962248
1.905287
1.936552
1.602653
2.608819
4.570298
3.261435
1.373781
2.367812
2.845688
1.750001
1.219162
2.031281
2.815974
1.614712
3.195624
1.817076
1.702460
2.429730
2.688942
1.822378
2.471499
3.131785
3.112988
2.755362
2.273105
1.310286
3.626079
2.524756
2.217214
2.202643
1.033942
2.445472
0.915939
2.171405
2.971520
1.824880
2.169689
2.232133
2.103607
1.218581
1.868725
2.183922
1.938846
1.972159
1.250636
1.294051
1.756611
1.494411
1.731204
2.471642
3.834000
2.155656
2.169584
2.379103
1.516541
1.339286
1.673388
1.958090
2.479388
