3.265054
2.198433
1.680331
1.335747
2.412042
1.805676
2.971326
1.720546
1.763522
2.014524
2.039680
1.087567
1.780916
2.104004
2.727003
1.714046
0.837893
1.219961
2.250206
2.654664
1.129996
2.699046
1.452332
2.757544
3.442479
1.938655
2.640177
2.277554
3.629781
1.571856
1.323991
1.361501
1.308355
1.466741
1.807031
1.218055
2.274482
1.171044
1.208732
2.345781
1.246085
1.799205
2.090926
1.669647
1.505507
1.414232
1.220050
1.486669
2.516317
2.503438
2.024498
2.357544
2.848627
1.852844
2.464810
1.882655
1.087068
1.868447
1.703484
1.880241
1.303704
2.041609
1.182751
2.239527
1.167036
2.236758
2.281889
1.608459
2.811375
2.232447
1.549724
2.027016
1.892055
1.468003
1.845456
2.120757
1.371252
3.272120
0.971625
1.159385
1.271177
1.626531
1.415827
1.213764
2.241295
1.135534
1.306101
1.738206
1.433705
3.225374
3.107200
2.528056
1.647455
1.847014
2.182066
1.485208
1.468890
3.039758
1.391645
2.431998
1.069477
2.133356
1.406384
1.339777
1.692076
2.643151
1.663194
1.646222
1.649806
2.823929
1.263174
2.399876
1.971337
1.528761
3.231836
1.001626
1.656427
1.251165
1.467021
2.286754
1.671376
1.879281
4.202792
1.296681
1.598724
1.456980
2.396089
2.243702
1.546138
2.137593
1.226772
2.206753
1.058782
3.660194
1.244537
2.321427
1.793795
1.667015
1.360928
3.757009
1.571441
1.087352
2.281401
2.205249
2.096531
3.376803
1.767969
1.920450
1.269590
