2.023219
2.546074
1.861412
5.117885
1.873919
3.085719
1.793115
2.207824
3.796554
1.276699
1.943549
2.537206
3.203228
1.647031
2.257060
7.171219
2.076808
1.169764
2.090363
2.467276
4.217654
2.003648
3.225350
2.125386
1.620797
1.479905
2.973042
1.043322
3.638728
2.150090
2.493443
2.060596
6.780477
3.321443
2.956259
2.985666
1.252147
3.565748
3.884329
1.485807
1.477820
1.871934
3.384297
1.459999
2.318297
2.630378
1.329603
2.563060
2.347495
1.772597
1.989005
2.183757
1.633631
1.989236
2.993776
1.704415
3.912918
2.165149
3.502333
2.739220
5.379646
3.078526
1.544181
1.025325
1.351233
1.905360
1.152225
3.532029
1.472652
1.541190
4.094409
2.682917
5.644036
4.908317
2.854746
1.739341
3.751901
1.294155
1.911796
2.485808
1.053734
2.654846
1.620995
1.213130
1.844389
2.747035
2.132261
3.571487
2.923906
4.857921
1.722049
2.130412
3.011289
4.816198
2.001845
1.898965
2.371161
5.122325
1.576920
0.927400
2.332277
1.154892
2.535493
1.328548
2.668267
1.763363
1.603114
2.155261
1.944720
2.705855
1.411496
3.504959
1.195366
2.001681
2.092401
3.926590
1.130833
3.421960
1.774570
2.520190
1.926532
1.744657
3.788474
2.155549
1.487867
2.633044
1.912776
5.230416
1.881889
1.058365
1.693143
1.258539
4.090998
1.789853
1.532745
2.516253
1.979393
1.536009
3.036572
2.740757
2.583354
2.713721
1.994875
2.193802
3.617341
1.947547
2.854313
1.849034
1.733335
1.673591
1.515732
1.507617
