2.600168
2.139099
1.007164
2.027632
1.921595
2.488861
1.081858
0.918981
1.843086
1.686295
1.235467
1.184225
3.026625
1.728125
2.709537
1.307560
1.553958
3.245320
1.445795
1.690757
1.898765
3.225297
1.341888
1.771541
1.605827
1.892049
2.622503
1.295124
1.377720
1.529387
1.298722
1.732694
1.557507
1.530061
1.684608
1.428493
1.871353
2.189863
1.345958
1.093384
1.896078
0.913285
2.227872
2.108066
2.589130
1.904059
2.231515
2.154920
1.195945
3.141318
1.110412
2.258164
1.223041
2.818027
1.644395
2.575202
1.783379
1.979254
1.059527
1.372182
2.457054
1.150358
2.383293
1.642506
1.742516
1.683554
3.090042
1.406543
0.901973
2.944832
3.023263
1.040951
2.159772
2.126314
1.292814
1.775732
1.417714
2.490435
1.721464
1.380146
1.946040
1.477880
1.719769
2.054513
1.391101
1.429397
1.505852
1.466833
1.685956
2.673556
1.247665
2.212417
2.559289
2.650418
1.701195
2.933798
1.311604
2.029232
1.463753
1.764585
1.250975
1.868762
1.574378
2.523550
2.368016
2.072750
2.371465
2.757428
3.617646
1.247261
1.406795
2.137212
1.125132
1.644476
2.466466
2.490654
1.449311
1.560704
1.830369
2.157068
2.549345
0.976667
1.689773
1.933970
1.859561
0.987192
2.070404
1.959525
2.550074
1.085904
1.651797
1.922140
1.179686
2.634309
1.558910
4.449766
1.337305
2.227382
1.998713
1.143302
1.332292
1.452679
0.960013
1.732585
1.250782
1.131650
1.262247
1.538406
1.130253
2.292502
2.568314
1.960786
2.094980
2.709342
1.704528
2.881838
1.210754
1.319089
1.026845
1.026245
2.594754
1.337105
1.858000
1.579221
1.526185
1.196166
1.437986
1.798232
2.132839
1.638039
1.286051
1.795305
1.620515
1.523351
1.705458
1.253141
1.356040
1.224614
1.350884
2.519787
1.584609
1.944097
2.273991
1.836722
1.685201
1.264551
1.669984
2.371736
1.300543
1.344927
1.460151
1.819201
2.052262
1.227288
2.106803
1.634758
1.083213
1.862760
1.535949
1.349180
2.047709
2.084677
1.560294
2.135863
1.117860
1.043557
1.802635
2.141778
3.197050
2.037025
1.974729
1.293331
