1.409027
0.980085
1.515829
1.825265
1.730056
1.551126
1.410940
2.420320
2.046942
1.497529
1.303976
1.462546
1.364754
1.550381
1.582194
1.699083
1.075740
1.329375
1.377431
1.271722
1.899476
1.349362
1.895619
1.269088
1.532577
1.349969
1.908387
2.892158
1.349545
1.950016
1.241219
1.905861
0.972761
1.340296
2.045641
1.598862
1.327322
1.580393
2.518355
1.694085
1.548389
1.703693
2.264461
1.561533
3.083843
1.541558
1.898090
1.291618
2.328833
2.123866
1.121742
1.929374
1.407670
1.304546
1.730837
1.497617
1.079205
1.253697
1.587178
1.686358
0.982935
1.216297
1.520500
1.099465
1.396113
1.819925
1.214974
2.162020
2.450676
1.158210
1.136278
2.225346
1.301852
1.715281
2.153482
1.215019
2.060622
1.648709
1.307226
2.020326
1.236817
1.094745
2.169519
2.023943
1.931935
1.624296
1.604001
1.590390
2.090594
1.582020
0.914903
1.587178
3.072918
1.182007
1.770497
1.570199
1.051233
1.735944
1.677850
1.599194
1.401721
1.593458
1.926760
1.405030
1.795987
1.603455
1.249744
1.505083
1.793949
