1.414423
1.510101
1.608453
2.480052
1.630038
1.199537
2.070444
1.584931
7.549591
2.375096
1.368009
1.463883
1.736380
1.850440
1.855970
1.366604
2.011794
1.377185
1.783394
2.316432
1.916905
1.779034
0.995077
2.473131
1.118348
1.631120
2.411508
2.175646
1.705389
1.881205
1.719968
2.261827
1.514835
2.202218
1.868002
2.751468
2.896650
2.134784
1.304365
1.579584
1.139191
2.305549
1.537957
1.783620
1.776044
1.299042
2.012225
1.479411
2.564461
1.209538
1.397953
1.184534
1.230471
4.136141
1.765723
1.446582
1.508353
1.589637
0.988510
1.506788
2.040022
2.255128
1.221145
2.077653
2.254112
2.234162
1.769252
1.713270
1.557649
3.627503
1.603232
1.346868
2.290413
1.882721
2.066276
1.052447
1.250147
1.105536
1.230030
1.804189
1.797175
1.896065
1.273225
1.815499
1.868492
1.423284
2.150315
1.086987
1.127912
1.035907
1.663617
2.404049
1.457931
1.405606
1.860174
1.655801
3.000775
1.727109
1.519527
1.374261
2.258382
1.868728
1.323934
1.988994
2.483424
2.575687
1.458066
2.396653
1.559226
1.227459
1.586630
1.898868
1.681539
2.696613
1.480131
1.474080
1.691475
1.683375
3.123368
2.100047
1.827903
1.217471
1.452231
2.097333
2.802693
1.455270
1.276604
1.718984
1.344753
1.541544
1.780774
