1.569692
1.525170
1.336472
1.713489
2.603740
2.047652
1.448630
1.402541
1.227899
1.895230
2.745113
1.242519
1.812348
1.694884
1.589258
2.176224
1.359252
1.931836
2.668788
1.612475
1.474348
1.972067
1.421777
1.372878
1.522241
1.137768
1.070003
1.676751
1.937892
1.453612
1.780837
1.217863
1.095089
1.301903
2.176857
1.197266
1.552068
2.151857
1.484486
0.946021
2.574131
1.371748
1.109675
1.665768
1.115965
1.616685
1.376709
1.584376
1.061655
1.434489
1.448420
1.538053
2.597453
1.174783
2.276721
1.452307
1.688549
1.279708
1.565858
1.726309
1.828579
2.030837
1.765019
1.278202
1.612818
1.340864
1.091761
1.928258
2.811754
1.708438
1.667425
1.821133
1.449528
1.609188
1.133807
0.944520
1.815161
1.737036
1.486301
1.938109
1.231339
1.423245
1.325909
1.626505
1.272997
1.562326
1.594058
2.053062
1.782331
1.987451
1.815747
2.171173
1.252462
1.577781
2.523564
1.268085
1.213556
2.558224
1.411757
1.061849
1.421807
1.515758
1.911203
1.128635
0.936657
1.528636
1.958315
1.723651
1.271799
1.419971
1.627221
1.995957
1.353174
1.319460
1.369852
1.497420
1.278049
1.594113
1.145362
1.260198
1.653854
2.033626
1.503564
1.405563
1.022278
1.903931
1.318772
1.521766
2.072582
2.310047
1.638587
1.086149
2.581222
2.048184
1.394792
1.498272
1.570884
1.418483
2.330845
1.047094
1.428488
1.489854
1.499502
2.049041
1.596638
1.632318
1.541039
1.224457
2.904334
1.208274
2.141947
1.005045
1.284065
1.365060
1.149428
1.050970
1.322953
1.872354
1.428334
2.010591
1.369632
1.361262
