1.979650
1.711226
1.919733
1.142025
2.846687
1.523737
1.770035
1.823756
1.454436
2.320486
0.995957
2.303176
1.130725
1.440399
1.989739
1.884931
1.426040
1.394334
1.932449
1.078903
1.588077
2.022094
2.661822
2.158758
1.722546
2.191181
1.925787
2.672189
1.196945
1.646138
1.635298
1.141238
1.334472
2.202475
1.128576
1.436157
1.042525
2.569870
2.845219
1.200656
2.663882
1.286058
1.935196
1.933246
1.573882
2.127176
1.957965
1.248062
1.741632
1.757146
0.923867
1.879140
2.211498
1.496844
1.515973
1.525962
1.368978
1.302956
1.255169
1.888337
2.105984
1.428929
1.568189
1.467322
1.695891
1.358722
1.195505
1.463672
1.193620
1.337124
1.374477
1.549753
2.385618
1.460325
2.837820
2.894907
1.441761
1.272982
1.080632
1.359707
1.857724
1.033321
1.332708
1.266374
1.150901
2.326714
1.836534
1.287870
2.623975
2.206333
2.302899
1.675512
2.236554
1.673757
2.227132
2.445882
1.512506
2.139151
2.099941
1.884155
1.487608
1.247514
1.635991
2.112382
1.337716
1.603856
1.710058
2.988863
1.578829
2.588804
1.321647
0.944122
1.134225
1.438614
1.581164
2.528872
1.445934
1.463861
1.182926
1.159395
1.235515
1.335640
1.653442
1.285386
2.128932
1.456917
2.088017
1.472622
1.465119
1.645964
1.085843
2.718187
2.040618
1.378671
0.994373
2.559822
1.157758
2.146909
1.321387
1.287342
2.178383
1.369132
1.179989
1.852063
1.306876
1.219406
1.895832
1.922062
2.238032
2.030507
1.597694
1.389790
1.909181
1.611288
1.735812
1.361014
1.513008
1.690128
2.610179
1.491442
2.036398
1.744226
1.682745
1.647303
1.402535
1.999611
2.012285
1.411117
2.023735
1.644973
2.781972
1.788679
1.424756
1.428897
2.664452
2.356936
2.079980
0.986180
1.805525
1.336281
1.616920
1.069140
1.558525
1.374062
1.833914
2.698662
2.066065
1.793238
1.506861
2.257361
1.611203
2.097581
1.168264
1.061430
2.088125
1.388385
1.684754
1.471346
2.087917
1.778176
1.882146
1.445911
2.251298
1.757130
3.583354
1.445920
2.423517
1.691644
1.655375
2.706656
1.276597
2.218794
0.994156
2.308656
1.703638
2.137715
1.765172
