2.830871
1.558051
1.793452
1.897630
1.625331
1.369690
1.344859
1.854611
1.959953
3.026932
1.722793
1.668260
1.902265
2.098961
1.930602
1.218989
1.849234
1.097333
1.370787
2.095029
1.028941
2.287402
1.430375
1.601455
3.543909
3.187841
1.429141
1.144173
1.236872
1.458579
2.310807
2.271526
2.873638
1.324107
1.350305
2.628690
1.917951
2.003619
2.235643
1.720695
1.331138
2.570814
1.589158
1.969208
1.670288
2.703725
1.948941
1.962008
2.791223
1.341714
2.208078
1.485326
1.252766
1.083795
1.095618
2.010429
2.392778
1.833565
2.654656
2.133343
1.578719
1.381800
2.047606
3.050837
3.078623
1.975715
2.057548
2.369103
1.145731
2.023533
2.726609
2.038670
1.930893
1.067393
2.673992
1.319032
1.519418
1.430526
1.907640
1.644392
2.149045
1.674193
2.066956
2.428621
3.223888
1.817359
1.265017
2.109597
3.029637
1.761939
1.527044
2.010308
2.277422
1.122793
3.055413
2.724678
1.901819
1.323145
2.873496
1.576816
2.142164
1.432099
1.768507
1.867311
2.065091
1.218548
1.741095
2.966052
1.530166
1.599391
2.068695
1.420127
2.067619
1.275584
1.398321
1.103134
1.432513
1.350968
1.570165
1.000272
1.043049
1.243276
1.567922
2.568177
2.075420
1.908424
2.928576
2.800882
3.107054
1.766474
2.296458
1.529012
2.170581
1.587939
2.639644
1.216275
2.539372
2.474380
1.712549
2.078350
2.355430
1.697622
2.225163
1.829637
1.204907
1.754534
2.301881
1.614568
1.844741
1.300518
1.684238
2.172941
1.534773
2.680453
1.241232
2.054632
2.864443
2.781269
1.428660
1.756652
1.590993
2.675849
1.545547
1.664822
2.117609
3.180345
2.723278
2.129648
2.816239
1.684124
1.840272
2.565539
1.523381
1.439936
2.368950
0.948442
2.133686
2.130408
1.246006
1.734482
2.159348
1.554993
1.486872
1.959310
2.135201
1.209635
2.082282
1.740382
2.177178
2.539352
1.347881
1.660860
2.231711
1.407036
3.440004
1.337853
2.190351
1.481543
2.617831
2.553094
1.939446
1.568910
2.004396
2.049756
2.201568
1.900304
1.679112
1.682845
2.413384
1.927206
1.098830
1.527869
2.097832
2.619955
2.771554
2.091161
1.231400
2.016738
