1.591955
1.369072
1.716166
1.429343
1.707938
1.787775
1.507591
1.337726
2.036306
1.311072
1.666141
1.503467
1.858471
2.253947
1.664776
1.396790
2.165256
3.050563
1.720077
1.737100
2.895770
1.888211
1.676399
1.079325
2.367420
2.172964
1.087132
1.645906
1.238665
1.659447
2.043635
1.814797
2.510048
2.175556
1.456990
2.357601
1.527599
2.018614
1.428685
1.360733
1.265139
1.534578
2.057061
1.633535
2.089458
2.116190
1.896338
1.757896
3.318141
0.984758
1.044440
1.931792
1.177849
2.468768
1.934209
1.846399
1.123563
2.143464
2.008386
1.289111
1.910622
1.435096
1.617251
1.372544
1.509877
1.681971
2.474969
1.624912
1.871279
1.587740
1.254392
1.259283
1.904338
1.743179
2.937657
1.769580
1.615210
2.559898
1.717290
2.214676
1.335435
1.941340
1.210683
1.947019
2.324866
2.358220
1.422339
2.605459
2.498074
1.797054
2.721615
1.751708
2.469277
1.759600
2.822036
1.075257
1.679658
0.881058
2.454834
1.030006
1.628103
2.200953
2.145538
2.655981
2.554259
1.580607
2.088652
1.774974
2.193272
1.867176
1.680368
1.300159
2.001375
1.591602
1.976245
1.215263
1.150469
1.915107
1.986250
1.424590
4.117994
2.313833
1.442213
1.281268
1.035338
3.260543
1.914536
1.808757
1.981950
2.597374
2.295229
1.968095
2.640735
1.666071
1.768402
2.348633
1.357592
1.963495
1.626451
2.861068
1.954636
1.801762
1.460100
1.950167
2.935113
1.566513
2.313487
1.261512
1.154081
2.051570
1.358697
1.658864
2.442773
1.957335
1.404293
1.916438
1.586635
1.214492
1.206813
2.707510
1.635707
1.765688
1.787042
2.312844
0.989767
0.917536
3.549409
1.846322
1.805684
1.768191
1.359870
1.111848
1.712286
2.230348
1.049537
1.854905
2.462922
2.025260
2.912021
1.181604
1.205804
1.419138
1.397543
2.405096
1.044141
1.099840
1.132216
1.615889
1.968205
1.238776
3.143283
1.770177
1.855561
1.825747
1.393028
2.577105
1.712768
2.097801
2.058271
2.359088
1.597350
1.318715
1.533919
1.788325
2.083061
2.027394
2.008467
1.199728
1.396269
1.652313
2.407768
1.568152
1.700420
1.267560
2.525573
1.221195
1.497551
1.793949
1.898242
1.818654
1.388792
1.757010
2.297277
1.497406
1.831398
1.558127
1.087316
1.488959
1.198566
1.501177
2.180650
1.107099
1.716352
2.099118
1.353906
2.320839
1.281904
1.408811
1.948619
2.028478
1.395324
2.422502
2.831665
2.272015
2.698618
1.924561
1.431995
1.966192
1.317129
2.234722
1.494569
0.909145
1.976133
1.881034
1.611217
2.356294
1.330818
1.815274
1.395525
1.325664
2.354320
2.055875
1.945703
1.686049
2.415794
1.505270
1.624614
1.761334
1.074569
1.200020
2.087206
1.549352
1.454703
1.486505
1.772243
2.363702
2.373972
2.219643
1.886269
2.483069
1.269446
2.731585
1.435579
2.126597
2.214557
2.349297
2.029987
1.608918
1.650302
1.569629
2.219708
1.435878
1.562675
