1 2 0.887365
1 4 0.945643
1 5 0.953498
1 6 0.949288
1 7 0.930502
1 8 0.962164
1 9 0.953630
1 11 0.500000
1 13 0.865536
1 14 0.500000
2 1 0.887365
4 1 0.945643
4 14 0.500000
5 1 0.953498
6 1 0.949288
7 1 0.930502
7 14 0.500000
8 1 0.962164
8 14 0.500000
9 1 0.953630
11 1 0.500000
11 14 0.500000
13 1 0.865536
13 14 0.500000
14 1 0.500000
14 4 0.500000
14 7 0.500000
14 8 0.500000
14 11 0.500000
14 13 0.500000
1 1 0.993087
1 3 0.500000
1 10 0.536839
1 12 0.500000
2 2 0.707438
2 3 0.500000
2 4 0.769629
2 5 0.736239
2 6 0.774194
2 7 0.748373
2 8 0.746165
2 9 0.776918
2 10 0.508741
2 11 0.500000
2 12 0.500000
2 13 0.681654
2 14 0.500000
3 1 0.500000
3 2 0.500000
3 3 0.500000
3 4 0.500000
3 5 0.500000
3 6 0.500000
3 7 0.500000
3 8 0.500000
3 9 0.500000
3 10 0.500000
3 11 0.500000
3 12 0.500000
3 13 0.500000
3 14 0.500000
4 2 0.769629
4 3 0.500000
4 4 0.857458
4 5 0.813473
4 6 0.839819
4 7 0.818506
4 8 0.844313
4 9 0.860149
4 10 0.516372
4 11 0.500000
4 12 0.500000
4 13 0.745462
5 2 0.736239
5 3 0.500000
5 4 0.813473
5 5 0.996924
5 6 0.844884
5 7 0.807381
5 8 0.994264
5 9 0.889814
5 10 0.594802
5 11 0.500000
5 12 0.500000
5 13 0.771411
5 14 0.500000
6 2 0.774194
6 3 0.500000
6 4 0.839819
6 5 0.844884
6 6 0.857015
6 7 0.821619
6 8 0.844869
6 9 0.849556
6 10 0.518690
6 11 0.500000
6 12 0.500000
6 13 0.744244
6 14 0.500000
7 2 0.748373
7 3 0.500000
7 4 0.818506
7 5 0.807381
7 6 0.821619
7 7 0.805829
7 8 0.813642
7 9 0.830781
7 10 0.508999
7 11 0.500000
7 12 0.500000
7 13 0.726405
8 2 0.746165
8 3 0.500000
8 4 0.844313
8 5 0.994264
8 6 0.844869
8 7 0.813642
8 8 0.999897
8 9 0.894899
8 10 0.675808
8 11 0.500000
8 12 0.500000
8 13 0.789508
9 2 0.776918
9 3 0.500000
9 4 0.860149
9 5 0.889814
9 6 0.849556
9 7 0.830781
9 8 0.894899
9 9 0.885161
9 10 0.523456
9 11 0.500000
9 12 0.500000
9 13 0.759525
9 14 0.500000
10 1 0.536839
10 2 0.508741
10 3 0.500000
10 4 0.516372
10 5 0.594802
10 6 0.518690
10 7 0.508999
10 8 0.675808
10 9 0.523456
10 10 0.523244
10 11 0.500000
10 12 0.500000
10 13 0.515162
10 14 0.500000
11 2 0.500000
11 3 0.500000
11 4 0.500000
11 5 0.500000
11 6 0.500000
11 7 0.500000
11 8 0.500000
11 9 0.500000
11 10 0.500000
11 11 0.500000
11 12 0.500000
11 13 0.500000
12 1 0.500000
12 2 0.500000
12 3 0.500000
12 4 0.500000
12 5 0.500000
12 6 0.500000
12 7 0.500000
12 8 0.500000
12 9 0.500000
12 10 0.500000
12 11 0.500000
12 12 0.500000
12 13 0.500000
12 14 0.500000
13 2 0.681654
13 3 0.500000
13 4 0.745462
13 5 0.771411
13 6 0.744244
13 7 0.726405
13 8 0.789508
13 9 0.759525
13 10 0.515162
13 11 0.500000
13 12 0.500000
13 13 0.672813
14 2 0.500000
14 3 0.500000
14 5 0.500000
14 6 0.500000
14 9 0.500000
14 10 0.500000
14 12 0.500000
14 14 0.500000
