1 2 0.759585
1 4 0.747530
1 5 0.745842
1 6 0.889470
1 7 0.779546
1 8 0.747020
1 9 0.595727
1 11 0.500000
1 13 0.543264
1 14 0.500000
2 1 0.759585
4 1 0.747530
4 14 0.500000
5 1 0.745842
6 1 0.889470
7 1 0.779546
7 14 0.500000
8 1 0.747020
8 14 0.500000
9 1 0.595727
11 1 0.500000
11 14 0.500000
13 1 0.543264
13 14 0.500000
14 1 0.500000
14 4 0.500000
14 7 0.500000
14 8 0.500000
14 11 0.500000
14 13 0.500000
1 1 0.932265
1 3 0.500000
1 10 0.532763
1 12 0.500000
2 2 0.634209
2 3 0.500000
2 4 0.604548
2 5 0.614515
2 6 0.703598
2 7 0.640994
2 8 0.618516
2 9 0.519229
2 10 0.511346
2 11 0.500000
2 12 0.500000
2 13 0.533742
2 14 0.500000
3 1 0.500000
3 2 0.500000
3 3 0.500000
3 4 0.500000
3 5 0.500000
3 6 0.500000
3 7 0.500000
3 8 0.500000
3 9 0.500000
3 10 0.500000
3 11 0.500000
3 12 0.500000
3 13 0.500000
3 14 0.500000
4 2 0.604548
4 3 0.500000
4 4 0.653491
4 5 0.620624
4 6 0.696264
4 7 0.622497
4 8 0.608603
4 9 0.582331
4 10 0.518418
4 11 0.500000
4 12 0.500000
4 13 0.482452
5 2 0.614515
5 3 0.500000
5 4 0.620624
5 5 0.631660
5 6 0.710104
5 7 0.633295
5 8 0.619694
5 9 0.526678
5 10 0.509828
5 11 0.500000
5 12 0.500000
5 13 0.536938
5 14 0.500000
6 2 0.703598
6 3 0.500000
6 4 0.696264
6 5 0.710104
6 6 0.884850
6 7 0.709145
6 8 0.701866
6 9 0.479722
6 10 0.527801
6 11 0.500000
6 12 0.500000
6 13 0.533421
6 14 0.500000
7 2 0.640994
7 3 0.500000
7 4 0.622497
7 5 0.633295
7 6 0.709145
7 7 0.683936
7 8 0.643288
7 9 0.621490
7 10 0.513528
7 11 0.500000
7 12 0.500000
7 13 0.555861
8 2 0.618516
8 3 0.500000
8 4 0.608603
8 5 0.619694
8 6 0.701866
8 7 0.643288
8 8 0.631710
8 9 0.561683
8 10 0.510228
8 11 0.500000
8 12 0.500000
8 13 0.549156
9 2 0.519229
9 3 0.500000
9 4 0.582331
9 5 0.526678
9 6 0.479722
9 7 0.621490
9 8 0.561683
9 9 0.897810
9 10 0.544476
9 11 0.500000
9 12 0.500000
9 13 0.472670
9 14 0.500000
10 1 0.532763
10 2 0.511346
10 3 0.500000
10 4 0.518418
10 5 0.509828
10 6 0.527801
10 7 0.513528
10 8 0.510228
10 9 0.544476
10 10 0.512313
10 11 0.500000
10 12 0.500000
10 13 0.492652
10 14 0.500000
11 2 0.500000
11 3 0.500000
11 4 0.500000
11 5 0.500000
11 6 0.500000
11 7 0.500000
11 8 0.500000
11 9 0.500000
11 10 0.500000
11 11 0.500000
11 12 0.500000
11 13 0.500000
12 1 0.500000
12 2 0.500000
12 3 0.500000
12 4 0.500000
12 5 0.500000
12 6 0.500000
12 7 0.500000
12 8 0.500000
12 9 0.500000
12 10 0.500000
12 11 0.500000
12 12 0.500000
12 13 0.500000
12 14 0.500000
13 2 0.533742
13 3 0.500000
13 4 0.482452
13 5 0.536938
13 6 0.533421
13 7 0.555861
13 8 0.549156
13 9 0.472670
13 10 0.492652
13 11 0.500000
13 12 0.500000
13 13 0.653453
14 2 0.500000
14 3 0.500000
14 5 0.500000
14 6 0.500000
14 9 0.500000
14 10 0.500000
14 12 0.500000
14 14 0.500000
