1 2 0.648590
1 4 0.903809
1 5 0.712737
1 6 0.785176
1 7 0.732221
1 8 0.669969
1 9 0.742745
1 11 0.637712
1 13 0.781903
1 14 0.500000
2 1 0.648590
4 1 0.903809
4 14 0.500000
5 1 0.712737
6 1 0.785176
7 1 0.732221
7 14 0.500000
8 1 0.669969
8 14 0.500000
9 1 0.742745
11 1 0.637712
11 14 0.500000
13 1 0.781903
13 14 0.500000
14 1 0.500000
14 4 0.500000
14 7 0.500000
14 8 0.500000
14 11 0.500000
14 13 0.500000
1 1 0.813706
1 3 0.500000
1 10 0.536263
1 12 0.500000
2 2 0.567792
2 3 0.500000
2 4 0.712038
2 5 0.589408
2 6 0.636007
2 7 0.601376
2 8 0.576840
2 9 0.615066
2 10 0.514394
2 11 0.560284
2 12 0.500000
2 13 0.631770
2 14 0.500000
3 1 0.500000
3 2 0.500000
3 3 0.500000
3 4 0.500000
3 5 0.500000
3 6 0.500000
3 7 0.500000
3 8 0.500000
3 9 0.500000
3 10 0.500000
3 11 0.500000
3 12 0.500000
3 13 0.500000
3 14 0.500000
4 2 0.712038
4 3 0.500000
4 4 0.999789
4 5 0.790529
4 6 0.866908
4 7 0.979996
4 8 0.783817
4 9 0.780573
4 10 0.618233
4 11 0.705002
4 12 0.500000
4 13 0.804254
5 2 0.589408
5 3 0.500000
5 4 0.790529
5 5 0.665199
5 6 0.677582
5 7 0.621728
5 8 0.609095
5 9 0.646892
5 10 0.525119
5 11 0.586513
5 12 0.500000
5 13 0.690132
5 14 0.500000
6 2 0.636007
6 3 0.500000
6 4 0.866908
6 5 0.677582
6 6 0.773358
6 7 0.700372
6 8 0.654954
6 9 0.731309
6 10 0.529909
6 11 0.624159
6 12 0.500000
6 13 0.764735
6 14 0.500000
7 2 0.601376
7 3 0.500000
7 4 0.979996
7 5 0.621728
7 6 0.700372
7 7 0.948052
7 8 0.635583
7 9 0.617703
7 10 0.539047
7 11 0.596992
7 12 0.500000
7 13 0.574784
8 2 0.576840
8 3 0.500000
8 4 0.783817
8 5 0.609095
8 6 0.654954
8 7 0.635583
8 8 0.599671
8 9 0.627231
8 10 0.519291
8 11 0.568584
8 12 0.500000
8 13 0.651358
9 2 0.615066
9 3 0.500000
9 4 0.780573
9 5 0.646892
9 6 0.731309
9 7 0.617703
9 8 0.627231
9 9 0.710388
9 10 0.526916
9 11 0.602987
9 12 0.500000
9 13 0.723638
9 14 0.500000
10 1 0.536263
10 2 0.514394
10 3 0.500000
10 4 0.618233
10 5 0.525119
10 6 0.529909
10 7 0.539047
10 8 0.519291
10 9 0.526916
10 10 0.513905
10 11 0.514275
10 12 0.500000
10 13 0.521006
10 14 0.500000
11 2 0.560284
11 3 0.500000
11 4 0.705002
11 5 0.586513
11 6 0.624159
11 7 0.596992
11 8 0.568584
11 9 0.602987
11 10 0.514275
11 11 0.555665
11 12 0.500000
11 13 0.621504
12 1 0.500000
12 2 0.500000
12 3 0.500000
12 4 0.500000
12 5 0.500000
12 6 0.500000
12 7 0.500000
12 8 0.500000
12 9 0.500000
12 10 0.500000
12 11 0.500000
12 12 0.500000
12 13 0.500000
12 14 0.500000
13 2 0.631770
13 3 0.500000
13 4 0.804254
13 5 0.690132
13 6 0.764735
13 7 0.574784
13 8 0.651358
13 9 0.723638
13 10 0.521006
13 11 0.621504
13 12 0.500000
13 13 0.821094
14 2 0.500000
14 3 0.500000
14 5 0.500000
14 6 0.500000
14 9 0.500000
14 10 0.500000
14 12 0.500000
14 14 0.500000
