1 2 0.631166
1 4 0.749493
1 5 0.698373
1 6 0.678688
1 7 0.654665
1 8 0.644153
1 9 0.663939
1 11 0.604376
1 13 0.615046
1 14 0.500000
2 1 0.631166
4 1 0.749493
4 14 0.500000
5 1 0.698373
6 1 0.678688
7 1 0.654665
7 14 0.500000
8 1 0.644153
8 14 0.500000
9 1 0.663939
11 1 0.604376
11 14 0.500000
13 1 0.615046
13 14 0.500000
14 1 0.500000
14 4 0.500000
14 7 0.500000
14 8 0.500000
14 11 0.500000
14 13 0.500000
1 1 0.753210
1 3 0.500000
1 10 0.503604
1 12 0.500000
2 2 0.572347
2 3 0.500000
2 4 0.597963
2 5 0.614627
2 6 0.578363
2 7 0.572956
2 8 0.573124
2 9 0.588842
2 10 0.501494
2 11 0.553200
2 12 0.500000
2 13 0.557098
2 14 0.500000
3 1 0.500000
3 2 0.500000
3 3 0.500000
3 4 0.500000
3 5 0.500000
3 6 0.500000
3 7 0.500000
3 8 0.500000
3 9 0.500000
3 10 0.500000
3 11 0.500000
3 12 0.500000
3 13 0.500000
3 14 0.500000
4 2 0.597963
4 3 0.500000
4 4 0.973459
4 5 0.640782
4 6 0.754669
4 7 0.673181
4 8 0.666534
4 9 0.645169
4 10 0.505068
4 11 0.598001
4 12 0.500000
4 13 0.591545
5 2 0.614627
5 3 0.500000
5 4 0.640782
5 5 0.842342
5 6 0.618313
5 7 0.591041
5 8 0.606668
5 9 0.644644
5 10 0.502862
5 11 0.585515
5 12 0.500000
5 13 0.603241
5 14 0.500000
6 2 0.578363
6 3 0.500000
6 4 0.754669
6 5 0.618313
6 6 0.705272
6 7 0.592339
6 8 0.606906
6 9 0.610081
6 10 0.503189
6 11 0.566181
6 12 0.500000
6 13 0.568439
6 14 0.500000
7 2 0.572956
7 3 0.500000
7 4 0.673181
7 5 0.591041
7 6 0.592339
7 7 0.608655
7 8 0.577192
7 9 0.588079
7 10 0.503582
7 11 0.559012
7 12 0.500000
7 13 0.565520
8 2 0.573124
8 3 0.500000
8 4 0.666534
8 5 0.606668
8 6 0.606906
8 7 0.577192
8 8 0.591276
8 9 0.597705
8 10 0.499816
8 11 0.557703
8 12 0.500000
8 13 0.559035
9 2 0.588842
9 3 0.500000
9 4 0.645169
9 5 0.644644
9 6 0.610081
9 7 0.588079
9 8 0.597705
9 9 0.619013
9 10 0.501681
9 11 0.568221
9 12 0.500000
9 13 0.572524
9 14 0.500000
10 1 0.503604
10 2 0.501494
10 3 0.500000
10 4 0.505068
10 5 0.502862
10 6 0.503189
10 7 0.503582
10 8 0.499816
10 9 0.501681
10 10 0.502094
10 11 0.500825
10 12 0.500000
10 13 0.501995
10 14 0.500000
11 2 0.553200
11 3 0.500000
11 4 0.598001
11 5 0.585515
11 6 0.566181
11 7 0.559012
11 8 0.557703
11 9 0.568221
11 10 0.500825
11 11 0.542362
11 12 0.500000
11 13 0.546483
12 1 0.500000
12 2 0.500000
12 3 0.500000
12 4 0.500000
12 5 0.500000
12 6 0.500000
12 7 0.500000
12 8 0.500000
12 9 0.500000
12 10 0.500000
12 11 0.500000
12 12 0.500000
12 13 0.500000
12 14 0.500000
13 2 0.557098
13 3 0.500000
13 4 0.591545
13 5 0.603241
13 6 0.568439
13 7 0.565520
13 8 0.559035
13 9 0.572524
13 10 0.501995
13 11 0.546483
13 12 0.500000
13 13 0.555173
14 2 0.500000
14 3 0.500000
14 5 0.500000
14 6 0.500000
14 9 0.500000
14 10 0.500000
14 12 0.500000
14 14 0.500000
