1 2 0.645059
1 4 0.764475
1 5 0.661845
1 6 0.811992
1 7 0.683006
1 8 0.681367
1 9 0.739903
1 11 0.500000
1 13 0.663320
1 14 0.500000
2 1 0.645059
4 1 0.764475
4 14 0.500000
5 1 0.661845
6 1 0.811992
7 1 0.683006
7 14 0.500000
8 1 0.681367
8 14 0.500000
9 1 0.739903
11 1 0.500000
11 14 0.500000
13 1 0.663320
13 14 0.500000
14 1 0.500000
14 4 0.500000
14 7 0.500000
14 8 0.500000
14 11 0.500000
14 13 0.500000
1 1 0.793107
1 3 0.500000
1 10 0.513950
1 12 0.500000
2 2 0.571869
2 3 0.500000
2 4 0.630617
2 5 0.577152
2 6 0.660889
2 7 0.577820
2 8 0.588434
2 9 0.585379
2 10 0.506411
2 11 0.500000
2 12 0.500000
2 13 0.578708
2 14 0.500000
3 1 0.500000
3 2 0.500000
3 3 0.500000
3 4 0.500000
3 5 0.500000
3 6 0.500000
3 7 0.500000
3 8 0.500000
3 9 0.500000
3 10 0.500000
3 11 0.500000
3 12 0.500000
3 13 0.500000
3 14 0.500000
4 2 0.630617
4 3 0.500000
4 4 0.750996
4 5 0.646594
4 6 0.803480
4 7 0.658389
4 8 0.668203
4 9 0.681138
4 10 0.510457
4 11 0.500000
4 12 0.500000
4 13 0.658147
5 2 0.577152
5 3 0.500000
5 4 0.646594
5 5 0.592687
5 6 0.710619
5 7 0.591582
5 8 0.600580
5 9 0.612830
5 10 0.508686
5 11 0.500000
5 12 0.500000
5 13 0.590944
5 14 0.500000
6 2 0.660889
6 3 0.500000
6 4 0.803480
6 5 0.710619
6 6 0.971469
6 7 0.690010
6 8 0.743703
6 9 0.708444
6 10 0.528835
6 11 0.500000
6 12 0.500000
6 13 0.771063
6 14 0.500000
7 2 0.577820
7 3 0.500000
7 4 0.658389
7 5 0.591582
7 6 0.690010
7 7 0.623064
7 8 0.600337
7 9 0.667874
7 10 0.504547
7 11 0.500000
7 12 0.500000
7 13 0.587184
8 2 0.588434
8 3 0.500000
8 4 0.668203
8 5 0.600580
8 6 0.743703
8 7 0.600337
8 8 0.622603
8 9 0.616355
8 10 0.508406
8 11 0.500000
8 12 0.500000
8 13 0.610826
9 2 0.585379
9 3 0.500000
9 4 0.681138
9 5 0.612830
9 6 0.708444
9 7 0.667874
9 8 0.616355
9 9 0.901001
9 10 0.521646
9 11 0.500000
9 12 0.500000
9 13 0.616277
9 14 0.500000
10 1 0.513950
10 2 0.506411
10 3 0.500000
10 4 0.510457
10 5 0.508686
10 6 0.528835
10 7 0.504547
10 8 0.508406
10 9 0.521646
10 10 0.505580
10 11 0.500000
10 12 0.500000
10 13 0.511730
10 14 0.500000
11 2 0.500000
11 3 0.500000
11 4 0.500000
11 5 0.500000
11 6 0.500000
11 7 0.500000
11 8 0.500000
11 9 0.500000
11 10 0.500000
11 11 0.500000
11 12 0.500000
11 13 0.500000
12 1 0.500000
12 2 0.500000
12 3 0.500000
12 4 0.500000
12 5 0.500000
12 6 0.500000
12 7 0.500000
12 8 0.500000
12 9 0.500000
12 10 0.500000
12 11 0.500000
12 12 0.500000
12 13 0.500000
12 14 0.500000
13 2 0.578708
13 3 0.500000
13 4 0.658147
13 5 0.590944
13 6 0.771063
13 7 0.587184
13 8 0.610826
13 9 0.616277
13 10 0.511730
13 11 0.500000
13 12 0.500000
13 13 0.647255
14 2 0.500000
14 3 0.500000
14 5 0.500000
14 6 0.500000
14 9 0.500000
14 10 0.500000
14 12 0.500000
14 14 0.500000
