1 2 0.534335
1 4 0.719060
1 5 0.673265
1 6 0.682006
1 7 0.700640
1 8 0.662495
1 9 0.680515
1 11 0.620895
1 13 0.589124
1 14 0.500000
2 1 0.534335
4 1 0.719060
4 14 0.500000
5 1 0.673265
6 1 0.682006
7 1 0.700640
7 14 0.500000
8 1 0.662495
8 14 0.500000
9 1 0.680515
11 1 0.620895
11 14 0.500000
13 1 0.589124
13 14 0.500000
14 1 0.500000
14 4 0.500000
14 7 0.500000
14 8 0.500000
14 11 0.500000
14 13 0.500000
1 1 0.833808
1 3 0.500000
1 10 0.509392
1 12 0.500000
2 2 0.616555
2 3 0.500000
2 4 0.506911
2 5 0.555560
2 6 0.537048
2 7 0.501986
2 8 0.495899
2 9 0.536926
2 10 0.513135
2 11 0.511846
2 12 0.500000
2 13 0.542127
2 14 0.500000
3 1 0.500000
3 2 0.500000
3 3 0.500000
3 4 0.500000
3 5 0.500000
3 6 0.500000
3 7 0.500000
3 8 0.500000
3 9 0.500000
3 10 0.500000
3 11 0.500000
3 12 0.500000
3 13 0.500000
3 14 0.500000
4 2 0.506911
4 3 0.500000
4 4 0.659028
4 5 0.601474
4 6 0.608185
4 7 0.616016
4 8 0.596861
4 9 0.608985
4 10 0.500987
4 11 0.571791
4 12 0.500000
4 13 0.549044
5 2 0.555560
5 3 0.500000
5 4 0.601474
5 5 0.618937
5 6 0.590828
5 7 0.581107
5 8 0.569479
5 9 0.603403
5 10 0.510996
5 11 0.557886
5 12 0.500000
5 13 0.531926
5 14 0.500000
6 2 0.537048
6 3 0.500000
6 4 0.608185
6 5 0.590828
6 6 0.625369
6 7 0.604142
6 8 0.570023
6 9 0.597043
6 10 0.502042
6 11 0.565068
6 12 0.500000
6 13 0.545174
6 14 0.500000
7 2 0.501986
7 3 0.500000
7 4 0.616016
7 5 0.581107
7 6 0.604142
7 7 0.644941
7 8 0.585318
7 9 0.589867
7 10 0.502076
7 11 0.568947
7 12 0.500000
7 13 0.532596
8 2 0.495899
8 3 0.500000
8 4 0.596861
8 5 0.569479
8 6 0.570023
8 7 0.585318
8 8 0.589919
8 9 0.568667
8 10 0.496872
8 11 0.550699
8 12 0.500000
8 13 0.533220
9 2 0.536926
9 3 0.500000
9 4 0.608985
9 5 0.603403
9 6 0.597043
9 7 0.589867
9 8 0.568667
9 9 0.626877
9 10 0.510016
9 11 0.562225
9 12 0.500000
9 13 0.532478
9 14 0.500000
10 1 0.509392
10 2 0.513135
10 3 0.500000
10 4 0.500987
10 5 0.510996
10 6 0.502042
10 7 0.502076
10 8 0.496872
10 9 0.510016
10 10 0.507046
10 11 0.501851
10 12 0.500000
10 13 0.504737
10 14 0.500000
11 2 0.511846
11 3 0.500000
11 4 0.571791
11 5 0.557886
11 6 0.565068
11 7 0.568947
11 8 0.550699
11 9 0.562225
11 10 0.501851
11 11 0.540860
11 12 0.500000
11 13 0.524931
12 1 0.500000
12 2 0.500000
12 3 0.500000
12 4 0.500000
12 5 0.500000
12 6 0.500000
12 7 0.500000
12 8 0.500000
12 9 0.500000
12 10 0.500000
12 11 0.500000
12 12 0.500000
12 13 0.500000
12 14 0.500000
13 2 0.542127
13 3 0.500000
13 4 0.549044
13 5 0.531926
13 6 0.545174
13 7 0.532596
13 8 0.533220
13 9 0.532478
13 10 0.504737
13 11 0.524931
13 12 0.500000
13 13 0.607422
14 2 0.500000
14 3 0.500000
14 5 0.500000
14 6 0.500000
14 9 0.500000
14 10 0.500000
14 12 0.500000
14 14 0.500000
