1 2 0.606613
1 4 0.618334
1 5 0.645597
1 6 0.595385
1 7 0.780863
1 8 0.790652
1 9 0.637607
1 11 0.579894
1 13 0.575432
1 14 0.500000
2 1 0.606613
4 1 0.618334
4 14 0.500000
5 1 0.645597
6 1 0.595385
7 1 0.780863
7 14 0.500000
8 1 0.790652
8 14 0.500000
9 1 0.637607
11 1 0.579894
11 14 0.500000
13 1 0.575432
13 14 0.500000
14 1 0.500000
14 4 0.500000
14 7 0.500000
14 8 0.500000
14 11 0.500000
14 13 0.500000
1 1 0.728675
1 3 0.500000
1 10 0.517775
1 12 0.500000
2 2 0.550467
2 3 0.500000
2 4 0.551118
2 5 0.567639
2 6 0.546938
2 7 0.642991
2 8 0.646665
2 9 0.560492
2 10 0.506651
2 11 0.535566
2 12 0.500000
2 13 0.533374
2 14 0.500000
3 1 0.500000
3 2 0.500000
3 3 0.500000
3 4 0.500000
3 5 0.500000
3 6 0.500000
3 7 0.500000
3 8 0.500000
3 9 0.500000
3 10 0.500000
3 11 0.500000
3 12 0.500000
3 13 0.500000
3 14 0.500000
4 2 0.551118
4 3 0.500000
4 4 0.589245
4 5 0.582909
4 6 0.544195
4 7 0.637729
4 8 0.738425
4 9 0.576423
4 10 0.514790
4 11 0.542035
4 12 0.500000
4 13 0.531773
5 2 0.567639
5 3 0.500000
5 4 0.582909
5 5 0.600462
5 6 0.564953
5 7 0.681805
5 8 0.741625
5 9 0.582056
5 10 0.508819
5 11 0.549896
5 12 0.500000
5 13 0.539091
5 14 0.500000
6 2 0.546938
6 3 0.500000
6 4 0.544195
6 5 0.564953
6 6 0.596448
6 7 0.539787
6 8 0.657350
6 9 0.546537
6 10 0.500798
6 11 0.539907
6 12 0.500000
6 13 0.527244
6 14 0.500000
7 2 0.642991
7 3 0.500000
7 4 0.637729
7 5 0.681805
7 6 0.539787
7 7 0.993294
7 8 0.921897
7 9 0.663862
7 10 0.513736
7 11 0.589774
7 12 0.500000
7 13 0.640472
8 2 0.646665
8 3 0.500000
8 4 0.738425
8 5 0.741625
8 6 0.657350
8 7 0.921897
8 8 0.996596
8 9 0.603553
8 10 0.503175
8 11 0.602202
8 12 0.500000
8 13 0.556159
9 2 0.560492
9 3 0.500000
9 4 0.576423
9 5 0.582056
9 6 0.546537
9 7 0.663862
9 8 0.603553
9 9 0.612324
9 10 0.522065
9 11 0.548884
9 12 0.500000
9 13 0.549101
9 14 0.500000
10 1 0.517775
10 2 0.506651
10 3 0.500000
10 4 0.514790
10 5 0.508819
10 6 0.500798
10 7 0.513736
10 8 0.503175
10 9 0.522065
10 10 0.509147
10 11 0.507734
10 12 0.500000
10 13 0.507739
10 14 0.500000
11 2 0.535566
11 3 0.500000
11 4 0.542035
11 5 0.549896
11 6 0.539907
11 7 0.589774
11 8 0.602202
11 9 0.548884
11 10 0.507734
11 11 0.529469
11 12 0.500000
11 13 0.526249
12 1 0.500000
12 2 0.500000
12 3 0.500000
12 4 0.500000
12 5 0.500000
12 6 0.500000
12 7 0.500000
12 8 0.500000
12 9 0.500000
12 10 0.500000
12 11 0.500000
12 12 0.500000
12 13 0.500000
12 14 0.500000
13 2 0.533374
13 3 0.500000
13 4 0.531773
13 5 0.539091
13 6 0.527244
13 7 0.640472
13 8 0.556159
13 9 0.549101
13 10 0.507739
13 11 0.526249
13 12 0.500000
13 13 0.536647
14 2 0.500000
14 3 0.500000
14 5 0.500000
14 6 0.500000
14 9 0.500000
14 10 0.500000
14 12 0.500000
14 14 0.500000
