1 2 0.713913
1 4 0.811863
1 5 0.748655
1 6 0.780989
1 7 0.797902
1 8 0.758226
1 9 0.812660
1 11 0.693564
1 13 0.725778
1 14 0.500000
2 1 0.713913
4 1 0.811863
4 14 0.500000
5 1 0.748655
6 1 0.780989
7 1 0.797902
7 14 0.500000
8 1 0.758226
8 14 0.500000
9 1 0.812660
11 1 0.693564
11 14 0.500000
13 1 0.725778
13 14 0.500000
14 1 0.500000
14 4 0.500000
14 7 0.500000
14 8 0.500000
14 11 0.500000
14 13 0.500000
1 1 0.902463
1 3 0.500000
1 10 0.547933
1 12 0.500000
2 2 0.613061
2 3 0.500000
2 4 0.650877
2 5 0.598322
2 6 0.612773
2 7 0.644607
2 8 0.617403
2 9 0.642227
2 10 0.526191
2 11 0.578318
2 12 0.500000
2 13 0.586669
2 14 0.500000
3 1 0.500000
3 2 0.500000
3 3 0.500000
3 4 0.500000
3 5 0.500000
3 6 0.500000
3 7 0.500000
3 8 0.500000
3 9 0.500000
3 10 0.500000
3 11 0.500000
3 12 0.500000
3 13 0.500000
3 14 0.500000
4 2 0.650877
4 3 0.500000
4 4 0.787774
4 5 0.655537
4 6 0.737060
4 7 0.724215
4 8 0.676325
4 9 0.716104
4 10 0.542338
4 11 0.630623
4 12 0.500000
4 13 0.641786
5 2 0.598322
5 3 0.500000
5 4 0.655537
5 5 0.660008
5 6 0.675408
5 7 0.656521
5 8 0.639672
5 9 0.697641
5 10 0.513967
5 11 0.602866
5 12 0.500000
5 13 0.627109
5 14 0.500000
6 2 0.612773
6 3 0.500000
6 4 0.737060
6 5 0.675408
6 6 0.995893
6 7 0.726137
6 8 0.545625
6 9 0.914895
6 10 0.546246
6 11 0.621871
6 12 0.500000
6 13 0.603560
6 14 0.500000
7 2 0.644607
7 3 0.500000
7 4 0.724215
7 5 0.656521
7 6 0.726137
7 7 0.712606
7 8 0.666126
7 9 0.705915
7 10 0.532956
7 11 0.621142
7 12 0.500000
7 13 0.637675
8 2 0.617403
8 3 0.500000
8 4 0.676325
8 5 0.639672
8 6 0.545625
8 7 0.666126
8 8 0.660798
8 9 0.646036
8 10 0.520194
8 11 0.603782
8 12 0.500000
8 13 0.627305
9 2 0.642227
9 3 0.500000
9 4 0.716104
9 5 0.697641
9 6 0.914895
9 7 0.705915
9 8 0.646036
9 9 0.909115
9 10 0.543153
9 11 0.633095
9 12 0.500000
9 13 0.646861
9 14 0.500000
10 1 0.547933
10 2 0.526191
10 3 0.500000
10 4 0.542338
10 5 0.513967
10 6 0.546246
10 7 0.532956
10 8 0.520194
10 9 0.543153
10 10 0.512598
10 11 0.516412
10 12 0.500000
10 13 0.517382
10 14 0.500000
11 2 0.578318
11 3 0.500000
11 4 0.630623
11 5 0.602866
11 6 0.621871
11 7 0.621142
11 8 0.603782
11 9 0.633095
11 10 0.516412
11 11 0.576707
11 12 0.500000
11 13 0.592631
12 1 0.500000
12 2 0.500000
12 3 0.500000
12 4 0.500000
12 5 0.500000
12 6 0.500000
12 7 0.500000
12 8 0.500000
12 9 0.500000
12 10 0.500000
12 11 0.500000
12 12 0.500000
12 13 0.500000
12 14 0.500000
13 2 0.586669
13 3 0.500000
13 4 0.641786
13 5 0.627109
13 6 0.603560
13 7 0.637675
13 8 0.627305
13 9 0.646861
13 10 0.517382
13 11 0.592631
13 12 0.500000
13 13 0.621987
14 2 0.500000
14 3 0.500000
14 5 0.500000
14 6 0.500000
14 9 0.500000
14 10 0.500000
14 12 0.500000
14 14 0.500000
