2.351509
2.976343
1.820062
1.913982
2.428943
3.160807
2.650663
2.528437
3.269105
3.701950
4.091334
1.767250
2.691867
3.211853
3.529140
1.444894
2.336146
1.244520
1.285576
2.737976
2.055941
2.335058
2.315861
2.955617
3.113048
3.650516
1.499227
1.670277
1.949368
2.426324
1.142953
1.766166
2.269288
1.404671
2.024475
1.769590
3.001785
4.342700
2.901359
2.229423
2.147802
3.723081
1.955258
1.505512
1.796594
2.221322
2.078510
1.390927
2.728399
1.597471
2.089462
1.401425
2.796357
1.281538
3.918860
1.636504
1.381184
3.319844
2.335942
2.550942
2.268056
1.475893
2.371555
2.213429
2.739327
2.335921
3.072581
1.074376
2.468763
1.777067
3.457161
1.279899
1.970393
1.825912
1.611113
1.500995
3.779474
2.287150
2.343240
2.686039
1.063738
2.644851
1.766359
3.041833
1.615621
1.234617
3.858770
1.835434
2.706122
2.444573
1.587043
1.376770
2.313873
1.180454
1.255401
1.920986
3.219181
2.050342
3.994117
2.483823
2.449753
3.435098
1.587892
2.100680
2.601044
3.085312
1.176564
1.926757
1.453653
2.238069
1.897321
1.346865
1.500251
1.522969
2.261404
1.567678
1.094446
1.332698
1.420756
1.555550
2.099317
1.517767
1.568991
2.179984
2.356525
1.358692
1.513764
1.240031
2.762174
2.443274
2.278352
2.516555
1.379195
2.665449
2.417576
2.541443
1.934089
1.233281
1.319319
1.891440
2.262123
1.593457
1.762578
2.193953
2.310722
1.986046
2.367117
1.304111
2.935553
2.852114
1.621658
2.536216
3.016885
1.772662
3.484174
6.004978
1.298802
1.668611
1.276523
2.490334
1.740959
1.483615
2.200041
1.244279
1.404400
2.258538
2.268263
2.534956
1.827438
1.829885
1.661166
2.032793
1.459878
0.971976
0.996898
2.228814
1.171320
2.896229
2.170419
1.813490
2.314109
3.503866
1.795380
1.043298
2.925024
1.775933
1.815502
2.781157
1.683550
2.079900
1.115741
1.959273
2.690259
1.710095
1.230203
3.056626
2.372936
1.722478
2.220861
2.340007
1.313902
1.482039
1.864170
2.734995
1.482831
1.727428
1.785086
1.462697
2.044343
2.730024
1.221798
2.027172
1.908865
2.489141
2.733569
1.150961
1.880308
2.987368
2.125557
1.606305
4.530228
2.345144
1.716201
0.825370
2.860255
3.026922
1.783277
1.917076
2.301531
1.710663
1.444394
1.862469
1.251926
2.230270
1.527861
1.733273
1.755188
1.861856
1.921393
0.934829
1.774567
1.377168
1.714701
1.210038
2.060055
1.454698
2.831038
1.347733
1.647377
1.162773
2.691547
1.249755
1.382687
2.751883
1.388319
1.599453
1.517063
1.648327
1.285230
1.409557
2.251506
1.381922
2.075133
1.419235
3.377915
2.958091
1.855252
2.509419
1.372366
2.041841
2.329007
1.519798
2.207392
1.407387
1.791896
2.512981
1.488305
1.460355
1.171921
1.372918
1.166189
2.416098
1.365394
2.275767
1.108940
1.040971
1.876289
1.188735
1.053404
1.690680
2.290884
2.330742
1.624676
2.167901
1.822848
2.642998
1.260167
1.386330
2.437030
1.500450
1.371185
3.318511
1.411966
1.677793
1.848427
2.776141
1.692234
1.557689
1.355940
1.695694
3.209161
1.263472
1.209885
1.275908
1.653012
0.912242
1.234172
1.720772
1.480060
