3.251645
2.192134
1.403696
1.736252
1.731913
2.194233
1.953215
2.318066
1.630689
1.803042
2.020313
1.872647
1.440960
1.935760
1.681013
1.399304
1.350390
1.819667
3.210051
3.202752
1.817357
1.752851
1.918921
1.722948
1.320704
1.389323
1.731826
2.199435
2.168123
3.660607
1.799747
2.122723
2.076040
2.525677
1.458894
2.046244
1.159309
1.205637
1.282202
1.423673
2.017996
3.136235
1.099430
2.196464
2.506409
2.028600
2.761983
2.434626
1.988353
1.492036
1.232637
1.123489
1.935317
1.302249
1.748162
1.935327
3.034271
1.320802
1.775589
3.015756
1.952217
2.303348
1.532110
1.138947
1.050193
1.507937
2.903306
2.403334
2.145903
1.401926
2.867920
1.282922
1.725643
1.383204
1.952350
1.209693
3.158694
1.587680
2.055900
3.167540
1.191468
2.074426
1.786272
1.964476
1.774514
2.782583
1.090808
1.372671
2.004451
2.083078
1.347399
2.372598
2.192365
1.920513
1.710534
2.439214
1.324037
1.881843
1.400224
1.883344
3.805654
1.739659
1.476685
1.192579
1.553550
4.268327
1.734760
1.484569
1.354989
1.633924
1.812928
2.287588
1.501451
2.393268
2.032187
1.381194
1.076939
2.354858
1.244297
1.681420
1.258909
1.392621
2.099516
2.356930
1.024055
1.195778
2.298737
1.155896
0.980037
1.685539
1.731982
2.389429
1.416158
2.539082
1.072083
1.709717
2.879858
3.611047
1.517197
2.466805
1.227485
3.754057
2.537815
2.090320
3.362936
1.899446
2.018505
1.400189
3.060454
1.481188
1.184596
2.229963
2.015040
1.204898
1.713570
1.070984
1.593627
