1.411404
1.920907
1.265730
2.128803
1.413942
3.122638
2.242702
2.799115
2.960928
2.085049
2.232364
2.493981
1.708642
1.496593
1.619094
2.363262
1.579597
1.788618
1.267560
2.221578
1.329194
1.905489
1.511315
3.091729
2.315122
2.744390
1.653475
1.787387
1.905882
3.506684
2.281371
2.268037
2.830118
1.585559
1.578703
3.545975
2.715638
1.264637
3.061508
2.711909
2.251585
1.489477
2.490728
2.302894
1.468772
2.704839
1.570788
2.516528
1.617517
1.512704
2.088181
1.326609
1.110149
2.825337
1.750541
1.904843
2.818534
1.171096
1.583514
1.790871
2.125524
1.385249
2.400864
1.605284
2.764652
1.241228
2.265107
1.743454
2.058429
2.999438
1.998737
1.610366
1.193878
2.094821
1.549090
1.145360
1.892406
1.849409
1.881986
2.564237
1.645421
1.919533
2.303115
2.116617
3.324917
1.231017
1.699971
1.508268
2.186763
1.805459
3.109975
1.108302
1.851834
0.912374
2.197917
3.109103
1.096634
1.739193
2.498472
2.521694
1.710480
1.195873
1.604089
1.257486
2.224394
1.299304
1.823814
1.817824
1.333241
3.185293
1.343851
2.095523
1.333145
3.912728
1.223469
1.763678
1.195902
2.754152
2.306122
1.658830
1.523966
2.597126
2.308604
2.392578
1.874773
2.201789
1.164061
2.339891
2.305116
2.847430
2.231325
2.876224
3.424849
0.997453
2.132775
1.236822
1.198847
1.716150
3.238638
2.222013
2.495575
1.955938
1.330415
1.929562
1.786919
2.241291
1.531140
1.360620
2.013795
2.014129
2.288354
2.098023
3.219807
2.010680
1.379671
2.123950
1.119155
1.673805
2.268264
