1.555405
1.197987
2.394957
0.969919
1.370200
2.087254
1.994205
1.497200
1.767424
2.084867
1.972427
2.176170
1.601115
1.003844
1.067103
1.258953
1.436012
1.658589
1.533116
1.393805
1.538392
1.600832
1.790055
1.558683
1.435798
1.367186
1.985281
1.092532
1.993623
1.271514
1.435993
1.194582
1.773854
1.904785
1.970176
2.247890
1.194487
0.858170
2.149680
2.359830
1.490197
1.480862
1.636578
1.297290
1.533524
1.552847
2.642424
2.208434
1.789780
1.241844
1.355567
1.686279
2.008928
1.211571
1.822949
1.199641
2.759804
2.356237
1.111289
1.036893
1.487795
1.728661
1.785708
1.242121
1.754693
1.505004
0.934794
2.002513
1.325517
1.851557
1.907978
1.209074
1.516854
1.619632
2.059248
1.106913
1.477919
1.243930
1.840506
1.979064
2.212639
2.338950
1.710256
1.801720
2.557617
1.728393
1.796321
2.075690
2.821882
1.340742
1.283267
1.094831
2.096437
2.140823
1.621171
1.088172
2.277459
1.550720
1.647028
1.150556
1.215809
1.854227
1.858328
1.560011
1.708602
1.991649
1.084355
2.341745
1.347404
2.463028
2.041716
1.737525
1.369094
1.441086
1.824725
1.375235
1.600724
2.425341
1.505527
2.073410
1.818110
1.452134
1.302521
1.769709
2.030371
1.288976
1.481959
1.744127
1.277236
1.063756
1.435361
1.487571
1.224230
1.526733
1.440267
1.260316
1.030105
1.191452
1.352078
1.181393
1.513308
1.285159
2.238425
1.466636
1.155576
1.407861
1.301172
1.825496
1.262685
1.899731
2.006521
1.434881
1.598618
1.502048
2.294749
1.388850
1.751182
1.121881
1.568096
2.491060
1.343732
2.230812
1.460020
0.969458
1.464494
1.626108
1.701095
1.022552
1.433242
1.574448
1.623112
1.277879
2.674453
1.349643
1.020712
1.448915
1.002146
1.366816
1.632006
1.322695
1.523242
1.281894
1.333103
1.741909
1.351725
1.409966
2.238037
2.443707
1.213182
2.438446
1.335420
2.498407
1.488133
1.652385
2.016679
1.426425
1.481487
1.822794
1.499134
1.359318
1.279419
1.030478
1.296865
1.123871
1.121111
1.383331
1.206030
1.423350
1.728614
1.726657
2.851964
1.433396
1.216477
1.364635
1.106856
1.497358
1.290207
1.601561
1.762542
2.539931
1.423894
1.047455
2.035529
2.318234
2.237724
1.935069
1.666249
1.978370
1.242702
2.281719
2.274842
1.203484
2.130352
1.430066
1.100652
1.311968
1.986039
1.062091
2.121578
1.209495
2.568435
1.507586
2.355760
1.746157
0.920155
1.619359
1.157632
1.379984
1.503341
1.261228
1.228179
1.127492
1.558006
1.515752
1.528447
0.882406
1.436770
1.327364
2.056159
0.961807
1.650109
1.943403
1.477162
1.469355
1.331973
2.432032
1.577562
1.653164
1.156198
1.779586
2.086153
1.066322
1.169190
1.801608
1.096143
2.098913
1.619992
2.579952
1.371857
1.337374
1.754896
1.597110
1.284742
1.411414
1.543918
2.151631
1.930766
1.698881
1.560714
1.833052
0.882408
1.366156
1.500441
1.642659
1.358203
1.885117
1.121377
2.405078
1.698007
1.688242
1.448609
2.116074
2.078303
1.448198
1.228659
2.110663
2.327596
1.387983
1.735272
1.835419
0.881745
0.940772
2.053865
1.562855
1.828558
2.310979
1.352492
2.056237
2.388702
1.627508
2.292455
1.435199
1.185149
1.106665
1.275316
1.796190
2.396337
1.080114
3.436143
1.343358
1.186049
1.840340
1.835675
2.721426
1.460420
1.412971
1.769320
1.461672
1.807086
2.285580
1.867458
1.478424
2.046292
2.041584
1.562671
1.507505
1.896939
1.132188
1.981686
1.860403
1.538630
1.548387
1.105702
1.389987
1.836072
1.209893
2.157119
2.201861
1.852476
1.454626
1.691281
2.627329
1.726688
1.316432
1.943487
1.537637
1.855316
1.558799
1.042372
1.735916
1.544241
2.105349
1.306444
1.323287
1.639126
1.631492
1.565392
1.392657
2.289883
1.411976
2.140769
2.378147
2.103231
1.840685
1.451902
1.873487
1.737397
1.538122
1.913952
2.075050
1.964529
2.631077
1.276894
1.833534
1.522691
1.835672
2.062053
1.245575
0.744757
1.579957
1.901616
1.601731
0.995371
1.683597
1.039707
1.078656
2.192845
1.100787
1.418154
1.211302
3.023919
1.586098
2.136267
1.350744
