1.205308
2.119619
2.906896
1.837888
1.583294
2.411820
1.268753
5.541234
1.291220
1.631725
1.571627
1.653444
2.922916
3.164041
2.130326
1.944682
1.839661
3.159506
2.357899
3.588749
3.313554
2.344447
1.871268
3.384581
1.663402
2.013405
1.428988
1.562494
1.289377
0.892667
1.394760
2.898249
2.135723
1.495724
1.309114
1.357929
1.317082
3.130512
3.092005
1.995426
1.428367
1.973925
1.345392
1.019494
3.526263
1.708837
2.137459
1.317818
1.122332
1.826013
3.293794
2.173976
2.689748
4.246184
1.323297
1.498550
2.006277
1.558901
1.733540
2.242553
2.581180
1.563073
2.084921
1.670312
1.592254
2.082390
3.645279
1.054221
1.726833
1.492023
2.333137
1.745854
1.492592
1.715791
2.507104
2.706781
1.494678
2.446793
1.904760
2.140301
1.426296
1.196287
2.222358
1.377952
1.609312
1.778265
2.976381
1.705084
2.515157
1.996009
3.852567
1.849579
2.834195
2.256337
1.917197
1.425664
1.358507
3.287417
1.699009
2.540565
1.734690
1.288028
2.100864
1.579962
1.291982
2.376502
2.323879
2.315163
2.902358
3.686372
1.727166
1.147884
1.459574
1.300693
1.855804
1.786312
2.019136
3.261856
1.064465
2.163272
2.111311
2.060532
2.160547
2.122787
1.318787
2.742773
1.739724
1.540967
1.368331
1.517788
1.085540
3.972532
1.236329
2.727456
1.312777
1.618534
3.313793
1.219702
1.253209
1.245268
2.886938
1.570611
0.966996
2.234189
2.152184
1.279436
1.075187
1.634558
2.314418
1.951326
1.855323
2.107979
2.187291
1.606889
1.352372
1.615470
1.706957
1.390213
3.643951
1.899527
1.184778
1.883886
1.937004
1.419186
3.529413
1.827821
0.794403
3.939418
1.855724
1.157040
1.968866
1.793169
2.275153
1.709390
1.711407
2.172035
1.919889
1.639892
1.983218
1.267300
1.370303
1.718460
1.642271
2.271566
2.131860
2.325266
2.564202
1.957555
1.280065
2.127527
1.808036
1.325558
2.070989
1.881280
1.310585
1.102577
1.542449
1.592504
2.329640
1.095902
1.109989
2.200821
1.219406
1.194820
2.610622
2.181127
1.981500
1.962560
1.687677
1.881422
1.325421
1.132592
2.155404
2.351799
1.460512
1.996256
3.052419
2.030730
1.970316
2.798294
1.161838
1.578041
2.269993
2.196825
1.075999
2.025980
2.029327
1.785573
1.687137
1.689206
3.605113
1.872800
1.294910
2.038979
3.157955
1.570572
1.563987
2.817567
1.892486
0.983599
1.679693
1.465848
1.793935
1.421358
2.171913
1.229868
2.539003
1.178320
1.207952
1.382832
3.278522
2.449498
1.410549
1.262595
3.068002
1.596580
1.739672
2.205798
1.197755
2.450972
1.911413
1.017711
1.288457
1.314905
1.933289
1.215666
0.982851
2.285026
2.334108
1.501719
1.285031
1.999164
2.418823
1.748006
1.206514
2.158000
2.173126
2.081186
1.351951
1.870137
1.585482
1.744650
2.731846
1.848369
1.827744
1.960005
1.811507
1.991880
1.206740
1.593746
2.138322
2.360079
1.268950
1.262160
1.613961
2.312750
0.957597
1.742854
2.174547
1.843693
1.571667
2.220114
2.574007
3.067376
2.771893
1.876060
2.391931
3.111195
1.448942
1.292578
1.328647
1.249504
1.886853
1.846238
1.489930
1.566563
1.986631
1.881158
1.304066
1.454358
2.375721
1.836301
1.093660
1.711694
1.046576
1.791589
2.327751
1.566439
2.330724
1.614889
0.955242
2.538119
2.641944
2.714536
1.260590
1.497522
1.149690
1.489902
1.625312
2.193747
1.035785
1.239485
1.401375
1.518278
