2.267269
2.278929
5.779831
2.535183
3.184598
4.566310
1.824683
3.042855
3.870804
1.993165
3.364383
3.649924
2.568971
1.510868
2.485875
4.997838
4.598450
3.216267
1.770288
3.138908
2.293009
3.871407
2.670942
1.600714
2.640500
5.202960
6.073333
3.534969
2.618261
2.847319
4.392954
3.765253
3.116464
1.932059
3.221441
3.101653
5.437558
2.338705
4.532143
2.029855
2.067470
3.789553
5.805322
4.326952
3.358169
4.117683
2.886404
5.171244
4.646676
2.674488
2.570829
3.028360
2.673870
3.269703
1.934425
2.804124
2.766309
1.992468
2.443372
1.703500
2.695946
2.027644
3.004677
1.520376
3.129830
2.634029
3.079233
3.516506
6.644527
2.015620
2.288059
1.970687
3.500224
2.957706
3.288332
2.072610
2.383902
2.536329
3.888583
3.839864
2.847777
5.241910
2.159978
2.964167
3.045673
2.070956
3.110950
1.069827
1.634084
2.767790
3.171355
2.126773
1.532702
1.781280
2.567401
3.554381
2.244132
4.890257
1.828490
8.432039
3.539702
3.285047
3.412475
2.723539
1.763318
2.867550
3.984035
3.150655
2.918071
2.890124
2.684832
3.164562
5.156147
1.622922
1.831072
1.764257
2.860332
1.486897
2.110251
2.732621
1.686595
3.262776
2.111412
2.569346
3.449790
3.333444
1.336118
2.290060
3.890260
2.767688
1.745031
2.091178
1.479946
3.741098
2.231471
1.740487
3.369959
1.595363
3.222199
4.937961
2.302720
2.778066
1.935575
1.804365
2.080550
1.751827
1.697485
2.272675
2.101491
3.045637
0.901241
2.116149
1.461208
1.619341
4.503652
1.960911
2.888619
3.516211
3.780920
2.664310
2.209754
3.699208
3.193453
2.599041
3.642416
3.576362
1.445501
2.368065
1.849984
3.494902
2.925368
3.515230
1.895461
3.561721
3.427496
1.847268
2.057153
1.521264
3.034829
2.301115
2.241546
2.263614
1.138449
1.787175
4.997634
2.622683
2.311805
2.290134
3.513120
1.393642
