2.491832
2.625691
3.581326
1.936286
2.166268
2.636006
2.781690
4.385190
1.527371
1.680715
1.605803
2.819508
1.939350
1.842417
2.139058
2.357008
2.184896
1.952617
1.907711
1.976809
1.582753
2.654489
2.351439
1.500261
2.683338
1.895851
1.775380
2.194462
2.159473
2.672402
3.377161
2.999191
2.061555
2.346999
2.293851
1.571545
1.974818
6.047155
3.195443
2.742522
2.837637
2.516883
4.031436
1.850668
3.006994
3.080389
1.703845
3.032220
2.270591
1.814399
2.063754
2.051907
6.569662
2.852627
2.503969
1.492357
2.820055
3.254639
1.528134
4.367040
1.869812
2.162145
2.375781
1.583421
3.694113
4.933885
2.056878
4.040651
1.871387
3.389397
2.152829
1.680987
2.103681
2.951494
2.424979
1.981354
3.367316
2.402486
1.491070
1.679052
1.305729
3.706893
2.971904
1.957637
3.098312
3.612911
2.823415
1.227605
1.763346
3.236703
2.718822
1.685684
1.985052
1.894984
1.607246
2.402566
1.724939
1.570374
1.976693
1.391803
1.708120
2.435229
1.753052
2.325224
2.976587
1.913998
2.533434
2.548114
1.265461
3.189317
1.813452
1.881106
2.184090
2.005464
2.512044
1.891182
1.210176
1.784715
2.012851
2.172808
1.528013
2.185257
1.970188
2.257060
3.312823
2.010479
1.779369
2.164553
2.784626
2.352203
3.004401
2.811073
2.268518
1.747441
1.893292
2.101064
1.613493
3.969336
1.771257
2.126558
1.898582
2.327725
3.476048
2.167933
2.365720
2.759394
2.631182
1.365511
1.692612
2.508246
1.677891
3.041685
1.846901
2.150353
1.776589
3.132285
2.407644
5.461067
2.596875
2.335690
3.349667
3.473382
1.656841
2.061517
2.624824
2.297464
1.987308
1.575854
3.643182
2.824867
1.919814
2.547661
2.183177
1.995055
1.249681
1.555161
1.454440
1.643997
4.344563
2.089470
2.355302
1.957151
2.471812
1.927655
2.142791
1.712814
2.949023
2.710334
2.655121
2.012868
1.511600
2.049664
2.779170
3.522851
1.596720
2.783552
1.292217
1.631276
1.410297
2.427143
2.113880
2.425218
2.621646
1.872064
2.421153
3.042410
3.614099
1.463033
2.362849
1.689800
1.807888
2.682279
2.261732
