2.871539
2.119131
2.008096
2.295097
2.373040
3.660457
3.637367
2.299839
1.548708
3.087823
1.332071
3.049927
1.910994
2.104389
1.826482
2.982170
1.626779
1.762562
1.379625
2.346163
1.307524
2.900535
1.761211
2.329303
1.351390
1.985987
1.938733
3.384928
2.079254
2.907492
1.602337
1.498756
2.525811
1.587514
1.402181
2.915579
3.055127
1.491747
2.717876
1.795595
2.934518
1.585355
1.548585
1.501197
2.255766
1.924334
1.488437
1.796183
1.894576
2.397574
2.805176
1.508179
1.955583
2.077804
2.443161
3.537922
1.474866
5.880025
1.439916
1.483651
4.399992
1.942848
1.413290
1.908312
1.636707
1.763466
1.310745
1.793871
2.372391
1.888394
3.061728
1.565924
4.089428
3.022144
2.611456
3.327364
2.916793
1.916255
2.495849
2.353003
1.850973
1.508480
2.014782
2.896319
2.515137
1.614112
1.512892
2.531936
1.777395
1.859548
2.441009
1.502771
3.137360
2.418091
2.979460
2.965150
3.116827
1.861719
2.308759
2.652513
2.051792
2.218966
1.446606
1.895169
1.815133
1.787742
1.823816
2.236666
1.927605
3.174119
1.981394
1.707345
1.950856
1.852365
2.577816
3.102636
2.859189
3.763518
1.848318
2.605534
2.327471
1.816348
1.209386
2.025766
2.440282
3.138439
2.408566
2.301983
2.882326
2.702540
2.987743
1.810515
2.318164
2.250396
2.135874
1.009035
1.938518
2.567902
1.668847
2.322621
1.790748
1.850234
2.396665
1.786007
1.494759
2.787467
1.335576
1.656690
2.733181
1.664693
1.678300
1.440102
2.639581
2.567462
2.055523
1.923255
2.839371
1.800915
1.733581
1.905344
1.904112
1.980978
1.682318
1.232051
2.320904
2.317069
2.029122
3.756570
2.161326
1.814545
1.837034
1.289688
3.831448
1.826162
4.270035
1.744139
1.808406
1.568977
1.771107
2.447091
1.872828
2.336826
2.163164
2.025560
1.465843
2.975433
2.154686
2.657301
2.863245
2.579407
4.423985
1.669832
1.504742
1.840899
2.083687
2.922168
1.490338
1.997368
1.714817
2.035110
1.881289
1.957584
2.524307
2.232134
1.211363
1.358025
2.531419
2.154798
1.417355
3.683656
2.645670
1.890231
1.346453
1.605611
1.891050
1.952452
2.981127
2.024714
1.609635
2.293952
1.430916
1.288250
2.499100
2.045361
2.400097
2.451613
4.830579
3.566719
2.527653
1.545346
1.663594
2.467907
1.935674
2.460239
2.611898
2.401271
1.683361
1.178891
1.207733
2.716065
2.671462
2.032990
2.209589
2.029797
1.724063
2.790947
3.456455
4.060823
2.991057
1.720567
1.411710
3.062410
1.499550
3.894674
