1 2 0.654786
1 3 0.651567
1 5 0.669765
1 8 0.753588
1 12 0.626769
1 16 0.635732
1 17 0.649064
1 19 0.689828
2 1 0.654786
2 8 0.673590
2 19 0.685170
3 1 0.651567
3 8 0.645245
4 17 0.500000
5 1 0.669765
5 8 0.668430
8 1 0.753588
8 2 0.673590
8 3 0.645245
8 5 0.668430
8 12 0.619189
8 13 0.597810
8 14 0.680674
8 15 0.612069
8 16 0.641133
8 17 0.679802
8 19 0.733415
10 19 0.500000
12 1 0.626769
12 8 0.619189
13 8 0.597810
14 8 0.680674
15 8 0.612069
16 1 0.635732
16 8 0.641133
17 1 0.649064
17 4 0.500000
17 8 0.679802
17 19 0.701394
18 19 0.733905
19 1 0.689828
19 2 0.685170
19 8 0.733415
19 10 0.500000
19 17 0.701394
19 18 0.733905
1 1 0.749183
1 4 0.500000
1 6 0.876316
1 7 0.500336
1 9 0.562755
1 10 0.500000
1 11 0.511448
1 13 0.553850
1 14 0.665389
1 15 0.604362
1 18 0.611982
2 2 0.628357
2 3 0.600406
2 4 0.500000
2 5 0.611239
2 6 0.786686
2 7 0.500352
2 9 0.535997
2 10 0.500000
2 11 0.518602
2 12 0.570697
2 13 0.628030
2 14 0.641574
2 15 0.566335
2 16 0.588613
2 17 0.629978
2 18 0.634651
3 2 0.600406
3 3 0.626691
3 4 0.500000
3 5 0.623783
3 6 0.894639
3 7 0.500503
3 9 0.549816
3 10 0.500000
3 11 0.542322
3 12 0.586435
3 13 0.610458
3 14 0.680330
3 15 0.561460
3 16 0.587131
3 17 0.584641
3 18 0.563208
3 19 0.618110
4 1 0.500000
4 2 0.500000
4 3 0.500000
4 4 0.500000
4 5 0.500000
4 6 0.500000
4 7 0.500000
4 8 0.500000
4 9 0.500000
4 10 0.500000
4 11 0.500000
4 12 0.500000
4 13 0.500000
4 14 0.500000
4 15 0.500000
4 16 0.500000
4 18 0.500000
4 19 0.500000
5 2 0.611239
5 3 0.623783
5 4 0.500000
5 5 0.633403
5 6 0.863964
5 7 0.500306
5 9 0.550201
5 10 0.500000
5 11 0.517437
5 12 0.590688
5 13 0.577664
5 14 0.637487
5 15 0.568582
5 16 0.591997
5 17 0.601555
5 18 0.576128
5 19 0.634405
6 1 0.876316
6 2 0.786686
6 3 0.894639
6 4 0.500000
6 5 0.863964
6 6 0.999999
6 7 0.502935
6 8 0.843761
6 9 0.699382
6 10 0.500000
6 11 0.784945
6 12 0.796984
6 13 0.972660
6 14 0.892950
6 15 0.710558
6 16 0.772249
6 17 0.697844
6 18 0.608086
6 19 0.787084
7 1 0.500336
7 2 0.500352
7 3 0.500503
7 4 0.500000
7 5 0.500306
7 6 0.502935
7 7 0.500013
7 8 0.500366
7 9 0.500045
7 10 0.500000
7 11 0.500683
7 12 0.500191
7 13 0.502358
7 14 0.503060
7 15 0.500249
7 16 0.500343
7 17 0.500230
7 18 0.500286
7 19 0.500446
8 4 0.500000
8 6 0.843761
8 7 0.500366
8 8 0.772642
8 9 0.554986
8 10 0.500000
8 11 0.504226
8 18 0.658999
9 1 0.562755
9 2 0.535997
9 3 0.549816
9 4 0.500000
9 5 0.550201
9 6 0.699382
9 7 0.500045
9 8 0.554986
9 9 0.531308
9 10 0.500000
9 11 0.517416
9 12 0.540892
9 13 0.503750
9 14 0.547813
9 15 0.524000
9 16 0.535732
9 17 0.527808
9 18 0.520243
9 19 0.540858
10 1 0.500000
10 2 0.500000
10 3 0.500000
10 4 0.500000
10 5 0.500000
10 6 0.500000
10 7 0.500000
10 8 0.500000
10 9 0.500000
10 10 0.500000
10 11 0.500000
10 12 0.500000
10 13 0.500000
10 14 0.500000
10 15 0.500000
10 16 0.500000
10 17 0.500000
10 18 0.500000
11 1 0.511448
11 2 0.518602
11 3 0.542322
11 4 0.500000
11 5 0.517437
11 6 0.784945
11 7 0.500683
11 8 0.504226
11 9 0.517416
11 10 0.500000
11 11 0.587608
11 12 0.522908
11 13 0.646482
11 14 0.662947
11 15 0.513324
11 16 0.523176
11 17 0.501734
11 18 0.517521
11 19 0.527026
12 2 0.570697
12 3 0.586435
12 4 0.500000
12 5 0.590688
12 6 0.796984
12 7 0.500191
12 9 0.540892
12 10 0.500000
12 11 0.522908
12 12 0.571719
12 13 0.527017
12 14 0.580109
12 15 0.550458
12 16 0.568878
12 17 0.559004
12 18 0.536707
12 19 0.578085
13 1 0.553850
13 2 0.628030
13 3 0.610458
13 4 0.500000
13 5 0.577664
13 6 0.972660
13 7 0.502358
13 9 0.503750
13 10 0.500000
13 11 0.646482
13 12 0.527017
13 13 0.949204
13 14 0.841953
13 15 0.558581
13 16 0.566690
13 17 0.620028
13 18 0.664712
13 19 0.710101
14 1 0.665389
14 2 0.641574
14 3 0.680330
14 4 0.500000
14 5 0.637487
14 6 0.892950
14 7 0.503060
14 9 0.547813
14 10 0.500000
14 11 0.662947
14 12 0.580109
14 13 0.841953
14 14 0.990739
14 15 0.580451
14 16 0.623704
14 17 0.631166
14 18 0.666138
14 19 0.711264
15 1 0.604362
15 2 0.566335
15 3 0.561460
15 4 0.500000
15 5 0.568582
15 6 0.710558
15 7 0.500249
15 9 0.524000
15 10 0.500000
15 11 0.513324
15 12 0.550458
15 13 0.558581
15 14 0.580451
15 15 0.547429
15 16 0.558835
15 17 0.566524
15 18 0.557413
15 19 0.590325
16 2 0.588613
16 3 0.587131
16 4 0.500000
16 5 0.591997
16 6 0.772249
16 7 0.500343
16 9 0.535732
16 10 0.500000
16 11 0.523176
16 12 0.568878
16 13 0.566690
16 14 0.623704
16 15 0.558835
16 16 0.579540
16 17 0.584254
16 18 0.573934
16 19 0.617607
17 2 0.629978
17 3 0.584641
17 5 0.601555
17 6 0.697844
17 7 0.500230
17 9 0.527808
17 10 0.500000
17 11 0.501734
17 12 0.559004
17 13 0.620028
17 14 0.631166
17 15 0.566524
17 16 0.584254
17 17 0.643547
17 18 0.656167
18 1 0.611982
18 2 0.634651
18 3 0.563208
18 4 0.500000
18 5 0.576128
18 6 0.608086
18 7 0.500286
18 8 0.658999
18 9 0.520243
18 10 0.500000
18 11 0.517521
18 12 0.536707
18 13 0.664712
18 14 0.666138
18 15 0.557413
18 16 0.573934
18 17 0.656167
18 18 0.701938
19 3 0.618110
19 4 0.500000
19 5 0.634405
19 6 0.787084
19 7 0.500446
19 9 0.540858
19 11 0.527026
19 12 0.578085
19 13 0.710101
19 14 0.711264
19 15 0.590325
19 16 0.617607
19 19 0.785729
