1 2 0.976448
1 3 0.926817
1 5 0.945705
1 8 0.990119
1 12 0.917892
1 16 0.813142
1 17 0.957794
1 19 0.984299
2 1 0.976448
2 8 0.988630
2 19 0.984045
3 1 0.926817
3 8 0.954691
4 17 0.759422
5 1 0.945705
5 8 0.969368
8 1 0.990119
8 2 0.988630
8 3 0.954691
8 5 0.969368
8 12 0.948460
8 13 0.942889
8 14 0.970748
8 15 0.500000
8 16 0.849864
8 17 0.976805
8 19 0.993282
10 19 0.500000
12 1 0.917892
12 8 0.948460
13 8 0.942889
14 8 0.970748
15 8 0.500000
16 1 0.813142
16 8 0.849864
17 1 0.957794
17 4 0.759422
17 8 0.976805
17 19 0.969845
18 19 0.975719
19 1 0.984299
19 2 0.984045
19 8 0.993282
19 10 0.500000
19 17 0.969845
19 18 0.975719
1 1 0.978881
1 4 0.792579
1 6 0.912929
1 7 0.500194
1 9 0.571249
1 10 0.500000
1 11 0.726497
1 13 0.906913
1 14 0.941024
1 15 0.500000
1 18 0.958088
2 2 0.976095
2 3 0.921643
2 4 0.794416
2 5 0.951756
2 6 0.910657
2 7 0.499924
2 9 0.567886
2 10 0.500000
2 11 0.712762
2 12 0.911239
2 13 0.901364
2 14 0.936997
2 15 0.500000
2 16 0.807736
2 17 0.957787
2 18 0.958245
3 2 0.921643
3 3 0.849378
3 4 0.704507
3 5 0.847248
3 6 0.828862
3 7 0.500123
3 9 0.537612
3 10 0.500000
3 11 0.653267
3 12 0.834291
3 13 0.819812
3 14 0.866009
3 15 0.500000
3 16 0.733037
3 17 0.888212
3 18 0.882702
3 19 0.934841
4 1 0.792579
4 2 0.794416
4 3 0.704507
4 4 0.628298
4 5 0.796737
4 6 0.706840
4 7 0.499937
4 8 0.832091
4 9 0.531446
4 10 0.500000
4 11 0.582228
4 12 0.695535
4 13 0.684987
4 14 0.717555
4 15 0.500000
4 16 0.617192
4 18 0.763453
4 19 0.824411
5 2 0.951756
5 3 0.847248
5 4 0.796737
5 5 0.999719
5 6 0.931713
5 7 0.502302
5 9 0.669608
5 10 0.500000
5 11 0.709622
5 12 0.844423
5 13 0.804096
5 14 0.873933
5 15 0.500000
5 16 0.691984
5 17 0.933939
5 18 0.959246
5 19 0.980819
6 1 0.912929
6 2 0.910657
6 3 0.828862
6 4 0.706840
6 5 0.931713
6 6 0.917646
6 7 0.500301
6 8 0.946693
6 9 0.554144
6 10 0.500000
6 11 0.676211
6 12 0.821062
6 13 0.792781
6 14 0.834173
6 15 0.500000
6 16 0.695825
6 17 0.879443
6 18 0.880728
6 19 0.931495
7 1 0.500194
7 2 0.499924
7 3 0.500123
7 4 0.499937
7 5 0.502302
7 6 0.500301
7 7 0.500019
7 8 0.500159
7 9 0.500306
7 10 0.500000
7 11 0.500171
7 12 0.500042
7 13 0.499904
7 14 0.500072
7 15 0.500000
7 16 0.500158
7 17 0.499928
7 18 0.500422
7 19 0.500291
8 4 0.832091
8 6 0.946693
8 7 0.500159
8 8 0.996485
8 9 0.586980
8 10 0.500000
8 11 0.765938
8 18 0.978120
9 1 0.571249
9 2 0.567886
9 3 0.537612
9 4 0.531446
9 5 0.669608
9 6 0.554144
9 7 0.500306
9 8 0.586980
9 9 0.525819
9 10 0.500000
9 11 0.524638
9 12 0.539862
9 13 0.535967
9 14 0.542112
9 15 0.500000
9 16 0.513440
9 17 0.557377
9 18 0.580478
9 19 0.601741
10 1 0.500000
10 2 0.500000
10 3 0.500000
10 4 0.500000
10 5 0.500000
10 6 0.500000
10 7 0.500000
10 8 0.500000
10 9 0.500000
10 10 0.500000
10 11 0.500000
10 12 0.500000
10 13 0.500000
10 14 0.500000
10 15 0.500000
10 16 0.500000
10 17 0.500000
10 18 0.500000
11 1 0.726497
11 2 0.712762
11 3 0.653267
11 4 0.582228
11 5 0.709622
11 6 0.676211
11 7 0.500171
11 8 0.765938
11 9 0.524638
11 10 0.500000
11 11 0.584391
11 12 0.650731
11 13 0.637301
11 14 0.660321
11 15 0.500000
11 16 0.584009
11 17 0.681113
11 18 0.687508
11 19 0.740342
12 2 0.911239
12 3 0.834291
12 4 0.695535
12 5 0.844423
12 6 0.821062
12 7 0.500042
12 9 0.539862
12 10 0.500000
12 11 0.650731
12 12 0.824878
12 13 0.811019
12 14 0.852583
12 15 0.500000
12 16 0.717318
12 17 0.875969
12 18 0.871268
12 19 0.926741
13 1 0.906913
13 2 0.901364
13 3 0.819812
13 4 0.684987
13 5 0.804096
13 6 0.792781
13 7 0.499904
13 9 0.535967
13 10 0.500000
13 11 0.637301
13 12 0.811019
13 13 0.810765
13 14 0.852088
13 15 0.500000
13 16 0.703406
13 17 0.864163
13 18 0.866159
13 19 0.920511
14 1 0.941024
14 2 0.936997
14 3 0.866009
14 4 0.717555
14 5 0.873933
14 6 0.834173
14 7 0.500072
14 9 0.542112
14 10 0.500000
14 11 0.660321
14 12 0.852583
14 13 0.852088
14 14 0.916797
14 15 0.500000
14 16 0.750591
14 17 0.905413
14 18 0.910909
14 19 0.952251
15 1 0.500000
15 2 0.500000
15 3 0.500000
15 4 0.500000
15 5 0.500000
15 6 0.500000
15 7 0.500000
15 9 0.500000
15 10 0.500000
15 11 0.500000
15 12 0.500000
15 13 0.500000
15 14 0.500000
15 15 0.500000
15 16 0.500000
15 17 0.500000
15 18 0.500000
15 19 0.500000
16 2 0.807736
16 3 0.733037
16 4 0.617192
16 5 0.691984
16 6 0.695825
16 7 0.500158
16 9 0.513440
16 10 0.500000
16 11 0.584009
16 12 0.717318
16 13 0.703406
16 14 0.750591
16 15 0.500000
16 16 0.660644
16 17 0.768456
16 18 0.761041
16 19 0.818806
17 2 0.957787
17 3 0.888212
17 5 0.933939
17 6 0.879443
17 7 0.499928
17 9 0.557377
17 10 0.500000
17 11 0.681113
17 12 0.875969
17 13 0.864163
17 14 0.905413
17 15 0.500000
17 16 0.768456
17 17 0.933364
17 18 0.933744
18 1 0.958088
18 2 0.958245
18 3 0.882702
18 4 0.763453
18 5 0.959246
18 6 0.880728
18 7 0.500422
18 8 0.978120
18 9 0.580478
18 10 0.500000
18 11 0.687508
18 12 0.871268
18 13 0.866159
18 14 0.910909
18 15 0.500000
18 16 0.761041
18 17 0.933744
18 18 0.947327
19 3 0.934841
19 4 0.824411
19 5 0.980819
19 6 0.931495
19 7 0.500291
19 9 0.601741
19 11 0.740342
19 12 0.926741
19 13 0.920511
19 14 0.952251
19 15 0.500000
19 16 0.818806
19 19 0.991839
