1 2 0.847424
1 3 0.803007
1 5 0.865104
1 8 0.887957
1 12 0.715122
1 16 0.727723
1 17 0.750750
1 19 0.927184
2 1 0.847424
2 8 0.833564
2 19 0.881307
3 1 0.803007
3 8 0.796211
4 17 0.500000
5 1 0.865104
5 8 0.814018
8 1 0.887957
8 2 0.833564
8 3 0.796211
8 5 0.814018
8 12 0.724409
8 13 0.784499
8 14 0.807242
8 15 0.500000
8 16 0.706091
8 17 0.715399
8 19 0.914141
10 19 0.844049
12 1 0.715122
12 8 0.724409
13 8 0.784499
14 8 0.807242
15 8 0.500000
16 1 0.727723
16 8 0.706091
17 1 0.750750
17 4 0.500000
17 8 0.715399
17 19 0.770165
18 19 0.911194
19 1 0.927184
19 2 0.881307
19 8 0.914141
19 10 0.844049
19 17 0.770165
19 18 0.911194
1 1 0.912870
1 4 0.500000
1 6 0.868036
1 7 0.504579
1 9 0.544315
1 10 0.779357
1 11 0.678359
1 13 0.776548
1 14 0.756748
1 15 0.500000
1 18 0.851137
2 2 0.793521
2 3 0.742980
2 4 0.500000
2 5 0.780150
2 6 0.811497
2 7 0.503230
2 9 0.534974
2 10 0.734928
2 11 0.621513
2 12 0.668538
2 13 0.727130
2 14 0.712706
2 15 0.500000
2 16 0.678513
2 17 0.689648
2 18 0.795264
3 2 0.742980
3 3 0.711799
3 4 0.500000
3 5 0.740449
3 6 0.787773
3 7 0.502966
3 9 0.524322
3 10 0.677119
3 11 0.601651
3 12 0.648734
3 13 0.695012
3 14 0.695912
3 15 0.500000
3 16 0.646469
3 17 0.654207
3 18 0.727424
3 19 0.820309
4 1 0.500000
4 2 0.500000
4 3 0.500000
4 4 0.500000
4 5 0.500000
4 6 0.500000
4 7 0.500000
4 8 0.500000
4 9 0.500000
4 10 0.500000
4 11 0.500000
4 12 0.500000
4 13 0.500000
4 14 0.500000
4 15 0.500000
4 16 0.500000
4 18 0.500000
4 19 0.500000
5 2 0.780150
5 3 0.740449
5 4 0.500000
5 5 0.839619
5 6 0.722366
5 7 0.503443
5 9 0.536974
5 10 0.711849
5 11 0.667670
5 12 0.660110
5 13 0.717860
5 14 0.677090
5 15 0.500000
5 16 0.674670
5 17 0.701493
5 18 0.783111
5 19 0.866358
6 1 0.868036
6 2 0.811497
6 3 0.787773
6 4 0.500000
6 5 0.722366
6 6 0.999729
6 7 0.507942
6 8 0.927736
6 9 0.581930
6 10 0.811997
6 11 0.591694
6 12 0.758821
6 13 0.790208
6 14 0.888526
6 15 0.500000
6 16 0.659699
6 17 0.678512
6 18 0.891348
6 19 0.938547
7 1 0.504579
7 2 0.503230
7 3 0.502966
7 4 0.500000
7 5 0.503443
7 6 0.507942
7 7 0.500064
7 8 0.504885
7 9 0.500426
7 10 0.502312
7 11 0.501464
7 12 0.502290
7 13 0.503223
7 14 0.503235
7 15 0.500000
7 16 0.501728
7 17 0.501877
7 18 0.503130
7 19 0.504820
8 4 0.500000
8 6 0.927736
8 7 0.504885
8 8 0.898229
8 9 0.543894
8 10 0.761672
8 11 0.649003
8 18 0.825295
9 1 0.544315
9 2 0.534974
9 3 0.524322
9 4 0.500000
9 5 0.536974
9 6 0.581930
9 7 0.500426
9 8 0.543894
9 9 0.513481
9 10 0.532529
9 11 0.517444
9 12 0.516527
9 13 0.529606
9 14 0.529829
9 15 0.500000
9 16 0.516947
9 17 0.520722
9 18 0.546725
9 19 0.561055
10 1 0.779357
10 2 0.734928
10 3 0.677119
10 4 0.500000
10 5 0.711849
10 6 0.811997
10 7 0.502312
10 8 0.761672
10 9 0.532529
10 10 0.713949
10 11 0.589595
10 12 0.620931
10 13 0.664065
10 14 0.650880
10 15 0.500000
10 16 0.633193
10 17 0.645985
10 18 0.777701
11 1 0.678359
11 2 0.621513
11 3 0.601651
11 4 0.500000
11 5 0.667670
11 6 0.591694
11 7 0.501464
11 8 0.649003
11 9 0.517444
11 10 0.589595
11 11 0.596988
11 12 0.567842
11 13 0.586233
11 14 0.588413
11 15 0.500000
11 16 0.570914
11 17 0.591429
11 18 0.638582
11 19 0.684314
12 2 0.668538
12 3 0.648734
12 4 0.500000
12 5 0.660110
12 6 0.758821
12 7 0.502290
12 9 0.516527
12 10 0.620931
12 11 0.567842
12 12 0.611499
12 13 0.645102
12 14 0.652664
12 15 0.500000
12 16 0.595425
12 17 0.597795
12 18 0.654966
12 19 0.733566
13 1 0.776548
13 2 0.727130
13 3 0.695012
13 4 0.500000
13 5 0.717860
13 6 0.790208
13 7 0.503223
13 9 0.529606
13 10 0.664065
13 11 0.586233
13 12 0.645102
13 13 0.717363
13 14 0.686370
13 15 0.500000
13 16 0.626937
13 17 0.621577
13 18 0.693245
13 19 0.798389
14 1 0.756748
14 2 0.712706
14 3 0.695912
14 4 0.500000
14 5 0.677090
14 6 0.888526
14 7 0.503235
14 9 0.529829
14 10 0.650880
14 11 0.588413
14 12 0.652664
14 13 0.686370
14 14 0.757246
14 15 0.500000
14 16 0.615902
14 17 0.618605
14 18 0.700707
14 19 0.790466
15 1 0.500000
15 2 0.500000
15 3 0.500000
15 4 0.500000
15 5 0.500000
15 6 0.500000
15 7 0.500000
15 9 0.500000
15 10 0.500000
15 11 0.500000
15 12 0.500000
15 13 0.500000
15 14 0.500000
15 15 0.500000
15 16 0.500000
15 17 0.500000
15 18 0.500000
15 19 0.500000
16 2 0.678513
16 3 0.646469
16 4 0.500000
16 5 0.674670
16 6 0.659699
16 7 0.501728
16 9 0.516947
16 10 0.633193
16 11 0.570914
16 12 0.595425
16 13 0.626937
16 14 0.615902
16 15 0.500000
16 16 0.609983
16 17 0.619094
16 18 0.677049
16 19 0.748555
17 2 0.689648
17 3 0.654207
17 5 0.701493
17 6 0.678512
17 7 0.501877
17 9 0.520722
17 10 0.645985
17 11 0.591429
17 12 0.597795
17 13 0.621577
17 14 0.618605
17 15 0.500000
17 16 0.619094
17 17 0.640922
17 18 0.706701
18 1 0.851137
18 2 0.795264
18 3 0.727424
18 4 0.500000
18 5 0.783111
18 6 0.891348
18 7 0.503130
18 8 0.825295
18 9 0.546725
18 10 0.777701
18 11 0.638582
18 12 0.654966
18 13 0.693245
18 14 0.700707
18 15 0.500000
18 16 0.677049
18 17 0.706701
18 18 0.860128
19 3 0.820309
19 4 0.500000
19 5 0.866358
19 6 0.938547
19 7 0.504820
19 9 0.561055
19 11 0.684314
19 12 0.733566
19 13 0.798389
19 14 0.790466
19 15 0.500000
19 16 0.748555
19 19 0.961247
