2.086575
2.015546
3.677978
4.187025
2.805046
4.156886
3.745629
3.620528
1.847070
2.456618
2.992032
2.729519
3.883609
2.277767
2.178425
2.594875
2.839259
2.521829
2.240726
2.697064
3.130223
1.809898
2.308186
2.531323
2.201241
2.160946
2.167570
1.956274
2.006771
2.799398
3.528702
2.549834
2.292829
2.848645
2.692513
2.573664
2.752582
2.455585
2.873972
2.033176
2.716993
2.390729
2.546886
3.424387
2.211635
2.561672
2.035239
1.797925
2.086851
1.572076
2.046182
2.929258
2.547692
3.527081
2.198423
3.016394
2.386433
1.983256
1.897668
1.932264
2.353084
3.057045
2.563339
3.153779
2.034392
2.027664
1.459254
2.111105
2.060907
1.936501
1.650161
2.212113
2.305449
2.763244
2.067143
2.335229
1.896425
1.976701
2.189436
2.152130
2.249631
2.075348
2.024602
2.326108
3.020747
1.788383
2.237876
2.219390
2.024359
1.927288
3.031826
2.410786
2.160571
2.198203
2.849046
2.819156
1.874973
1.853814
2.014983
2.928304
