1.696004
2.168837
3.088443
2.667209
2.524722
1.522176
2.627883
1.826218
2.679503
1.927455
4.319270
2.689560
3.891925
1.969053
2.058599
2.107398
2.657686
2.594855
4.894860
2.864597
1.874000
1.659067
1.702037
2.514964
1.703053
2.500969
2.598427
2.447101
4.206742
2.848252
2.133729
1.976154
2.022145
3.561966
1.605794
1.758870
2.149313
2.360943
1.923646
2.365301
1.757579
4.019338
2.122328
2.290848
1.920334
1.673442
2.562247
3.077395
1.851600
2.213655
1.844959
1.893987
1.790614
2.350293
1.961154
2.463275
2.243005
1.812539
3.220170
1.296418
1.594301
2.155276
2.019373
1.893428
1.695804
2.541242
1.568597
1.733714
3.338742
1.753280
2.382249
1.353912
1.791695
2.123026
2.144881
2.068187
1.710078
2.018547
1.524854
2.213094
1.554170
1.622499
2.690892
2.158457
1.433030
1.638212
1.735031
1.964146
2.628335
1.825558
2.332166
1.966689
2.255600
2.190271
1.589205
2.872282
1.811398
2.830922
1.605419
1.718159
2.921460
2.058843
2.189658
2.470199
2.017983
1.761787
3.723724
3.190415
1.883782
2.682808
1.806195
1.845552
1.331373
2.104287
2.216448
1.718263
1.912057
2.051927
1.931431
2.008263
2.487767
1.287427
1.721226
2.138381
2.326722
3.173110
2.587942
2.797753
1.340897
2.223583
1.749944
1.602087
2.096999
2.394552
1.743564
2.201628
1.528643
1.736825
1.265700
1.940420
1.726503
