2.627423
6.602278
3.320939
6.325205
2.524977
5.315360
7.160912
7.973974
6.556822
5.777290
3.208641
5.303446
2.806345
9.395413
4.357625
3.579321
5.060837
2.909309
4.119268
3.792507
4.790912
3.750281
3.300019
3.618250
7.175751
2.855475
2.265030
8.634315
5.690108
4.712054
8.906095
4.359250
5.529056
4.159002
9.794511
3.257547
3.025098
4.369812
5.389449
4.838048
5.360337
5.148017
3.832945
6.200782
2.603456
5.004037
4.585739
2.645589
5.077260
4.355084
3.837367
2.728584
6.723494
3.590624
2.243535
4.373307
3.237224
4.152596
3.466290
4.274891
2.590745
3.501881
3.211432
3.435154
5.859113
4.499357
5.455466
4.160628
5.402225
5.782236
3.220916
2.064581
2.927568
2.318733
4.627677
4.084292
2.584387
4.481960
3.272602
2.569217
5.542531
2.769758
2.281897
3.088974
4.716014
2.133138
2.734540
3.837133
2.237377
5.475683
2.848492
2.714571
2.465102
5.288519
3.214023
2.744440
2.045168
3.845957
4.967138
2.613628
4.297738
4.320165
2.660106
3.267877
2.052029
3.927422
4.015025
3.499331
3.769169
2.853552
3.688802
3.432957
6.700253
4.115993
2.833045
3.502573
4.264657
3.868008
5.009757
4.294390
3.103500
4.754001
5.624876
4.048942
2.140010
6.214440
3.404492
2.967091
4.755424
3.693941
2.508695
4.510857
2.246125
3.054694
2.771758
3.517916
2.560638
2.471059
2.968735
2.258544
4.172140
3.366023
2.590914
3.634446
3.139128
3.501218
2.934539
2.015054
4.272571
3.218672
4.735658
1.896154
3.140593
2.453495
2.220855
3.051053
3.535232
3.293288
4.794127
3.950058
2.439037
2.519534
4.833238
2.833826
1.600664
2.821894
2.976310
2.056089
2.986927
2.364278
3.105289
4.097667
3.159147
2.804276
3.311123
2.294872
2.715573
3.218949
3.325861
3.213572
3.254457
3.507356
2.566701
2.922470
3.434184
5.648634
2.823193
2.395694
2.831693
4.043483
2.812466
3.809759
2.461567
3.008022
4.487263
2.665110
2.408317
4.229177
3.143701
3.913005
3.459596
3.795710
2.695292
