2.249187
1.778075
2.389514
1.846571
1.979890
1.687571
2.130404
2.727190
1.878012
2.659700
1.583583
1.716583
2.303306
2.543738
3.753348
2.058480
2.954449
2.156884
1.978603
1.849670
2.185812
1.728089
1.675062
2.564234
2.084381
3.008439
1.812294
3.298796
2.157461
2.177853
1.892402
1.860735
1.835931
1.678416
2.043269
1.726434
1.763529
2.350103
2.371876
1.754200
1.996739
2.216973
2.372632
2.052946
2.563770
1.666947
2.047851
3.042143
2.219494
2.371456
1.594593
1.504590
1.653813
1.823866
1.712315
2.327444
1.762411
1.851760
2.547187
1.843571
2.405441
1.757362
2.401335
2.551384
2.013184
2.152616
2.015508
2.052450
1.887327
2.487995
1.732160
2.024103
1.972510
2.026177
1.593553
2.322109
1.494284
2.490989
1.689620
2.009308
2.309328
1.330610
2.799663
1.711667
2.331549
1.784829
1.407034
2.309019
2.666912
2.246918
1.776677
2.440994
1.880101
1.801982
1.733740
1.235401
2.352002
1.842441
2.686990
1.876640
2.108824
1.507364
2.222693
1.887066
2.215716
1.861897
1.482437
1.629196
2.117282
2.732575
1.872339
2.000161
2.013087
2.566879
1.752460
1.728670
2.210029
1.463282
2.412016
2.120732
2.098840
1.565228
1.803878
1.978466
2.310330
2.760290
2.196715
3.296474
2.018296
1.677868
3.227166
1.468569
1.543941
2.439071
1.751526
2.140526
2.340901
2.039367
2.243263
1.272101
1.424893
2.181451
1.898576
1.930427
1.884598
1.527674
2.153227
2.245216
2.025141
1.738899
1.862023
1.763068
1.253954
2.343168
1.558493
2.060187
2.298888
2.421830
1.898383
1.964084
1.384312
2.688947
1.944547
1.759196
2.002295
2.054841
1.781917
1.839313
2.022302
2.591714
2.245898
1.964822
1.839033
1.773148
2.275524
1.627561
2.744542
1.910162
2.428864
2.295797
2.877767
1.599816
3.316961
2.015068
1.857656
1.884775
2.351920
2.616295
1.760905
1.956589
2.087164
1.816970
2.137783
2.637748
1.645084
1.637788
1.814174
1.605447
2.055052
1.909182
3.991032
1.685893
1.977490
1.873954
1.562455
1.508453
2.093827
2.098947
1.781541
1.983181
1.627885
2.007503
2.156625
1.785135
1.932930
2.168222
2.291360
2.176872
2.762055
1.587588
2.145635
2.079669
2.384058
2.784716
1.739609
1.675829
1.806243
1.585725
2.749624
3.087529
2.158853
2.683278
1.749506
1.649019
1.609092
2.220211
1.797336
2.666919
1.885481
2.182045
2.071352
1.561885
1.708919
1.573518
1.805874
2.288196
2.123094
2.154272
1.954869
1.922747
1.643443
1.514401
2.115405
2.048397
1.376853
1.865482
1.677423
1.723197
2.169710
1.867481
2.197384
1.643385
1.956215
1.896748
1.680914
1.562768
2.580364
1.556364
1.741945
1.774073
1.285361
1.746657
1.539632
2.518378
2.090642
1.759377
1.716548
1.859561
1.193696
1.867673
2.326298
2.047879
2.373366
2.025154
1.636028
1.688544
3.156832
2.162688
2.001350
2.268703
2.320179
2.104815
2.471052
