3.901579
2.339944
3.029914
1.641366
3.853735
2.354641
1.815391
2.131022
3.197615
2.102659
2.264765
2.264288
2.069247
2.480779
2.823781
2.171205
2.593776
3.172440
2.498796
2.713846
2.425360
2.177921
4.501729
2.179879
3.183559
2.736462
2.493824
2.635408
1.791741
2.229803
1.893817
2.466660
2.677879
2.419839
2.214838
2.030437
2.256813
1.664410
3.009668
1.936159
2.214567
2.075325
2.651518
4.564791
2.512555
1.922396
3.233052
2.479534
3.064621
2.952267
2.299388
2.429716
2.272086
2.280017
2.866376
2.216172
1.815647
3.009384
1.856214
2.526904
1.897354
1.961482
2.908880
2.177826
2.058079
2.148357
1.742670
2.260219
2.378826
2.258290
2.206083
2.845012
2.179186
2.992471
2.535571
2.437908
2.235177
3.335607
4.558944
2.367867
2.071863
2.428169
2.523238
2.663708
2.681886
2.011969
2.140816
2.013488
2.240282
2.439285
2.574265
2.081394
2.159656
2.325916
2.636717
1.925617
1.999162
1.582992
2.205772
2.461581
2.628625
2.067812
1.945003
2.317178
2.019968
1.914142
2.025268
2.550286
2.457884
1.900141
1.905928
2.609962
1.724795
2.391692
1.787903
2.203258
2.509172
3.270729
2.454239
2.895231
2.300576
2.004843
2.412365
1.835131
3.638632
1.593491
2.378338
3.145995
2.554497
2.180801
2.774457
1.802950
2.314950
3.054491
1.926488
1.980294
1.434761
1.658630
2.194481
1.936492
2.011418
2.264945
2.168940
2.486411
2.147830
2.501749
2.467856
2.585627
2.559583
1.952280
2.410328
2.002522
2.491767
2.308973
3.039689
1.936363
2.563326
2.216028
2.995741
2.276028
2.541860
1.992682
1.925375
1.763487
3.424877
1.852298
2.191093
1.945619
2.553504
1.714703
2.230052
2.210945
2.252551
1.813538
2.360975
1.957029
2.218797
2.397863
1.735298
2.142226
2.005618
1.769745
2.362612
2.270695
2.461443
2.439092
2.162838
2.416276
1.642213
2.960378
1.295203
1.905488
2.183187
2.471551
2.210693
1.900842
2.197429
2.360004
1.598442
1.842568
2.041225
2.438936
2.518502
1.968260
2.314624
1.627154
2.159438
1.572145
1.880783
3.219194
1.637959
1.741329
2.131418
2.926400
2.319410
2.017794
2.007171
1.943673
2.961247
2.940723
1.734563
2.213741
2.070344
2.189958
1.604504
1.674365
2.267484
2.221551
1.654457
1.158170
2.064639
1.931034
1.750594
2.432100
1.931445
1.811181
1.832900
1.670872
1.872346
2.871149
2.663506
1.508354
2.263064
1.813756
1.470677
1.739126
2.343275
2.076106
