1 2 0.633453
1 4 0.957938
1 5 0.716379
1 6 0.848848
1 7 0.797037
1 8 0.766445
1 9 0.793609
1 11 0.500000
1 13 0.750657
1 14 0.500000
2 1 0.633453
4 1 0.957938
4 14 0.500000
5 1 0.716379
6 1 0.848848
7 1 0.797037
7 14 0.500000
8 1 0.766445
8 14 0.500000
9 1 0.793609
11 1 0.500000
11 14 0.500000
13 1 0.750657
13 14 0.500000
14 1 0.500000
14 4 0.500000
14 7 0.500000
14 8 0.500000
14 11 0.500000
14 13 0.500000
1 1 0.921354
1 3 0.500000
1 10 0.525226
1 12 0.500000
2 2 0.611553
2 3 0.500000
2 4 0.569317
2 5 0.538205
2 6 0.575408
2 7 0.563990
2 8 0.557305
2 9 0.650008
2 10 0.517593
2 11 0.500000
2 12 0.500000
2 13 0.556816
2 14 0.500000
3 1 0.500000
3 2 0.500000
3 3 0.500000
3 4 0.500000
3 5 0.500000
3 6 0.500000
3 7 0.500000
3 8 0.500000
3 9 0.500000
3 10 0.500000
3 11 0.500000
3 12 0.500000
3 13 0.500000
3 14 0.500000
4 2 0.569317
4 3 0.500000
4 4 0.999854
4 5 0.813365
4 6 0.918288
4 7 0.881700
4 8 0.818259
4 9 0.929547
4 10 0.526360
4 11 0.500000
4 12 0.500000
4 13 0.793336
5 2 0.538205
5 3 0.500000
5 4 0.813365
5 5 0.614901
5 6 0.660266
5 7 0.626452
5 8 0.624359
5 9 0.633310
5 10 0.508326
5 11 0.500000
5 12 0.500000
5 13 0.600098
5 14 0.500000
6 2 0.575408
6 3 0.500000
6 4 0.918288
6 5 0.660266
6 6 0.787866
6 7 0.724632
6 8 0.693616
6 9 0.717894
6 10 0.513317
6 11 0.500000
6 12 0.500000
6 13 0.684637
6 14 0.500000
7 2 0.563990
7 3 0.500000
7 4 0.881700
7 5 0.626452
7 6 0.724632
7 7 0.703362
7 8 0.652605
7 9 0.644923
7 10 0.506292
7 11 0.500000
7 12 0.500000
7 13 0.647985
8 2 0.557305
8 3 0.500000
8 4 0.818259
8 5 0.624359
8 6 0.693616
8 7 0.652605
8 8 0.661560
8 9 0.680081
8 10 0.515732
8 11 0.500000
8 12 0.500000
8 13 0.630414
9 2 0.650008
9 3 0.500000
9 4 0.929547
9 5 0.633310
9 6 0.717894
9 7 0.644923
9 8 0.680081
9 9 0.921382
9 10 0.547554
9 11 0.500000
9 12 0.500000
9 13 0.643193
9 14 0.500000
10 1 0.525226
10 2 0.517593
10 3 0.500000
10 4 0.526360
10 5 0.508326
10 6 0.513317
10 7 0.506292
10 8 0.515732
10 9 0.547554
10 10 0.507640
10 11 0.500000
10 12 0.500000
10 13 0.511656
10 14 0.500000
11 2 0.500000
11 3 0.500000
11 4 0.500000
11 5 0.500000
11 6 0.500000
11 7 0.500000
11 8 0.500000
11 9 0.500000
11 10 0.500000
11 11 0.500000
11 12 0.500000
11 13 0.500000
12 1 0.500000
12 2 0.500000
12 3 0.500000
12 4 0.500000
12 5 0.500000
12 6 0.500000
12 7 0.500000
12 8 0.500000
12 9 0.500000
12 10 0.500000
12 11 0.500000
12 12 0.500000
12 13 0.500000
12 14 0.500000
13 2 0.556816
13 3 0.500000
13 4 0.793336
13 5 0.600098
13 6 0.684637
13 7 0.647985
13 8 0.630414
13 9 0.643193
13 10 0.511656
13 11 0.500000
13 12 0.500000
13 13 0.625054
14 2 0.500000
14 3 0.500000
14 5 0.500000
14 6 0.500000
14 9 0.500000
14 10 0.500000
14 12 0.500000
14 14 0.500000
