1 2 0.897832
1 4 0.994944
1 5 0.991100
1 6 0.947719
1 7 0.933183
1 8 0.952376
1 9 0.976305
1 11 0.500000
1 13 0.867716
1 14 0.500000
2 1 0.897832
4 1 0.994944
4 14 0.500000
5 1 0.991100
6 1 0.947719
7 1 0.933183
7 14 0.500000
8 1 0.952376
8 14 0.500000
9 1 0.976305
11 1 0.500000
11 14 0.500000
13 1 0.867716
13 14 0.500000
14 1 0.500000
14 4 0.500000
14 7 0.500000
14 8 0.500000
14 11 0.500000
14 13 0.500000
1 1 0.980877
1 3 0.500000
1 10 0.675686
1 12 0.500000
2 2 0.772571
2 3 0.500000
2 4 0.957482
2 5 0.935912
2 6 0.832797
2 7 0.809757
2 8 0.846710
2 9 0.890224
2 10 0.602899
2 11 0.500000
2 12 0.500000
2 13 0.739152
2 14 0.500000
3 1 0.500000
3 2 0.500000
3 3 0.500000
3 4 0.500000
3 5 0.500000
3 6 0.500000
3 7 0.500000
3 8 0.500000
3 9 0.500000
3 10 0.500000
3 11 0.500000
3 12 0.500000
3 13 0.500000
3 14 0.500000
4 2 0.957482
4 3 0.500000
4 4 0.999997
4 5 0.999861
4 6 0.977701
4 7 0.967793
4 8 0.994596
4 9 0.999010
4 10 0.777487
4 11 0.500000
4 12 0.500000
4 13 0.926178
5 2 0.935912
5 3 0.500000
5 4 0.999861
5 5 0.999889
5 6 0.972808
5 7 0.957022
5 8 0.995195
5 9 0.997267
5 10 0.765193
5 11 0.500000
5 12 0.500000
5 13 0.905590
5 14 0.500000
6 2 0.832797
6 3 0.500000
6 4 0.977701
6 5 0.972808
6 6 0.905635
6 7 0.864540
6 8 0.908018
6 9 0.949276
6 10 0.629864
6 11 0.500000
6 12 0.500000
6 13 0.801907
6 14 0.500000
7 2 0.809757
7 3 0.500000
7 4 0.967793
7 5 0.957022
7 6 0.864540
7 7 0.870958
7 8 0.862590
7 9 0.900583
7 10 0.624811
7 11 0.500000
7 12 0.500000
7 13 0.776494
8 2 0.846710
8 3 0.500000
8 4 0.994596
8 5 0.995195
8 6 0.908018
8 7 0.862590
8 8 0.988179
8 9 0.984608
8 10 0.663762
8 11 0.500000
8 12 0.500000
8 13 0.815441
9 2 0.890224
9 3 0.500000
9 4 0.999010
9 5 0.997267
9 6 0.949276
9 7 0.900583
9 8 0.984608
9 9 0.997845
9 10 0.686929
9 11 0.500000
9 12 0.500000
9 13 0.869900
9 14 0.500000
10 1 0.675686
10 2 0.602899
10 3 0.500000
10 4 0.777487
10 5 0.765193
10 6 0.629864
10 7 0.624811
10 8 0.663762
10 9 0.686929
10 10 0.552385
10 11 0.500000
10 12 0.500000
10 13 0.587351
10 14 0.500000
11 2 0.500000
11 3 0.500000
11 4 0.500000
11 5 0.500000
11 6 0.500000
11 7 0.500000
11 8 0.500000
11 9 0.500000
11 10 0.500000
11 11 0.500000
11 12 0.500000
11 13 0.500000
12 1 0.500000
12 2 0.500000
12 3 0.500000
12 4 0.500000
12 5 0.500000
12 6 0.500000
12 7 0.500000
12 8 0.500000
12 9 0.500000
12 10 0.500000
12 11 0.500000
12 12 0.500000
12 13 0.500000
12 14 0.500000
13 2 0.739152
13 3 0.500000
13 4 0.926178
13 5 0.905590
13 6 0.801907
13 7 0.776494
13 8 0.815441
13 9 0.869900
13 10 0.587351
13 11 0.500000
13 12 0.500000
13 13 0.717470
14 2 0.500000
14 3 0.500000
14 5 0.500000
14 6 0.500000
14 9 0.500000
14 10 0.500000
14 12 0.500000
14 14 0.500000
