1 2 0.781675
1 4 0.706373
1 5 0.812188
1 6 0.853130
1 7 0.829209
1 8 0.803729
1 9 0.818275
1 11 0.731430
1 13 0.734163
1 14 0.500000
2 1 0.781675
4 1 0.706373
4 14 0.500000
5 1 0.812188
6 1 0.853130
7 1 0.829209
7 14 0.500000
8 1 0.803729
8 14 0.500000
9 1 0.818275
11 1 0.731430
11 14 0.500000
13 1 0.734163
13 14 0.500000
14 1 0.500000
14 4 0.500000
14 7 0.500000
14 8 0.500000
14 11 0.500000
14 13 0.500000
1 1 0.941520
1 3 0.500000
1 10 0.552578
1 12 0.500000
2 2 0.648574
2 3 0.500000
2 4 0.595462
2 5 0.645505
2 6 0.687865
2 7 0.671720
2 8 0.663549
2 9 0.670393
2 10 0.524957
2 11 0.616554
2 12 0.500000
2 13 0.616955
2 14 0.500000
3 1 0.500000
3 2 0.500000
3 3 0.500000
3 4 0.500000
3 5 0.500000
3 6 0.500000
3 7 0.500000
3 8 0.500000
3 9 0.500000
3 10 0.500000
3 11 0.500000
3 12 0.500000
3 13 0.500000
3 14 0.500000
4 2 0.595462
4 3 0.500000
4 4 0.932442
4 5 0.836741
4 6 0.651945
4 7 0.582466
4 8 0.673017
4 9 0.684500
4 10 0.518064
4 11 0.576956
4 12 0.500000
4 13 0.570331
5 2 0.645505
5 3 0.500000
5 4 0.836741
5 5 0.984244
5 6 0.741147
5 7 0.668428
5 8 0.643224
5 9 0.767844
5 10 0.508737
5 11 0.622767
5 12 0.500000
5 13 0.638093
5 14 0.500000
6 2 0.687865
6 3 0.500000
6 4 0.651945
6 5 0.741147
6 6 0.787331
6 7 0.731382
6 8 0.709507
6 9 0.714651
6 10 0.534927
6 11 0.649329
6 12 0.500000
6 13 0.649380
6 14 0.500000
7 2 0.671720
7 3 0.500000
7 4 0.582466
7 5 0.668428
7 6 0.731382
7 7 0.741485
7 8 0.685392
7 9 0.691960
7 10 0.534991
7 11 0.639028
7 12 0.500000
7 13 0.641378
8 2 0.663549
8 3 0.500000
8 4 0.673017
8 5 0.643224
8 6 0.709507
8 7 0.685392
8 8 0.700511
8 9 0.692287
8 10 0.531347
8 11 0.629417
8 12 0.500000
8 13 0.625108
9 2 0.670393
9 3 0.500000
9 4 0.684500
9 5 0.767844
9 6 0.714651
9 7 0.691960
9 8 0.692287
9 9 0.725059
9 10 0.531617
9 11 0.637318
9 12 0.500000
9 13 0.644466
9 14 0.500000
10 1 0.552578
10 2 0.524957
10 3 0.500000
10 4 0.518064
10 5 0.508737
10 6 0.534927
10 7 0.534991
10 8 0.531347
10 9 0.531617
10 10 0.511061
10 11 0.520639
10 12 0.500000
10 13 0.522351
10 14 0.500000
11 2 0.616554
11 3 0.500000
11 4 0.576956
11 5 0.622767
11 6 0.649329
11 7 0.639028
11 8 0.629417
11 9 0.637318
11 10 0.520639
11 11 0.592078
11 12 0.500000
11 13 0.593120
12 1 0.500000
12 2 0.500000
12 3 0.500000
12 4 0.500000
12 5 0.500000
12 6 0.500000
12 7 0.500000
12 8 0.500000
12 9 0.500000
12 10 0.500000
12 11 0.500000
12 12 0.500000
12 13 0.500000
12 14 0.500000
13 2 0.616955
13 3 0.500000
13 4 0.570331
13 5 0.638093
13 6 0.649380
13 7 0.641378
13 8 0.625108
13 9 0.644466
13 10 0.522351
13 11 0.593120
13 12 0.500000
13 13 0.599872
14 2 0.500000
14 3 0.500000
14 5 0.500000
14 6 0.500000
14 9 0.500000
14 10 0.500000
14 12 0.500000
14 14 0.500000
