1.666163
2.454000
1.914679
2.924495
2.304081
2.357715
1.349522
1.491152
1.643325
2.327023
2.435680
2.211665
2.385296
1.395113
1.682771
2.013441
2.318030
1.403539
2.392761
1.563659
2.023594
1.811745
2.777445
2.476139
1.615216
1.657829
1.825510
2.187029
2.023196
2.238314
2.945369
2.604893
1.559783
1.577975
1.953070
1.137372
1.820643
1.427506
1.399482
1.988439
1.705454
1.626910
1.804463
1.633047
1.550313
2.600104
1.953347
2.117789
2.041518
1.777025
1.822459
2.618574
2.096539
1.904990
2.115618
1.896446
3.099530
1.289031
2.383675
3.575536
2.565738
1.448128
1.343306
2.610831
1.580449
3.412659
1.902255
2.399060
2.066888
1.600069
2.286995
2.214460
1.628338
2.355316
1.359439
2.987737
1.689956
2.282707
2.390583
1.635974
1.640145
1.224630
1.697863
2.891847
1.322330
1.891967
2.595854
1.239020
1.958943
3.824276
1.930488
3.110418
2.093644
1.317180
1.443047
2.724199
2.907766
2.107885
3.180046
2.052150
1.286803
1.525632
2.538837
2.199871
2.714008
2.513572
1.599988
1.552590
1.956582
1.576198
2.071117
