2.007812
2.512536
1.886817
1.657647
2.549780
3.274899
2.847126
1.700293
3.312384
3.128894
2.140212
2.683597
1.660082
2.090503
2.965159
2.198672
2.068245
2.786631
1.744601
2.439319
1.133368
2.222691
2.588930
1.374143
2.170665
2.715876
2.146890
3.030463
2.311930
1.540963
2.096548
1.422078
2.532672
2.466289
1.939787
1.788253
1.315081
2.009145
2.470705
2.199648
1.302185
2.149241
1.625669
1.908403
2.724165
2.297088
2.514429
1.350411
1.489756
2.529948
1.488270
2.489218
2.341068
1.781815
1.827610
1.635604
2.103152
1.776321
1.487956
2.105925
1.235597
2.130080
2.292794
1.167488
1.295063
4.234516
1.802078
1.825812
2.198194
5.439949
1.549275
1.864550
2.330091
2.040156
2.281681
1.491894
1.380481
2.253806
1.740936
1.317327
1.184441
1.608695
2.534164
1.403349
1.466196
1.712422
2.480606
2.544908
1.276965
2.376699
2.949354
2.925767
2.228909
1.581736
1.382243
2.953283
2.368475
1.749501
1.891130
3.404624
1.906192
1.527101
4.235790
1.640197
1.768000
1.090825
2.159813
2.141192
1.398204
2.352500
1.185560
1.931897
2.158664
2.482420
1.671120
2.629123
1.635219
2.548593
1.478108
3.769497
1.412875
1.661340
1.768732
2.921732
1.894163
2.483526
2.159822
2.508793
1.757408
1.238529
1.988261
2.946716
2.064718
1.677443
2.110542
2.213645
2.553740
1.223231
1.889924
2.447012
2.294413
1.213352
2.325742
2.111572
2.810194
1.506446
3.083815
1.764226
2.200773
2.652764
3.489041
3.323315
3.379316
1.360411
1.904495
1.767610
1.227660
2.326241
1.973893
1.874032
1.771107
2.746021
2.571165
3.535058
2.483464
2.253754
1.744439
1.752376
2.303234
1.262203
1.957349
2.218740
4.676398
1.764330
2.620795
2.804746
2.128411
1.715222
2.615008
1.655887
1.214800
1.233778
2.085717
2.358902
1.717647
1.229492
1.390703
2.866936
2.715102
3.484395
2.117270
1.636596
2.401074
2.788315
1.538390
2.198531
1.691384
3.361841
1.749709
2.158044
1.763015
1.266865
2.055892
1.322927
2.854300
2.180257
2.783494
2.075431
1.915842
1.721707
1.951599
1.590616
1.867888
2.358865
1.369458
2.124316
1.197892
2.404550
1.960182
1.126959
1.893372
1.046934
3.103392
2.825398
2.222519
2.926723
3.902871
1.831570
1.664536
2.356752
2.022605
2.146459
2.243098
1.486586
2.035315
2.160044
2.744277
1.785115
1.731193
1.807795
1.703344
0.980040
2.225368
2.629839
1.653137
2.361427
1.865157
4.222512
1.518253
1.903067
1.553139
2.486435
2.871999
2.457433
2.624566
1.803495
2.181658
3.967312
2.260036
1.327425
1.336161
1.332112
1.784907
1.050767
2.957657
2.475494
1.315892
4.115712
1.888351
2.475693
2.400999
2.126798
1.541972
2.237507
1.249208
1.550457
2.788517
2.246649
2.285050
1.545593
1.466935
1.400280
1.847664
3.199733
2.963313
3.266665
1.105357
2.274414
1.769133
2.614780
1.811987
1.784606
1.830945
3.885478
2.365304
2.026167
1.953988
1.431765
1.520093
1.804484
1.519462
1.293481
2.284188
1.969711
2.869746
1.631550
2.433629
2.921860
1.585480
3.641557
2.537592
2.493368
1.824837
2.542320
1.141444
1.669066
2.155683
1.350527
1.230653
1.545003
1.805340
1.869978
3.240069
2.870988
2.568375
3.114014
1.411180
3.861756
2.102423
3.046836
1.337057
1.508899
1.196249
2.043749
2.032540
3.728434
2.052352
2.005595
1.390020
1.897934
1.192831
1.727433
2.379873
1.580939
1.262789
2.459357
1.587330
1.659203
2.043867
1.594828
1.241825
2.197691
1.274940
2.122321
1.451109
1.345101
1.608945
1.053219
2.623679
1.774299
1.640336
1.531219
2.438590
1.813795
1.045037
1.966234
1.179377
1.189957
1.967466
1.519964
1.769569
1.217603
1.688020
2.432696
1.972975
2.311458
2.243716
1.772974
2.320247
3.331374
1.920920
1.319215
2.075652
1.898449
2.573263
3.707144
2.833390
0.970757
1.398340
1.946594
1.930031
2.330665
2.489500
3.691811
2.682119
1.654856
1.771095
1.754134
2.781835
2.748689
1.621366
2.518337
1.614112
1.450889
1.571169
1.673527
2.745961
1.785375
3.471208
2.469250
2.104102
0.929699
1.336017
1.742210
1.814488
1.272382
1.626809
2.081000
1.686025
2.177427
1.741985
2.447429
2.631835
2.234711
1.663846
2.330007
2.104704
1.549361
1.384739
1.377115
1.181890
1.909482
2.011159
1.643904
1.473441
1.984927
1.995991
1.406896
2.513221
1.909832
1.380436
1.583442
1.241276
1.777033
1.620110
1.793279
1.782061
2.221793
2.605072
1.531053
2.308681
1.608873
2.214201
2.079937
3.250807
1.567172
1.590945
2.213122
1.332839
1.490707
1.198871
2.306802
2.576617
2.133970
1.401212
1.784847
1.710260
2.090055
2.010938
1.182585
2.472756
1.449090
1.881677
1.518636
2.175270
1.046537
1.333238
2.261449
4.336307
1.912095
1.485968
2.636916
0.888714
3.162544
1.968955
3.329472
2.459631
1.328755
1.912985
1.893461
1.772592
2.170100
1.679260
1.760194
3.648184
2.302400
1.556789
1.478746
1.932033
1.095438
2.212908
1.308450
1.189823
1.331910
1.691593
2.235539
1.972528
1.366717
1.752659
1.330333
1.389406
1.734693
1.935399
1.463558
2.767146
1.961836
3.194736
1.395072
1.616072
1.617242
1.281294
1.595229
3.646286
1.775807
1.980492
1.764666
1.014401
2.171396
1.737747
2.213147
1.858852
3.211316
1.145147
2.727561
2.390745
1.804696
1.221197
1.206076
1.447668
2.899017
1.532741
1.182184
2.603393
1.487386
1.604393
1.342912
2.178807
0.857638
2.851071
3.379998
1.277172
1.423582
1.207078
0.922777
1.553119
2.050804
3.278461
2.002791
1.695340
2.019670
1.429115
2.432534
1.661609
1.669018
2.237434
3.314273
2.311276
2.221448
1.507964
1.596022
1.088622
1.384786
3.256368
1.169972
1.526787
1.762658
1.197857
2.146831
1.895657
1.528639
1.533616
2.165601
1.962518
1.556756
1.766271
1.047573
1.529171
2.631790
1.964709
1.058612
1.608651
1.582223
1.314137
1.456880
1.108182
2.100656
1.108377
1.747985
1.815980
2.184901
1.597891
2.121843
1.625759
2.615601
1.259567
1.490467
1.396046
1.510887
1.651671
1.401639
2.380309
2.718878
1.306218
1.187940
1.303731
2.275964
1.636002
1.279161
2.174583
1.382186
1.858303
1.245408
1.937956
1.034110
1.990842
2.267784
1.743484
1.447245
1.881991
2.050045
1.886660
2.095511
2.370108
1.459404
1.532609
1.492414
2.195972
1.852081
1.638886
1.181637
2.281719
1.757447
1.708730
1.932263
2.861915
1.115026
3.380319
2.034919
1.955298
1.944283
1.162010
1.751379
1.386701
1.441848
1.640620
1.580271
2.347911
1.151481
0.945156
1.178055
1.699372
1.883477
1.710700
1.082556
1.392070
3.846128
2.822113
1.734051
1.521383
2.434103
1.153197
1.563798
1.282455
2.028289
2.585298
1.669254
1.031402
1.341582
1.402900
2.281313
0.983928
1.927269
1.959678
2.490648
2.259267
2.112326
2.162266
1.444635
2.360590
2.057256
3.206385
2.324600
1.657848
1.829782
2.365749
1.214125
1.892861
1.544029
2.059695
2.438491
2.028694
1.421929
2.635554
1.842031
0.958369
2.112936
2.294620
1.493767
1.438335
2.037030
2.178935
1.952887
3.061124
1.778096
2.716314
2.211398
1.000142
3.499238
3.717839
1.284566
2.321413
2.116462
2.046407
1.211964
2.853838
1.896872
1.066144
2.284680
3.486661
2.829927
1.510866
1.664423
1.069870
3.226416
2.824453
1.696723
1.378139
1.335238
0.944487
2.116985
1.141781
2.113231
2.312594
2.046960
2.719329
1.665367
2.367547
1.334288
1.745161
1.438719
3.060418
1.506071
1.471319
2.450934
2.134459
3.109035
2.150612
4.550972
1.010571
1.809887
1.582106
1.798618
2.475933
1.484397
1.401279
1.778699
1.893253
1.080186
2.210332
2.459150
2.400124
2.259289
1.530120
1.177213
1.795754
1.919863
1.595155
1.338492
1.578716
1.839946
1.477405
1.712202
1.336834
2.185656
1.495422
2.584485
1.704314
1.887825
2.427242
1.089251
1.893814
2.549327
3.415242
1.699437
2.751400
1.126909
1.336519
1.722330
2.132970
1.530998
2.616515
1.636011
1.804882
1.302340
3.250005
1.208040
2.118177
2.392659
1.289051
1.327600
2.622963
1.134813
1.621454
3.433665
2.026552
1.970167
1.910590
2.482840
1.935191
1.706585
1.064833
1.886666
2.164750
2.301034
0.964222
1.719891
0.902716
0.924149
2.959139
1.250935
2.090105
1.240067
1.503054
2.282290
1.787651
2.310763
1.697573
1.808696
1.642534
1.806486
1.442841
2.459460
2.446801
1.254080
1.889196
1.398898
1.572436
1.752948
2.895467
1.852377
1.174139
1.484379
1.339767
1.795715
2.297671
2.322077
2.301138
2.097062
1.374588
1.706558
0.859949
1.104656
1.451387
1.366093
1.977294
1.511128
1.841593
2.121714
1.165410
1.851551
1.499499
2.377551
1.249917
1.852404
1.993885
2.693877
1.710982
1.199563
0.919575
1.635992
1.364395
2.294556
1.653638
1.021234
1.832698
2.780138
2.041096
1.195565
1.444602
1.915718
1.162685
1.836320
2.387479
1.683822
2.339534
1.042251
1.161195
1.511476
0.935229
0.979856
1.790893
1.881242
2.306439
1.745478
2.382260
1.623702
3.224818
1.558246
1.416421
1.646675
2.004139
1.394508
2.400533
1.015809
2.377033
1.007455
1.812225
2.572736
2.826065
1.791458
0.933788
0.952622
2.608465
1.617432
1.534149
0.830180
2.341828
1.285618
1.395808
1.543926
1.443059
2.311875
1.459155
2.528336
1.265882
1.178153
1.170942
1.363419
1.522213
2.877269
2.233766
1.640191
1.374859
2.768606
1.772288
2.313493
2.490756
1.269548
0.957879
1.804261
0.917327
1.896622
1.694365
2.178588
2.093899
1.415303
1.812524
2.392851
2.398782
1.994357
1.231353
1.973360
2.537823
1.100073
2.004893
1.337952
1.547181
1.965714
0.780653
2.214153
1.685340
1.811703
1.694752
1.366048
1.328237
1.496267
1.317861
2.310285
2.254600
1.963952
