2.983179
1.773757
1.564877
4.447880
3.155571
2.064312
2.438819
1.693804
1.851839
2.435240
1.473984
2.538175
3.125333
3.597596
1.341353
2.314663
1.578271
1.510147
3.449960
3.292390
3.411870
2.110941
2.205415
1.920248
1.876411
1.371869
2.966502
2.159285
2.051749
1.683315
1.290011
1.097442
2.285080
1.784981
2.016526
2.547004
3.218788
2.170354
2.946615
1.948807
1.974114
3.723765
2.230278
3.518696
1.958798
2.397168
2.916489
3.278190
1.968813
2.860476
3.298173
1.515932
1.532234
2.290868
3.558628
2.108712
1.089383
4.450476
1.773319
2.098982
1.630991
1.472397
2.426508
3.337809
3.152537
4.007133
2.177751
1.557452
3.095802
2.930780
2.957700
3.064154
1.478883
3.073164
1.364340
1.989635
3.236117
3.043716
1.701773
3.298897
1.620781
1.937645
1.798845
2.722011
3.916608
1.662520
2.101546
4.332458
1.291022
1.836045
1.515798
1.750086
1.914729
3.143470
2.189074
1.257133
2.230525
1.212808
2.337532
1.730227
1.460908
4.915344
2.571877
2.582812
2.432569
1.707961
3.348566
2.637066
1.677763
3.149767
2.317338
1.604638
2.036263
4.142569
1.594869
1.991337
1.649252
2.348310
1.996829
2.573994
1.984228
1.391573
2.873524
1.695902
2.137742
1.406100
2.211258
3.088133
1.123051
3.710569
1.865500
1.180785
2.255141
3.009673
1.594134
2.693030
