2.182243
2.803343
2.160589
1.914512
1.547944
1.865276
2.545409
2.090222
2.638347
3.418391
2.038324
2.409058
2.121310
4.130063
1.972195
1.711060
2.076694
2.331512
2.274994
2.613497
2.403804
2.671221
1.651703
2.652695
1.803014
1.757411
1.812639
1.897444
1.766240
1.303389
2.867902
2.675854
2.996832
1.568724
1.920703
3.212624
1.418786
1.514179
2.772368
1.414911
3.672951
2.176342
1.759249
3.981342
2.717146
1.617559
2.245947
1.382988
2.606071
1.727002
4.455359
2.916601
2.308380
1.999370
3.637104
2.668520
1.507636
3.839381
2.401835
1.495988
1.639008
2.200866
2.271137
3.045575
2.152551
1.939193
2.419468
3.284295
1.305054
1.818458
1.521157
3.466309
1.687744
1.941870
3.782135
3.544903
2.115276
1.976874
3.575810
1.790760
1.966456
1.772646
2.098019
1.413388
2.409723
2.219474
1.393008
1.808035
4.194356
1.275315
2.482666
1.328624
2.579699
2.647719
1.071334
1.645578
2.297727
2.152124
1.210368
1.227081
3.382006
1.971840
1.861618
2.366677
2.536475
2.474960
1.671737
3.063900
3.426425
2.357069
1.412084
1.776500
1.998516
2.945317
1.933976
2.374141
2.397788
4.849314
2.463470
2.682870
1.957993
1.765653
1.543696
1.638046
2.830567
2.042266
2.387975
2.859502
2.299646
1.796614
2.453806
1.637752
4.120137
1.387901
1.351305
3.137223
2.850029
1.433994
1.722437
2.008020
1.639807
1.565280
1.882268
1.711521
2.058917
2.237627
1.784853
3.674690
2.592696
2.898970
1.624302
1.244026
2.256635
1.704568
2.403558
1.326046
2.862449
1.557632
2.346136
1.493646
2.401066
1.763870
2.743891
1.841732
2.230411
1.674347
1.736045
3.162388
2.111061
1.455974
2.859982
3.141920
1.591591
2.102965
1.227819
1.748602
2.249420
1.587617
1.275761
1.708030
2.268468
4.145795
2.000882
3.113178
1.780509
1.970446
2.896425
3.093117
2.311508
2.039867
1.459563
1.386770
2.017293
1.829098
2.058450
1.469519
3.592258
3.838901
4.023236
1.358398
1.804038
1.996521
1.747257
1.832759
1.502870
3.384506
2.198318
2.523130
1.197649
1.947019
2.030632
1.231472
0.892974
1.451323
1.722826
1.621540
2.917057
1.778112
1.366083
2.781523
1.484000
1.555017
1.110319
2.122930
2.196920
2.264095
2.878361
2.216076
1.789324
2.116296
2.345746
2.058165
1.821644
2.426891
2.695625
1.410361
3.092592
1.411586
1.304755
2.255635
2.960166
2.008547
1.165949
1.065696
1.482205
3.568649
2.274679
2.893058
2.527839
2.778228
2.293391
1.102967
2.862595
2.890829
1.946135
3.012106
2.114657
2.609796
