1.448068
1.616904
2.242124
1.257115
1.750519
2.961429
2.631881
1.577823
2.073132
1.889097
1.957453
1.346216
1.199486
1.104324
3.474469
1.318196
1.255045
1.422018
1.334296
1.603437
2.710588
1.913085
3.290393
2.241254
1.593944
1.973344
2.112601
1.767071
1.273117
1.794885
2.007442
1.547694
1.188427
1.314452
1.377868
2.063797
1.989657
2.281654
1.811324
2.366230
1.424031
0.896001
1.711721
1.673110
1.553306
1.667439
1.806654
2.865847
3.601108
2.281065
1.180550
1.408839
0.948684
4.980879
1.373585
1.115205
2.011418
1.497134
1.487702
2.329794
1.400540
1.091076
1.435338
1.887412
1.345257
1.316017
2.028738
1.292530
1.521943
4.269606
1.003234
2.533607
1.492563
1.555723
1.174908
1.407958
1.176719
2.406836
1.689696
2.629069
0.879189
1.632060
1.658097
2.034183
2.014094
2.389916
1.470552
2.264831
0.933933
1.106610
3.180681
1.383826
1.973557
1.625415
0.999547
1.280594
1.312072
1.304011
1.742065
1.376773
2.045177
1.776330
1.085971
1.176961
1.035906
1.334202
1.799757
2.544994
1.897622
0.942644
1.575333
2.194363
1.808034
2.032508
1.906042
1.491510
1.106284
2.061392
1.720506
1.787139
1.605047
2.075318
1.557182
1.296172
2.448851
2.286529
3.807028
1.267939
1.561443
1.260538
2.594335
2.022807
2.193127
1.697287
1.398304
2.548649
1.749421
2.017798
1.935115
1.346930
1.474123
3.225126
2.091367
1.291854
1.572393
1.655813
1.708262
2.455755
1.658188
1.254761
1.861791
2.329211
1.289430
1.951918
2.221734
1.981471
1.923674
1.815992
1.052783
1.934878
1.721671
0.938518
1.259596
1.284353
1.429302
1.909366
1.955457
2.139676
1.578312
1.666201
1.033552
1.210042
1.842734
2.382901
2.084981
1.372179
2.635198
1.216817
3.089770
1.493661
2.433645
1.006490
2.508628
1.434837
0.919933
1.321898
1.428619
2.657893
1.645935
1.828026
3.885830
1.655066
1.365579
1.158965
1.703244
1.798486
1.174371
1.374775
1.693736
0.998628
1.446766
1.614853
2.426249
1.502802
1.267439
1.643905
1.025998
2.643627
2.386893
1.399780
1.767039
1.548885
1.577570
2.027646
1.685234
1.857472
2.040615
1.940865
1.515254
2.237607
1.582201
0.979829
1.271565
1.441300
1.401790
1.618838
1.817613
2.644727
0.940197
1.218801
1.511376
1.054804
2.212011
2.239933
1.462284
1.939837
0.843262
1.786899
1.853301
1.753070
2.032901
3.000901
2.482772
1.635230
1.595927
3.053661
1.244488
1.918206
1.594083
2.356525
2.529132
1.283006
2.246746
1.277169
1.376967
1.192213
1.188790
1.576457
1.710792
1.168389
2.096501
1.832374
1.237578
2.046173
1.320426
1.891683
2.252104
0.978505
1.585189
1.199577
1.114528
1.839125
2.374294
1.031873
1.014893
2.341999
2.132496
1.644521
2.260846
2.019979
1.718425
1.554026
5.129299
2.118983
1.083458
2.329170
0.979016
1.381927
1.099502
2.686372
1.623258
1.387358
1.511467
1.945592
1.365564
1.901495
1.418021
1.509422
1.864440
1.533205
3.086144
1.991499
1.963982
2.376969
3.048032
1.381958
1.517034
2.097883
1.281586
1.331201
1.166030
1.113332
1.147505
0.991550
0.807942
1.518211
1.561521
1.087443
2.592559
1.510985
1.740606
1.361470
1.462511
1.235953
2.397579
0.953415
1.503666
1.270798
1.555919
1.413797
1.147568
1.395198
1.559124
2.439356
0.952468
1.298159
1.553322
1.406290
1.326439
3.022737
1.332059
1.402015
1.470163
1.548514
1.436570
1.656266
0.984888
1.520565
2.186664
