1 2 0.767619
1 4 0.984307
1 5 0.508427
1 6 0.886697
1 7 0.911891
1 8 0.888408
1 9 0.890041
1 11 0.812617
1 13 0.830215
1 14 0.500000
2 1 0.767619
4 1 0.984307
4 14 0.500000
5 1 0.508427
6 1 0.886697
7 1 0.911891
7 14 0.500000
8 1 0.888408
8 14 0.500000
9 1 0.890041
11 1 0.812617
11 14 0.500000
13 1 0.830215
13 14 0.500000
14 1 0.500000
14 4 0.500000
14 7 0.500000
14 8 0.500000
14 11 0.500000
14 13 0.500000
1 1 0.981419
1 3 0.500000
1 10 0.573632
1 12 0.500000
2 2 0.659937
2 3 0.500000
2 4 0.800312
2 5 0.455659
2 6 0.654425
2 7 0.664380
2 8 0.653180
2 9 0.646866
2 10 0.516628
2 11 0.614952
2 12 0.500000
2 13 0.625661
2 14 0.500000
3 1 0.500000
3 2 0.500000
3 3 0.500000
3 4 0.500000
3 5 0.500000
3 6 0.500000
3 7 0.500000
3 8 0.500000
3 9 0.500000
3 10 0.500000
3 11 0.500000
3 12 0.500000
3 13 0.500000
3 14 0.500000
4 2 0.800312
4 3 0.500000
4 4 0.999922
4 5 0.460058
4 6 0.877894
4 7 0.926540
4 8 0.912664
4 9 0.898863
4 10 0.607174
4 11 0.819172
4 12 0.500000
4 13 0.828799
5 2 0.455659
5 3 0.500000
5 4 0.460058
5 5 0.770680
5 6 0.398948
5 7 0.542699
5 8 0.499602
5 9 0.443142
5 10 0.503801
5 11 0.498294
5 12 0.500000
5 13 0.510875
5 14 0.500000
6 2 0.654425
6 3 0.500000
6 4 0.877894
6 5 0.398948
6 6 0.796995
6 7 0.752744
6 8 0.744163
6 9 0.773245
6 10 0.539078
6 11 0.682328
6 12 0.500000
6 13 0.691057
6 14 0.500000
7 2 0.664380
7 3 0.500000
7 4 0.926540
7 5 0.542699
7 6 0.752744
7 7 0.809319
7 8 0.776139
7 9 0.762136
7 10 0.545473
7 11 0.703875
7 12 0.500000
7 13 0.718125
8 2 0.653180
8 3 0.500000
8 4 0.912664
8 5 0.499602
8 6 0.744163
8 7 0.776139
8 8 0.759224
8 9 0.746783
8 10 0.544904
8 11 0.683161
8 12 0.500000
8 13 0.691214
9 2 0.646866
9 3 0.500000
9 4 0.898863
9 5 0.443142
9 6 0.773245
9 7 0.762136
9 8 0.746783
9 9 0.776025
9 10 0.534806
9 11 0.682966
9 12 0.500000
9 13 0.695093
9 14 0.500000
10 1 0.573632
10 2 0.516628
10 3 0.500000
10 4 0.607174
10 5 0.503801
10 6 0.539078
10 7 0.545473
10 8 0.544904
10 9 0.534806
10 10 0.512620
10 11 0.527402
10 12 0.500000
10 13 0.525665
10 14 0.500000
11 2 0.614952
11 3 0.500000
11 4 0.819172
11 5 0.498294
11 6 0.682328
11 7 0.703875
11 8 0.683161
11 9 0.682966
11 10 0.527402
11 11 0.634531
11 12 0.500000
11 13 0.645259
12 1 0.500000
12 2 0.500000
12 3 0.500000
12 4 0.500000
12 5 0.500000
12 6 0.500000
12 7 0.500000
12 8 0.500000
12 9 0.500000
12 10 0.500000
12 11 0.500000
12 12 0.500000
12 13 0.500000
12 14 0.500000
13 2 0.625661
13 3 0.500000
13 4 0.828799
13 5 0.510875
13 6 0.691057
13 7 0.718125
13 8 0.691214
13 9 0.695093
13 10 0.525665
13 11 0.645259
13 12 0.500000
13 13 0.660943
14 2 0.500000
14 3 0.500000
14 5 0.500000
14 6 0.500000
14 9 0.500000
14 10 0.500000
14 12 0.500000
14 14 0.500000
