1 2 0.685820
1 4 0.726617
1 5 0.728948
1 6 0.553335
1 7 0.670571
1 8 0.898965
1 9 0.641718
1 11 0.500000
1 13 0.684434
1 14 0.500000
2 1 0.685820
4 1 0.726617
4 14 0.500000
5 1 0.728948
6 1 0.553335
7 1 0.670571
7 14 0.500000
8 1 0.898965
8 14 0.500000
9 1 0.641718
11 1 0.500000
11 14 0.500000
13 1 0.684434
13 14 0.500000
14 1 0.500000
14 4 0.500000
14 7 0.500000
14 8 0.500000
14 11 0.500000
14 13 0.500000
1 1 0.830363
1 3 0.500000
1 10 0.504541
1 12 0.500000
2 2 0.597376
2 3 0.500000
2 4 0.616982
2 5 0.618941
2 6 0.506425
2 7 0.590889
2 8 0.740714
2 9 0.549624
2 10 0.502267
2 11 0.500000
2 12 0.500000
2 13 0.597144
2 14 0.500000
3 1 0.500000
3 2 0.500000
3 3 0.500000
3 4 0.500000
3 5 0.500000
3 6 0.500000
3 7 0.500000
3 8 0.500000
3 9 0.500000
3 10 0.500000
3 11 0.500000
3 12 0.500000
3 13 0.500000
3 14 0.500000
4 2 0.616982
4 3 0.500000
4 4 0.687216
4 5 0.665725
4 6 0.429922
4 7 0.605736
4 8 0.828712
4 9 0.611004
4 10 0.510187
4 11 0.500000
4 12 0.500000
4 13 0.613444
5 2 0.618941
5 3 0.500000
5 4 0.665725
5 5 0.693884
5 6 0.475148
5 7 0.615617
5 8 0.854453
5 9 0.694202
5 10 0.512134
5 11 0.500000
5 12 0.500000
5 13 0.618475
5 14 0.500000
6 2 0.506425
6 3 0.500000
6 4 0.429922
6 5 0.475148
6 6 0.989464
6 7 0.478538
6 8 0.485350
6 9 0.849968
6 10 0.448127
6 11 0.500000
6 12 0.500000
6 13 0.463553
6 14 0.500000
7 2 0.590889
7 3 0.500000
7 4 0.605736
7 5 0.615617
7 6 0.478538
7 7 0.603521
7 8 0.708274
7 9 0.550780
7 10 0.504552
7 11 0.500000
7 12 0.500000
7 13 0.587550
8 2 0.740714
8 3 0.500000
8 4 0.828712
8 5 0.854453
8 6 0.485350
8 7 0.708274
8 8 0.986274
8 9 0.862256
8 10 0.521437
8 11 0.500000
8 12 0.500000
8 13 0.747638
9 2 0.549624
9 3 0.500000
9 4 0.611004
9 5 0.694202
9 6 0.849968
9 7 0.550780
9 8 0.862256
9 9 0.983943
9 10 0.513410
9 11 0.500000
9 12 0.500000
9 13 0.530217
9 14 0.500000
10 1 0.504541
10 2 0.502267
10 3 0.500000
10 4 0.510187
10 5 0.512134
10 6 0.448127
10 7 0.504552
10 8 0.521437
10 9 0.513410
10 10 0.507103
10 11 0.500000
10 12 0.500000
10 13 0.505216
10 14 0.500000
11 2 0.500000
11 3 0.500000
11 4 0.500000
11 5 0.500000
11 6 0.500000
11 7 0.500000
11 8 0.500000
11 9 0.500000
11 10 0.500000
11 11 0.500000
11 12 0.500000
11 13 0.500000
12 1 0.500000
12 2 0.500000
12 3 0.500000
12 4 0.500000
12 5 0.500000
12 6 0.500000
12 7 0.500000
12 8 0.500000
12 9 0.500000
12 10 0.500000
12 11 0.500000
12 12 0.500000
12 13 0.500000
12 14 0.500000
13 2 0.597144
13 3 0.500000
13 4 0.613444
13 5 0.618475
13 6 0.463553
13 7 0.587550
13 8 0.747638
13 9 0.530217
13 10 0.505216
13 11 0.500000
13 12 0.500000
13 13 0.606663
14 2 0.500000
14 3 0.500000
14 5 0.500000
14 6 0.500000
14 9 0.500000
14 10 0.500000
14 12 0.500000
14 14 0.500000
