1 2 0.645684
1 4 0.649518
1 5 0.711327
1 6 0.693025
1 7 0.695501
1 8 0.669568
1 9 0.669270
1 11 0.500000
1 13 0.602453
1 14 0.500000
2 1 0.645684
4 1 0.649518
4 14 0.500000
5 1 0.711327
6 1 0.693025
7 1 0.695501
7 14 0.500000
8 1 0.669568
8 14 0.500000
9 1 0.669270
11 1 0.500000
11 14 0.500000
13 1 0.602453
13 14 0.500000
14 1 0.500000
14 4 0.500000
14 7 0.500000
14 8 0.500000
14 11 0.500000
14 13 0.500000
1 1 0.803523
1 3 0.500000
1 10 0.547102
1 12 0.500000
2 2 0.570565
2 3 0.500000
2 4 0.567473
2 5 0.606238
2 6 0.587243
2 7 0.586409
2 8 0.580283
2 9 0.571764
2 10 0.520979
2 11 0.500000
2 12 0.500000
2 13 0.550252
2 14 0.500000
3 1 0.500000
3 2 0.500000
3 3 0.500000
3 4 0.500000
3 5 0.500000
3 6 0.500000
3 7 0.500000
3 8 0.500000
3 9 0.500000
3 10 0.500000
3 11 0.500000
3 12 0.500000
3 13 0.500000
3 14 0.500000
4 2 0.567473
4 3 0.500000
4 4 0.947197
4 5 0.537041
4 6 0.564544
4 7 0.537160
4 8 0.673065
4 9 0.472260
4 10 0.581376
4 11 0.500000
4 12 0.500000
4 13 0.537970
5 2 0.606238
5 3 0.500000
5 4 0.537041
5 5 0.689018
5 6 0.631326
5 7 0.629706
5 8 0.619284
5 9 0.619444
5 10 0.533230
5 11 0.500000
5 12 0.500000
5 13 0.576615
5 14 0.500000
6 2 0.587243
6 3 0.500000
6 4 0.564544
6 5 0.631326
6 6 0.648504
6 7 0.598547
6 8 0.588449
6 9 0.599436
6 10 0.535954
6 11 0.500000
6 12 0.500000
6 13 0.556980
6 14 0.500000
7 2 0.586409
7 3 0.500000
7 4 0.537160
7 5 0.629706
7 6 0.598547
7 7 0.644089
7 8 0.604782
7 9 0.601700
7 10 0.514134
7 11 0.500000
7 12 0.500000
7 13 0.563645
8 2 0.580283
8 3 0.500000
8 4 0.673065
8 5 0.619284
8 6 0.588449
8 7 0.604782
8 8 0.628796
8 9 0.556219
8 10 0.538027
8 11 0.500000
8 12 0.500000
8 13 0.555156
9 2 0.571764
9 3 0.500000
9 4 0.472260
9 5 0.619444
9 6 0.599436
9 7 0.601700
9 8 0.556219
9 9 0.635937
9 10 0.512795
9 11 0.500000
9 12 0.500000
9 13 0.554743
9 14 0.500000
10 1 0.547102
10 2 0.520979
10 3 0.500000
10 4 0.581376
10 5 0.533230
10 6 0.535954
10 7 0.514134
10 8 0.538027
10 9 0.512795
10 10 0.524865
10 11 0.500000
10 12 0.500000
10 13 0.512494
10 14 0.500000
11 2 0.500000
11 3 0.500000
11 4 0.500000
11 5 0.500000
11 6 0.500000
11 7 0.500000
11 8 0.500000
11 9 0.500000
11 10 0.500000
11 11 0.500000
11 12 0.500000
11 13 0.500000
12 1 0.500000
12 2 0.500000
12 3 0.500000
12 4 0.500000
12 5 0.500000
12 6 0.500000
12 7 0.500000
12 8 0.500000
12 9 0.500000
12 10 0.500000
12 11 0.500000
12 12 0.500000
12 13 0.500000
12 14 0.500000
13 2 0.550252
13 3 0.500000
13 4 0.537970
13 5 0.576615
13 6 0.556980
13 7 0.563645
13 8 0.555156
13 9 0.554743
13 10 0.512494
13 11 0.500000
13 12 0.500000
13 13 0.539023
14 2 0.500000
14 3 0.500000
14 5 0.500000
14 6 0.500000
14 9 0.500000
14 10 0.500000
14 12 0.500000
14 14 0.500000
