1 2 0.670119
1 4 0.860131
1 5 0.789887
1 6 0.939019
1 7 0.680384
1 8 0.668118
1 9 0.745676
1 11 0.663249
1 13 0.669757
1 14 0.500000
2 1 0.670119
4 1 0.860131
4 14 0.500000
5 1 0.789887
6 1 0.939019
7 1 0.680384
7 14 0.500000
8 1 0.668118
8 14 0.500000
9 1 0.745676
11 1 0.663249
11 14 0.500000
13 1 0.669757
13 14 0.500000
14 1 0.500000
14 4 0.500000
14 7 0.500000
14 8 0.500000
14 11 0.500000
14 13 0.500000
1 1 0.798838
1 3 0.500000
1 10 0.527442
1 12 0.500000
2 2 0.592321
2 3 0.500000
2 4 0.727412
2 5 0.666298
2 6 0.795055
2 7 0.576415
2 8 0.582550
2 9 0.633093
2 10 0.515294
2 11 0.586409
2 12 0.500000
2 13 0.588882
2 14 0.500000
3 1 0.500000
3 2 0.500000
3 3 0.500000
3 4 0.500000
3 5 0.500000
3 6 0.500000
3 7 0.500000
3 8 0.500000
3 9 0.500000
3 10 0.500000
3 11 0.500000
3 12 0.500000
3 13 0.500000
3 14 0.500000
4 2 0.727412
4 3 0.500000
4 4 0.998950
4 5 0.967385
4 6 0.960493
4 7 0.651583
4 8 0.531982
4 9 0.705090
4 10 0.562211
4 11 0.700968
4 12 0.500000
4 13 0.716382
5 2 0.666298
5 3 0.500000
5 4 0.967385
5 5 0.967482
5 6 0.940828
5 7 0.814236
5 8 0.783502
5 9 0.701965
5 10 0.556278
5 11 0.650928
5 12 0.500000
5 13 0.663609
5 14 0.500000
6 2 0.795055
6 3 0.500000
6 4 0.960493
6 5 0.940828
6 6 0.999996
6 7 0.940870
6 8 0.914518
6 9 0.935424
6 10 0.591692
6 11 0.795811
6 12 0.500000
6 13 0.789682
6 14 0.500000
7 2 0.576415
7 3 0.500000
7 4 0.651583
7 5 0.814236
7 6 0.940870
7 7 0.915361
7 8 0.834079
7 9 0.673298
7 10 0.518108
7 11 0.588336
7 12 0.500000
7 13 0.611204
8 2 0.582550
8 3 0.500000
8 4 0.531982
8 5 0.783502
8 6 0.914518
8 7 0.834079
8 8 0.860109
8 9 0.679062
8 10 0.526365
8 11 0.585482
8 12 0.500000
8 13 0.598429
9 2 0.633093
9 3 0.500000
9 4 0.705090
9 5 0.701965
9 6 0.935424
9 7 0.673298
9 8 0.679062
9 9 0.731108
9 10 0.521592
9 11 0.629790
9 12 0.500000
9 13 0.632593
9 14 0.500000
10 1 0.527442
10 2 0.515294
10 3 0.500000
10 4 0.562211
10 5 0.556278
10 6 0.591692
10 7 0.518108
10 8 0.526365
10 9 0.521592
10 10 0.507652
10 11 0.513626
10 12 0.500000
10 13 0.512070
10 14 0.500000
11 2 0.586409
11 3 0.500000
11 4 0.700968
11 5 0.650928
11 6 0.795811
11 7 0.588336
11 8 0.585482
11 9 0.629790
11 10 0.513626
11 11 0.583044
11 12 0.500000
11 13 0.585056
12 1 0.500000
12 2 0.500000
12 3 0.500000
12 4 0.500000
12 5 0.500000
12 6 0.500000
12 7 0.500000
12 8 0.500000
12 9 0.500000
12 10 0.500000
12 11 0.500000
12 12 0.500000
12 13 0.500000
12 14 0.500000
13 2 0.588882
13 3 0.500000
13 4 0.716382
13 5 0.663609
13 6 0.789682
13 7 0.611204
13 8 0.598429
13 9 0.632593
13 10 0.512070
13 11 0.585056
13 12 0.500000
13 13 0.595773
14 2 0.500000
14 3 0.500000
14 5 0.500000
14 6 0.500000
14 9 0.500000
14 10 0.500000
14 12 0.500000
14 14 0.500000
