2.779177
4.401395
3.143270
3.525038
2.574422
2.271475
3.103571
2.618720
1.758599
1.480840
2.007516
4.330368
2.903786
2.717081
3.879078
2.697279
1.926898
1.584575
3.980433
3.260455
1.371307
1.525372
3.623451
3.557693
4.486194
5.301695
1.418760
2.900580
3.654886
1.830426
2.003445
1.618576
2.109303
2.266112
2.002590
4.551545
2.187730
2.236057
3.013500
1.438568
3.451848
1.797151
2.428741
2.375411
1.479460
3.406540
2.060909
1.767369
2.967605
5.606608
1.749082
3.951025
2.609236
3.290903
4.187851
3.496488
5.351938
2.627495
1.577558
2.742329
2.761176
3.838765
1.850721
1.269081
1.762533
1.374397
2.367477
1.656305
2.551020
1.864502
3.502143
1.922571
3.016491
3.761513
1.717782
2.165089
1.584651
2.476689
3.020464
2.960647
3.576374
1.372594
1.986845
3.508920
2.621957
2.903894
2.069638
1.233493
1.734020
2.083501
4.876809
2.865480
2.134183
2.458078
2.513180
2.203412
1.971243
1.869613
4.440471
2.405364
2.444427
1.526842
1.605185
1.745230
2.080208
2.081543
1.977298
2.713448
1.832109
2.642639
1.382711
4.277826
1.130870
2.850059
2.577807
3.367718
1.463532
3.634403
2.857562
2.111331
2.661402
1.613833
1.937941
3.184630
2.110533
2.115163
3.602119
2.374273
3.468547
3.929755
1.864086
2.353328
4.391932
1.976108
1.443538
2.460102
2.545231
2.497619
1.771902
2.923060
2.806832
1.486696
2.310259
2.496170
1.435941
2.302760
1.500848
1.352847
1.345975
1.804707
2.927031
1.387730
3.569717
2.640304
1.660410
1.804491
1.822585
2.376913
1.528450
2.318249
2.750344
1.407264
1.446879
1.952697
2.569798
1.351237
2.849614
1.064144
1.042448
1.287460
4.307390
1.417924
3.972453
2.004223
1.704185
3.570046
1.334922
1.868463
2.171418
1.883748
1.943066
1.653032
1.523546
2.120642
2.498860
2.455703
1.684214
2.218010
2.932727
1.654311
1.787519
1.320024
1.678982
1.838072
2.852336
2.154984
4.715836
1.564590
2.378246
1.508008
2.849606
2.347132
1.955152
1.560366
1.839354
2.696201
2.246461
1.414537
2.184857
0.983851
3.704017
2.345444
1.045400
1.438545
1.491086
1.889270
2.912010
2.260460
2.026276
2.147998
2.486338
1.181522
1.736984
1.677149
2.540329
2.231380
1.266185
1.742001
1.203539
1.583686
2.000248
1.510204
3.756747
1.847258
2.260132
2.170093
4.288657
2.206702
3.417464
1.068447
3.225645
1.738158
1.227283
2.193031
1.990721
2.392770
1.260427
3.827889
1.282859
2.935786
2.633087
2.011192
4.231218
1.643752
2.116281
2.693347
1.226328
3.378179
3.764086
1.387640
1.355579
2.294030
1.695751
1.946892
1.217664
1.620311
2.175577
1.172191
1.810046
2.272699
2.014486
2.515253
1.772885
2.312551
2.549154
1.636342
1.912979
2.982583
1.675656
1.857499
2.195569
1.681968
2.376774
2.339252
1.553643
2.682403
3.170051
2.202875
2.600288
1.830909
1.085019
3.518748
2.574939
1.505329
2.096443
3.294858
1.332029
2.261511
2.643624
4.352880
2.756187
1.931004
2.790171
2.752716
1.334503
2.177725
1.532081
2.087744
1.582552
2.371101
1.311632
1.848053
1.676647
1.466971
2.022559
2.125335
2.110478
1.753699
2.431794
3.018252
2.790599
1.564312
1.489526
1.655566
1.145752
1.872566
1.523651
2.081386
1.618128
2.591581
1.766328
1.475041
1.601520
1.203472
1.948988
2.615600
1.955115
