2.604751
2.516171
1.420123
1.779202
2.592109
1.511529
1.753777
2.844001
1.297948
1.123824
2.750250
1.879346
1.288393
1.846599
1.609004
2.145093
2.903496
1.850334
2.458972
2.998300
2.606339
3.417081
1.028463
1.151788
1.232460
4.083247
1.656679
2.171093
1.542627
2.258990
1.640188
3.179287
2.072881
3.473549
1.504379
1.561711
1.720995
3.189869
2.418741
1.197381
1.784812
1.597577
2.530703
0.902201
1.148361
1.750319
1.005442
2.624950
1.460047
1.301897
1.502027
1.577723
1.803617
1.964130
1.664731
1.212266
1.286040
1.425799
2.660532
1.470368
2.961885
0.973456
1.124146
1.735825
2.295255
2.862484
1.985102
1.051412
1.341139
2.431672
2.279060
1.608450
1.384680
2.962325
2.909168
2.984066
1.574147
1.082143
2.354188
1.406079
1.343119
2.450505
1.417295
2.463151
1.050533
1.677953
2.160502
2.109335
1.461003
2.624565
1.241673
2.156540
1.683047
2.077186
1.903248
2.031448
1.655440
1.890948
0.999985
2.198979
1.758287
1.233432
2.902759
2.350595
