1.479487
3.658700
1.423397
1.213926
1.875605
3.378039
4.054136
2.742398
2.134669
3.195147
1.003894
3.738418
1.460393
2.624458
2.592417
1.439031
1.242642
2.880377
2.844051
2.766485
1.992943
1.697947
1.823723
2.276489
2.474739
1.329727
1.646603
2.539878
1.174036
1.269595
4.721358
1.529768
2.457671
1.573590
2.201715
3.140566
1.570815
1.504935
1.293511
2.139348
1.685852
3.076369
2.803067
2.265851
1.891686
1.508354
1.869367
1.446187
1.859624
2.509898
1.729547
2.372906
1.594174
1.421261
1.916648
2.341993
2.163825
1.760332
0.924752
1.587173
2.037189
2.204408
1.106999
1.304196
2.746166
1.949810
1.105135
1.127372
1.365580
1.579507
1.943796
1.176344
1.117129
1.400422
1.676301
1.848938
2.463784
2.087140
1.968066
1.517800
0.971655
2.048291
1.446730
1.293523
1.920992
2.124330
2.274719
2.128443
1.664251
2.402355
2.812659
1.460142
1.659547
1.547861
2.398886
1.657393
1.392820
1.399253
1.300919
1.246266
2.468720
4.159607
1.981600
4.318884
2.498812
2.152195
3.169167
1.721759
2.530766
2.116462
1.664523
1.290112
2.598021
1.346956
3.206150
1.307780
2.111252
1.900025
1.378375
1.149168
2.610850
1.615427
1.205898
1.552974
4.301146
4.296264
2.314546
1.864501
1.285736
3.235724
3.298364
2.675534
1.618001
1.494162
1.997782
1.374377
2.137310
1.905336
3.068958
1.946747
3.842070
5.023357
1.545694
2.779129
2.332247
1.929487
1.221688
2.313282
1.603322
1.406279
1.851066
2.303856
1.793027
1.643934
0.947636
1.269919
1.447700
1.921023
1.948177
3.035564
1.554986
1.355712
1.318973
2.010175
0.941208
3.952178
2.550222
1.377382
1.465738
3.957288
1.756549
1.912448
1.264583
1.620631
1.934433
1.437951
1.486098
2.104107
1.154512
2.053572
3.499906
1.711021
1.151535
1.767385
1.563232
2.310891
1.317151
1.844178
1.526934
1.952780
1.389841
1.453902
3.214467
2.344844
1.071563
3.023609
1.864879
2.397032
1.943638
1.088456
1.762658
0.949537
2.904071
1.656328
1.442887
1.377562
1.413855
2.592963
7.489106
1.517402
2.799934
4.656413
2.323092
1.504528
2.436021
2.373388
2.806511
1.173434
1.070731
2.070989
1.208795
1.836734
2.595351
1.072409
1.213682
1.986885
1.475973
1.569328
2.102336
1.929757
1.974422
2.202193
