1 2 0.735874
1 3 0.753376
1 5 0.724240
1 8 0.840088
1 12 0.703367
1 16 0.716032
1 17 0.812489
1 19 0.845400
2 1 0.735874
2 8 0.777862
2 19 0.782714
3 1 0.753376
3 8 0.794768
4 17 0.500000
5 1 0.724240
5 8 0.782483
8 1 0.840088
8 2 0.777862
8 3 0.794768
8 5 0.782483
8 12 0.742297
8 13 0.455098
8 14 0.764867
8 15 0.683850
8 16 0.756361
8 17 0.860751
8 19 0.892562
10 19 0.500000
12 1 0.703367
12 8 0.742297
13 8 0.455098
14 8 0.764867
15 8 0.683850
16 1 0.716032
16 8 0.756361
17 1 0.812489
17 4 0.500000
17 8 0.860751
17 19 0.885187
18 19 0.893757
19 1 0.845400
19 2 0.782714
19 8 0.892562
19 10 0.500000
19 17 0.885187
19 18 0.893757
1 1 0.796410
1 4 0.500000
1 6 0.947059
1 7 0.501472
1 9 0.561007
1 10 0.500000
1 11 0.581315
1 13 0.488026
1 14 0.739125
1 15 0.649816
1 18 0.793134
2 2 0.694134
2 3 0.699254
2 4 0.500000
2 5 0.681804
2 6 0.903651
2 7 0.501141
2 9 0.546066
2 10 0.500000
2 11 0.558654
2 12 0.661059
2 13 0.475184
2 14 0.620857
2 15 0.618057
2 16 0.671826
2 17 0.753594
2 18 0.733077
3 2 0.699254
3 3 0.721494
3 4 0.500000
3 5 0.690222
3 6 0.920961
3 7 0.501282
3 9 0.552796
3 10 0.500000
3 11 0.574016
3 12 0.672188
3 13 0.514130
3 14 0.737264
3 15 0.624845
3 16 0.683426
3 17 0.775817
3 18 0.761368
3 19 0.810791
4 1 0.500000
4 2 0.500000
4 3 0.500000
4 4 0.500000
4 5 0.500000
4 6 0.500000
4 7 0.500000
4 8 0.500000
4 9 0.500000
4 10 0.500000
4 11 0.500000
4 12 0.500000
4 13 0.500000
4 14 0.500000
4 15 0.500000
4 16 0.500000
4 18 0.500000
4 19 0.500000
5 2 0.681804
5 3 0.690222
5 4 0.500000
5 5 0.723884
5 6 0.892734
5 7 0.501289
5 9 0.542285
5 10 0.500000
5 11 0.558860
5 12 0.657254
5 13 0.440660
5 14 0.655192
5 15 0.618678
5 16 0.665259
5 17 0.755754
5 18 0.722555
5 19 0.781856
6 1 0.947059
6 2 0.903651
6 3 0.920961
6 4 0.500000
6 5 0.892734
6 6 0.999755
6 7 0.502802
6 8 0.971784
6 9 0.659949
6 10 0.500000
6 11 0.649436
6 12 0.872068
6 13 0.539975
6 14 0.804309
6 15 0.794057
6 16 0.888527
6 17 0.961420
6 18 0.960049
6 19 0.978872
7 1 0.501472
7 2 0.501141
7 3 0.501282
7 4 0.500000
7 5 0.501289
7 6 0.502802
7 7 0.500022
7 8 0.501939
7 9 0.500458
7 10 0.500000
7 11 0.500911
7 12 0.500832
7 13 0.500887
7 14 0.503163
7 15 0.500645
7 16 0.500890
7 17 0.501873
7 18 0.502194
7 19 0.502518
8 4 0.500000
8 6 0.971784
8 7 0.501939
8 8 0.887810
8 9 0.576670
8 10 0.500000
8 11 0.601159
8 18 0.841825
9 1 0.561007
9 2 0.546066
9 3 0.552796
9 4 0.500000
9 5 0.542285
9 6 0.659949
9 7 0.500458
9 8 0.576670
9 9 0.522478
9 10 0.500000
9 11 0.524447
9 12 0.537659
9 13 0.502145
9 14 0.561146
9 15 0.528557
9 16 0.542377
9 17 0.576748
9 18 0.594511
9 19 0.603546
10 1 0.500000
10 2 0.500000
10 3 0.500000
10 4 0.500000
10 5 0.500000
10 6 0.500000
10 7 0.500000
10 8 0.500000
10 9 0.500000
10 10 0.500000
10 11 0.500000
10 12 0.500000
10 13 0.500000
10 14 0.500000
10 15 0.500000
10 16 0.500000
10 17 0.500000
10 18 0.500000
11 1 0.581315
11 2 0.558654
11 3 0.574016
11 4 0.500000
11 5 0.558860
11 6 0.649436
11 7 0.500911
11 8 0.601159
11 9 0.524447
11 10 0.500000
11 11 0.558124
11 12 0.546714
11 13 0.529474
11 14 0.677701
11 15 0.536489
11 16 0.551425
11 17 0.606011
11 18 0.616268
11 19 0.636429
12 2 0.661059
12 3 0.672188
12 4 0.500000
12 5 0.657254
12 6 0.872068
12 7 0.500832
12 9 0.537659
12 10 0.500000
12 11 0.546714
12 12 0.638147
12 13 0.485999
12 14 0.619506
12 15 0.599743
12 16 0.646917
12 17 0.718992
12 18 0.696378
12 19 0.744036
13 1 0.488026
13 2 0.475184
13 3 0.514130
13 4 0.500000
13 5 0.440660
13 6 0.539975
13 7 0.500887
13 9 0.502145
13 10 0.500000
13 11 0.529474
13 12 0.485999
13 13 0.934120
13 14 0.723328
13 15 0.474494
13 16 0.476354
13 17 0.466378
13 18 0.499976
13 19 0.482054
14 1 0.739125
14 2 0.620857
14 3 0.737264
14 4 0.500000
14 5 0.655192
14 6 0.804309
14 7 0.503163
14 9 0.561146
14 10 0.500000
14 11 0.677701
14 12 0.619506
14 13 0.723328
14 14 0.999223
14 15 0.567630
14 16 0.623787
14 17 0.810676
14 18 0.833700
14 19 0.880791
15 1 0.649816
15 2 0.618057
15 3 0.624845
15 4 0.500000
15 5 0.618678
15 6 0.794057
15 7 0.500645
15 9 0.528557
15 10 0.500000
15 11 0.536489
15 12 0.599743
15 13 0.474494
15 14 0.567630
15 15 0.574140
15 16 0.607062
15 17 0.664605
15 18 0.650114
15 19 0.687214
16 2 0.671826
16 3 0.683426
16 4 0.500000
16 5 0.665259
16 6 0.888527
16 7 0.500890
16 9 0.542377
16 10 0.500000
16 11 0.551425
16 12 0.646917
16 13 0.476354
16 14 0.623787
16 15 0.607062
16 16 0.657105
16 17 0.734247
16 18 0.714699
16 19 0.762486
17 2 0.753594
17 3 0.775817
17 5 0.755754
17 6 0.961420
17 7 0.501873
17 9 0.576748
17 10 0.500000
17 11 0.606011
17 12 0.718992
17 13 0.466378
17 14 0.810676
17 15 0.664605
17 16 0.734247
17 17 0.847368
17 18 0.837346
18 1 0.793134
18 2 0.733077
18 3 0.761368
18 4 0.500000
18 5 0.722555
18 6 0.960049
18 7 0.502194
18 8 0.841825
18 9 0.594511
18 10 0.500000
18 11 0.616268
18 12 0.696378
18 13 0.499976
18 14 0.833700
18 15 0.650114
18 16 0.714699
18 17 0.837346
18 18 0.864549
19 3 0.810791
19 4 0.500000
19 5 0.781856
19 6 0.978872
19 7 0.502518
19 9 0.603546
19 11 0.636429
19 12 0.744036
19 13 0.482054
19 14 0.880791
19 15 0.687214
19 16 0.762486
19 19 0.927463
