1 2 0.929187
1 3 0.811462
1 5 0.798175
1 8 0.946217
1 12 0.848621
1 16 0.642945
1 17 0.901067
1 19 0.973372
2 1 0.929187
2 8 0.931651
2 19 0.963193
3 1 0.811462
3 8 0.819862
4 17 0.687292
5 1 0.798175
5 8 0.795193
8 1 0.946217
8 2 0.931651
8 3 0.819862
8 5 0.795193
8 12 0.856828
8 13 0.749346
8 14 0.884524
8 15 0.500000
8 16 0.644332
8 17 0.903139
8 19 0.972857
10 19 0.500000
12 1 0.848621
12 8 0.856828
13 8 0.749346
14 8 0.884524
15 8 0.500000
16 1 0.642945
16 8 0.644332
17 1 0.901067
17 4 0.687292
17 8 0.903139
17 19 0.941978
18 19 0.972960
19 1 0.973372
19 2 0.963193
19 8 0.972857
19 10 0.500000
19 17 0.941978
19 18 0.972960
1 1 0.946337
1 4 0.726048
1 6 0.969404
1 7 0.500989
1 9 0.583546
1 10 0.500000
1 11 0.580689
1 13 0.720114
1 14 0.859564
1 15 0.500000
1 18 0.933412
2 2 0.914361
2 3 0.788024
2 4 0.708577
2 5 0.775069
2 6 0.952465
2 7 0.500926
2 9 0.575022
2 10 0.500000
2 11 0.569047
2 12 0.828734
2 13 0.712095
2 14 0.841128
2 15 0.500000
2 16 0.634113
2 17 0.884163
2 18 0.913487
3 2 0.788024
3 3 0.738317
3 4 0.612342
3 5 0.646766
3 6 0.794245
3 7 0.500120
3 9 0.546786
3 10 0.500000
3 11 0.594125
3 12 0.720346
3 13 0.650099
3 14 0.751606
3 15 0.500000
3 16 0.586961
3 17 0.754701
3 18 0.741083
3 19 0.842107
4 1 0.726048
4 2 0.708577
4 3 0.612342
4 4 0.592813
4 5 0.613047
4 6 0.770252
4 7 0.500372
4 8 0.723311
4 9 0.529570
4 10 0.500000
4 11 0.519334
4 12 0.639986
4 13 0.570755
4 14 0.640697
4 15 0.500000
4 16 0.528586
4 18 0.715808
4 19 0.775938
5 2 0.775069
5 3 0.646766
5 4 0.613047
5 5 0.700344
5 6 0.819877
5 7 0.500516
5 9 0.530611
5 10 0.500000
5 11 0.534846
5 12 0.698171
5 13 0.618378
5 14 0.710392
5 15 0.500000
5 16 0.540208
5 17 0.745239
5 18 0.777596
5 19 0.846681
6 1 0.969404
6 2 0.952465
6 3 0.794245
6 4 0.770252
6 5 0.819877
6 6 0.999752
6 7 0.500481
6 8 0.957271
6 9 0.570010
6 10 0.500000
6 11 0.486682
6 12 0.863128
6 13 0.599024
6 14 0.841198
6 15 0.500000
6 16 0.673667
6 17 0.927394
6 18 0.976067
6 19 0.990049
7 1 0.500989
7 2 0.500926
7 3 0.500120
7 4 0.500372
7 5 0.500516
7 6 0.500481
7 7 0.500014
7 8 0.500925
7 9 0.500112
7 10 0.500000
7 11 0.499904
7 12 0.500519
7 13 0.500385
7 14 0.500101
7 15 0.500000
7 16 0.500840
7 17 0.500749
7 18 0.501401
7 19 0.501490
8 4 0.723311
8 6 0.957271
8 7 0.500925
8 8 0.953546
8 9 0.590980
8 10 0.500000
8 11 0.595370
8 18 0.925864
9 1 0.583546
9 2 0.575022
9 3 0.546786
9 4 0.529570
9 5 0.530611
9 6 0.570010
9 7 0.500112
9 8 0.590980
9 9 0.531777
9 10 0.500000
9 11 0.512123
9 12 0.549222
9 13 0.537136
9 14 0.555788
9 15 0.500000
9 16 0.537369
9 17 0.563261
9 18 0.575518
9 19 0.604171
10 1 0.500000
10 2 0.500000
10 3 0.500000
10 4 0.500000
10 5 0.500000
10 6 0.500000
10 7 0.500000
10 8 0.500000
10 9 0.500000
10 10 0.500000
10 11 0.500000
10 12 0.500000
10 13 0.500000
10 14 0.500000
10 15 0.500000
10 16 0.500000
10 17 0.500000
10 18 0.500000
11 1 0.580689
11 2 0.569047
11 3 0.594125
11 4 0.519334
11 5 0.534846
11 6 0.486682
11 7 0.499904
11 8 0.595370
11 9 0.512123
11 10 0.500000
11 11 0.574947
11 12 0.566833
11 13 0.570388
11 14 0.587824
11 15 0.500000
11 16 0.508533
11 17 0.560427
11 18 0.497662
11 19 0.557437
12 2 0.828734
12 3 0.720346
12 4 0.639986
12 5 0.698171
12 6 0.863128
12 7 0.500519
12 9 0.549222
12 10 0.500000
12 11 0.566833
12 12 0.748005
12 13 0.659925
12 14 0.772121
12 15 0.500000
12 16 0.579152
12 17 0.794678
12 18 0.813245
12 19 0.893326
13 1 0.720114
13 2 0.712095
13 3 0.650099
13 4 0.570755
13 5 0.618378
13 6 0.599024
13 7 0.500385
13 9 0.537136
13 10 0.500000
13 11 0.570388
13 12 0.659925
13 13 0.653417
13 14 0.683498
13 15 0.500000
13 16 0.580763
13 17 0.680577
13 18 0.646960
13 19 0.746402
14 1 0.859564
14 2 0.841128
14 3 0.751606
14 4 0.640697
14 5 0.710392
14 6 0.841198
14 7 0.500101
14 9 0.555788
14 10 0.500000
14 11 0.587824
14 12 0.772121
14 13 0.683498
14 14 0.842322
14 15 0.500000
14 16 0.547090
14 17 0.808368
14 18 0.799101
14 19 0.897615
15 1 0.500000
15 2 0.500000
15 3 0.500000
15 4 0.500000
15 5 0.500000
15 6 0.500000
15 7 0.500000
15 9 0.500000
15 10 0.500000
15 11 0.500000
15 12 0.500000
15 13 0.500000
15 14 0.500000
15 15 0.500000
15 16 0.500000
15 17 0.500000
15 18 0.500000
15 19 0.500000
16 2 0.634113
16 3 0.586961
16 4 0.528586
16 5 0.540208
16 6 0.673667
16 7 0.500840
16 9 0.537369
16 10 0.500000
16 11 0.508533
16 12 0.579152
16 13 0.580763
16 14 0.547090
16 15 0.500000
16 16 0.781048
16 17 0.590905
16 18 0.650951
16 19 0.691121
17 2 0.884163
17 3 0.754701
17 5 0.745239
17 6 0.927394
17 7 0.500749
17 9 0.563261
17 10 0.500000
17 11 0.560427
17 12 0.794678
17 13 0.680577
17 14 0.808368
17 15 0.500000
17 16 0.590905
17 17 0.854051
17 18 0.881291
18 1 0.933412
18 2 0.913487
18 3 0.741083
18 4 0.715808
18 5 0.777596
18 6 0.976067
18 7 0.501401
18 8 0.925864
18 9 0.575518
18 10 0.500000
18 11 0.497662
18 12 0.813245
18 13 0.646960
18 14 0.799101
18 15 0.500000
18 16 0.650951
18 17 0.881291
18 18 0.949530
19 3 0.842107
19 4 0.775938
19 5 0.846681
19 6 0.990049
19 7 0.501490
19 9 0.604171
19 11 0.557437
19 12 0.893326
19 13 0.746402
19 14 0.897615
19 15 0.500000
19 16 0.691121
19 19 0.990968
