1.548121
2.253570
2.419601
1.760631
2.010692
2.180133
2.578618
2.544649
2.216217
2.315816
1.740967
2.006665
2.269370
2.139745
2.971048
2.878536
1.942733
2.272377
2.227639
1.979616
2.332146
2.067556
3.604797
1.770561
1.942717
2.136127
2.172227
2.626279
1.718797
2.430455
2.209816
2.086760
1.829395
1.781617
2.404524
2.486099
3.837046
2.335608
2.281230
1.806364
2.609966
2.060785
1.933303
1.806418
1.387988
2.582273
2.437008
2.349718
2.642553
1.780186
2.203018
2.298588
2.475705
1.874866
1.904895
1.805632
1.245707
2.358232
2.781612
1.893923
2.679604
1.594349
1.747191
2.198689
1.902805
3.067152
1.854560
2.258863
2.244118
1.758123
1.680135
1.839138
1.967014
1.911999
2.246521
2.046330
1.886895
1.959122
1.615986
2.223430
2.192067
1.827340
1.593985
2.399769
1.894376
1.746540
1.463805
2.235732
2.684549
1.495139
1.824677
2.054610
2.378429
1.756498
1.583195
1.869932
1.868824
1.189614
2.474459
2.185942
2.166978
2.629284
2.567536
2.798715
1.853809
2.037009
2.151759
1.893575
2.149525
2.003147
2.038703
1.538897
1.605854
1.725514
2.130110
1.693574
2.689600
1.909827
2.687941
1.755734
2.025028
1.854983
2.167524
2.879876
2.325993
1.712364
1.919765
2.380842
2.351661
2.537024
2.075660
2.065057
2.033678
1.265531
2.260220
1.938820
1.786212
2.152581
1.952476
1.815842
2.791723
1.968328
2.044967
2.083071
2.692395
1.575682
2.286658
1.890528
2.131766
1.715677
1.494849
2.038892
2.208686
1.827386
1.650739
2.600556
1.900092
2.293286
2.141968
2.303986
2.277323
1.816715
1.698860
2.215615
1.859104
1.268453
1.942243
1.856538
1.575612
1.503369
2.487401
2.101459
2.677354
1.926618
2.665264
1.897813
2.426093
2.373903
1.455460
1.597155
2.053534
1.764660
2.877523
1.772523
2.007405
1.539560
2.112695
2.079397
2.514874
1.556904
1.469890
2.299366
1.915707
2.151221
2.193576
2.045791
1.584409
1.909991
2.174311
1.691975
2.299515
1.613483
2.493162
1.964557
2.120725
1.992534
1.970903
2.060148
1.864481
2.072181
2.318345
1.768150
1.786369
1.238522
2.039362
1.633161
1.754259
1.755149
2.529444
2.268982
1.929251
1.616882
1.721919
1.816994
2.248128
1.689733
1.714172
1.733534
1.620370
2.135421
2.273835
1.300488
1.277631
1.331544
1.931535
1.791963
1.798627
1.995885
1.604668
1.402364
1.623427
2.171472
1.783749
1.905574
1.626298
1.285007
1.470546
1.392486
2.137459
1.514608
1.933026
2.437234
