2.249797
2.145200
2.749620
2.065900
1.508521
2.760274
3.017731
1.838230
2.290649
2.295495
2.516676
2.168250
1.508080
1.634730
2.306781
2.178860
1.882441
2.184242
1.918040
2.365909
2.461051
2.197263
2.800673
2.380765
1.728288
1.945135
2.249168
2.211975
2.915704
2.782930
2.921864
2.261035
2.223520
2.261488
1.793830
2.129425
1.717873
2.200961
1.825103
1.801872
2.159873
2.066070
2.508891
2.085466
1.985634
2.008816
2.589920
2.475289
1.580255
2.161968
2.063028
2.053721
1.984231
2.259418
1.564223
2.245382
2.053063
2.653016
2.765229
1.886070
1.788086
2.131617
1.496663
2.012550
2.071328
2.449982
2.011088
1.969672
2.501821
1.677191
2.193250
1.400328
1.422952
2.456380
2.826019
1.515896
3.123944
2.326018
1.537168
2.587709
2.956965
1.818558
2.038934
2.144217
1.486499
2.473705
1.922349
2.626790
1.938707
1.751968
2.988308
1.859965
2.553808
1.815213
1.653366
2.086585
1.874659
2.452197
2.072681
1.971076
1.952927
2.677027
2.098313
1.447864
1.919672
2.446740
1.785184
2.225657
1.889975
1.933034
2.451302
1.097471
2.257793
1.342534
1.635004
1.674610
1.778905
1.835986
2.019607
1.765591
1.734638
1.948911
2.140245
1.973123
1.817817
2.084018
1.553223
2.486041
1.744756
1.929205
3.385085
1.864871
2.645930
1.594389
1.603308
1.526448
2.526850
1.546526
3.322246
1.540520
2.105846
1.976345
1.305093
1.715033
1.632851
1.828554
2.363199
1.857607
2.387584
1.805067
2.904256
1.627720
2.155173
1.430526
1.787440
2.123429
1.861882
2.296438
2.524861
2.116415
2.362051
1.526663
1.498494
2.027206
1.726503
1.469605
1.473790
1.546048
2.034971
2.724452
1.678145
1.418233
1.734454
2.036357
1.548611
2.016111
1.951044
1.707556
1.558038
1.803169
1.765130
1.272152
2.578944
2.293106
2.497539
2.204231
2.162145
1.909581
1.541237
1.961953
1.794344
1.868570
1.545782
1.666387
2.507912
2.144945
1.803524
1.809934
1.953705
2.140723
1.889822
2.140113
1.739315
2.317661
1.693619
2.680255
1.507060
2.486855
2.304216
1.563841
1.916554
2.105104
1.650341
2.324889
2.116894
2.084394
1.715159
1.867198
1.883137
2.170800
2.030763
1.873449
1.611742
2.053325
2.378617
2.459969
2.115970
2.413834
2.163098
1.904650
2.032022
1.557228
1.790313
2.402166
1.965146
2.120120
1.459166
1.982943
2.008999
1.790357
1.727172
1.493286
1.915510
