1.810437
2.195648
2.494756
1.942339
1.680834
1.751791
2.324987
1.931661
2.107279
1.940189
1.984742
1.497919
2.396266
2.234015
1.997381
1.549104
2.189774
2.179090
2.136297
2.733622
1.608325
1.532341
2.696262
2.204767
2.521831
1.976836
2.527056
1.861994
2.240422
2.260183
1.604781
2.219721
1.972401
1.481019
1.714591
1.482343
2.012694
2.859126
1.717831
2.166075
1.786994
2.642188
1.694059
1.948745
1.494787
1.625192
2.018233
1.894960
2.181924
1.619273
2.320732
1.897255
1.820322
2.266547
2.654912
1.330482
1.655569
1.593699
1.758137
1.385865
1.584762
1.854346
2.370990
2.000332
1.784891
1.671913
1.417274
1.506254
2.618019
1.438151
1.604645
1.969372
2.374073
2.153095
2.061202
1.435797
1.570448
1.769056
2.289672
1.472400
1.650429
2.685071
2.035510
1.895784
1.636482
2.060650
2.489356
1.901243
1.895421
2.035922
1.830294
2.361697
2.406642
2.207048
1.430749
1.533847
2.256629
2.364488
2.397577
1.625619
1.775284
1.907952
1.769171
2.113112
2.107957
1.423368
1.374582
1.096355
1.665228
2.088643
1.861128
1.708192
1.623198
2.685052
1.593779
2.392670
1.953676
1.614910
0.973537
2.227688
2.141164
1.789417
1.960586
1.691138
1.501395
1.518263
1.393103
2.626740
2.241208
1.658365
1.658233
2.145297
1.727118
1.943562
1.665346
1.376179
1.632247
1.913592
2.075562
1.778199
1.875456
2.009064
2.283362
1.489162
1.552491
1.400038
1.236029
1.871583
2.278622
2.354015
2.338485
2.414053
2.221731
2.438497
1.941052
1.771052
1.816852
1.516746
1.854386
1.805458
1.780897
2.397133
2.189168
2.160874
1.408112
2.168030
2.474900
2.440182
2.105756
1.679733
1.635106
2.089499
1.486740
1.601841
1.729092
1.915482
1.490126
1.417443
1.462260
1.913664
2.040156
1.521999
1.306714
