2.247945
3.321004
2.454280
2.413399
3.663886
2.403855
2.487606
2.763990
2.743155
2.773929
2.896255
2.834656
2.748926
2.914333
2.391502
3.413040
2.510709
2.863795
2.669618
3.474135
3.624850
2.047485
2.441605
2.689944
2.220486
3.041729
3.450389
2.629041
2.138895
2.329774
3.515425
3.129508
3.417642
2.264469
2.703343
2.112775
2.109913
2.435744
2.425004
2.710941
3.198422
2.696512
2.529149
2.533080
2.909402
3.016693
2.963241
2.894654
2.063832
2.825292
2.122017
2.370383
2.296435
2.873290
2.168889
2.267589
1.961964
3.201828
2.000737
3.123642
2.817354
3.715958
3.292417
2.714639
2.034686
2.503266
2.845772
3.053905
2.454093
2.179452
2.460113
2.524209
4.822159
3.215822
3.110757
3.089943
2.500916
2.257006
2.165190
2.701256
3.271029
2.865370
2.701241
2.315387
2.278268
2.989587
2.543733
1.739039
2.407390
1.881844
2.916304
2.725004
3.603646
2.463003
3.591086
3.159936
3.437769
3.340529
4.083783
2.407660
