1.903786
1.852453
2.277675
2.363954
1.328544
1.569128
2.353478
1.781893
2.330204
2.126848
2.418265
2.437872
1.854275
2.108828
2.021477
1.733772
2.678652
1.951911
1.960478
2.080221
1.994491
1.878180
1.312155
2.816415
1.758191
2.348698
2.363278
1.373939
2.011186
1.686039
1.543804
2.945565
1.571604
1.617630
1.431917
2.269892
2.023451
2.559131
1.905468
1.983209
1.772133
2.358778
1.814792
2.032342
1.886292
1.625139
1.748216
1.753319
2.002940
1.877594
1.732327
1.982039
2.300079
2.030989
2.550533
1.831287
1.497771
1.746842
1.644576
2.128272
1.738728
1.872917
1.995278
1.836995
1.631765
2.437041
2.317758
1.598406
2.296888
1.698332
2.063868
1.544006
1.807019
1.887064
1.833423
1.382990
2.219718
1.775983
2.238797
1.355927
1.361953
2.126872
1.314129
1.666331
2.090236
1.669290
2.123292
2.005146
1.736731
1.923258
1.764951
2.564579
1.604176
1.835850
2.242798
1.491105
2.090453
1.803128
1.929056
1.980592
2.065713
1.661982
1.528944
1.906058
1.845017
1.248122
2.140236
1.348921
1.411913
1.927869
2.013321
1.486170
1.749845
1.737961
1.332975
1.520904
1.075625
1.905084
1.332064
1.286155
1.925732
2.869550
2.252875
2.237219
1.886766
1.464202
1.509511
1.820456
1.794776
1.742015
1.836748
2.310136
1.931778
2.076840
2.234228
2.049817
1.552529
1.758696
2.024710
1.582940
1.845418
1.304252
1.824533
1.304861
1.625299
2.154149
1.522655
1.808813
1.801976
1.319738
2.881057
1.427076
2.478576
2.266506
1.737920
1.114269
1.920496
2.352111
1.391171
3.124641
4.068048
1.618275
1.773522
1.651359
1.434768
1.937719
2.133723
1.943148
2.229517
1.865155
1.679109
2.033485
1.487133
1.716893
1.407350
2.106415
2.135946
1.606164
2.170552
1.670851
1.378360
2.382878
3.405884
2.136495
2.044273
2.650669
1.973481
2.013355
2.312421
1.586489
1.896173
1.433411
1.978475
1.617232
1.497149
1.156440
1.565099
2.552213
1.740565
1.434431
1.616198
2.194730
1.838373
1.189535
2.129341
2.248614
1.463165
2.103449
1.314551
2.317882
1.467972
2.478291
2.391851
1.403464
1.900652
2.030434
3.215301
1.722096
2.074389
1.319617
1.813498
1.934463
1.850779
1.601197
1.373434
1.748543
1.803177
1.472931
1.277481
1.652659
2.086674
2.157482
3.923641
1.502196
1.327889
1.333895
1.646432
1.295708
1.563598
2.013614
2.214334
1.823393
2.454881
2.022467
1.846280
1.530646
1.853871
1.449358
1.605722
1.986466
1.657089
1.345706
1.573465
2.144176
1.679627
1.627506
2.134837
1.901480
1.551778
1.784363
2.128962
1.464179
2.243564
1.695183
1.840034
1.690715
2.160321
1.830981
1.913444
1.477718
1.368776
1.470460
1.679417
1.754638
1.664896
2.339084
1.783772
2.125119
1.728567
1.377444
1.520713
1.967402
2.269022
2.112303
1.579111
1.712094
1.470039
1.269786
1.969186
2.333963
1.726819
1.632035
1.442866
1.780669
2.010851
1.819767
1.666057
1.824684
1.363458
1.469146
2.152617
1.900669
