6.056898
2.668670
3.203452
3.423402
4.282573
3.000048
3.653624
4.475998
2.882235
3.730807
5.206631
4.303214
4.249948
2.974826
8.932222
2.981314
4.527400
2.692692
2.614301
3.931057
3.491028
5.415140
4.181545
4.577734
4.286502
2.995404
4.493674
4.588454
10.585876
3.381304
3.016747
6.157458
3.568810
3.861566
4.527273
3.317926
4.473325
4.425973
2.734915
6.453047
4.487379
6.864500
7.175004
7.543877
3.349700
2.477152
2.745508
3.025502
5.568552
2.802382
3.080825
3.088314
4.333335
4.117138
4.024152
3.030687
2.320884
3.125821
2.786646
2.820986
2.477708
5.311013
4.170664
2.850807
3.918813
3.618130
2.533164
2.628139
3.269812
3.149757
3.764140
3.846317
5.759602
5.237563
2.871835
4.224423
3.611816
2.587724
3.492229
3.706097
4.825376
2.539378
3.849802
2.346849
2.146722
4.783925
6.450000
3.453323
3.056043
3.719376
3.542893
3.023220
3.178879
3.467133
3.320360
3.946616
2.553799
2.356780
3.172199
3.102406
4.063225
2.641845
2.214306
1.687472
2.384017
2.759902
3.277587
3.778335
2.942289
3.788515
2.695175
4.659030
3.543070
3.946016
2.035594
3.905286
2.512272
1.761340
3.866417
1.927925
2.386554
3.668300
3.716726
4.467622
3.378880
4.266503
2.894462
3.995114
2.675475
2.360733
3.481605
2.315244
4.196870
2.917182
3.392136
3.066805
2.373968
2.268977
3.997580
3.007281
2.376482
2.843889
4.417814
2.861338
3.005493
2.446598
4.465913
2.801041
2.534523
2.653169
2.732415
3.805788
2.505208
3.657820
2.477675
2.392164
2.384868
2.850883
2.584355
2.952273
3.258762
