12818377036473040896.000000
10190472777832595456.000000
8149441096854798336.000000
6552620359835713536.000000
5302031986112593920.000000
4320546609386487808.000000
3547656730391347200.000000
2936909082365263872.000000
2438789083296694272.000000
2048136725116485632.000000
1733536761595822080.000000
1479172717969145856.000000
1272415466240868352.000000
1103347755125833728.000000
964183667909853184.000000
848940967984627712.000000
752872170299850752.000000
672295628889391104.000000
604311862871326720.000000
546609389566427136.000000
497321994144972800.000000
455026564963237888.000000
418520408099127296.000000
386851071605080064.000000
359242128473194496.000000
335056652233342976.000000
313781170955354112.000000
294990311078232064.000000
278319825015537664.000000
263465749341798400.000000
250178512097378304.000000
238268602145308672.000000
227536939161485312.000000
217849159389020160.000000
209062343496171520.000000
201072433015291904.000000
193781193454387200.000000
187118994803654656.000000
181003253431926784.000000
175373513379545088.000000
170177444764975104.000000
165370878144544768.000000
160912117975744512.000000
156760688486776832.000000
152890682434912256.000000
149278855457144832.000000
145887119783493632.000000
142707847552040960.000000
139713611101634560.000000
136886277080350720.000000
134212917636628480.000000
131681137494851584.000000
129281728245137408.000000
127000250207436800.000000
124823973098684416.000000
122744788020625408.000000
120759207459815424.000000
118856957854482432.000000
117030110694998016.000000
115271235687940096.000000
113581836071862272.000000
111956431468494848.000000
110386423353311232.000000
108868770889465856.000000
107397770360389632.000000
105976660171423744.000000
104593302744989696.000000
103249141190098944.000000
101947757509476352.000000
100680871006175232.000000
99451204689461248.000000
98248673976123392.000000
97075366220267520.000000
95926788886102016.000000
94810191878422528.000000
93720275207585792.000000
92647315067633664.000000
91603474805948416.000000
90582217482305536.000000
89580837267308544.000000
88597392835739648.000000
87635543499735040.000000
86692377271468032.000000
85765257041018880.000000
84854784103809024.000000
83963277742178304.000000
83088856760451072.000000
82228884048707584.000000
81382019577151488.000000
80549397217148928.000000
79732649056272384.000000
78931912533475328.000000
78140899816636416.000000
77361457741692928.000000
76595587763404800.000000
75844999278755840.000000
75103636383858688.000000
74378242177368064.000000
73658010521567232.000000
72949615795634176.000000
72253143898914816.000000
71567233326776320.000000
70893185454309376.000000
70225309449846784.000000
69571658377068544.000000
68927378922930176.000000
68287299946807296.000000
67659465922445312.000000
67041338524172288.000000
66432608514342912.000000
65831673870155776.000000
65242047874859008.000000
64658245855215616.000000
64081272833572864.000000
63511992098357248.000000
62689437141696512.000000
61229929945104384.000000
59502348069765120.000000
57632491107778560.000000
55697780139622400.000000
53736801151483904.000000
51790313383002112.000000
49879216145039360.000000
48011068580036608.000000
46206838718332928.000000
44468652568739840.000000
42800800803586048.000000
41208957074669568.000000
39688083385352192.000000
38242633616719872.000000
36868050808471552.000000
35563278398652416.000000
34325307762671616.000000
33153215482560512.000000
32042530497363968.000000
30989750261252096.000000
29994735187787776.000000
29052228237000704.000000
28160296673607680.000000
27313122964406272.000000
26512246855172096.000000
25751752028454912.000000
25030206112661504.000000
24345764419338240.000000
23696137730916352.000000
23077205026275328.000000
22489859658612736.000000
21930828862849024.000000
21398523501084672.000000
20890950708494336.000000
20407801247432704.000000
19945317021515776.000000
19504120801001472.000000
19082771624361984.000000
18679607339253760.000000
18293154771894272.000000
17923647998001152.000000
17568136375042048.000000
17228418420572160.000000
16901569261862912.000000
16587057396711424.000000
16284724985069568.000000
15994181184913408.000000
15713986108456960.000000
15444391011287040.000000
15183916277170176.000000
14933197561266176.000000
14689817870729216.000000
14455829126184960.000000
14228817556013056.000000
14009370496991232.000000
13797093885870080.000000
13591679558746112.000000
13392340462862336.000000
13198486040215552.000000
13010173199122432.000000
12827945252945920.000000
12650698395090944.000000
12478866417254400.000000
12311406716125184.000000
12148520081424384.000000
11990645673558016.000000
11836444536471552.000000
11686485753331712.000000
11540093940531200.000000
11397244402008064.000000
11257663333597184.000000
11121243361116160.000000
10988787643449344.000000
10859252503543808.000000
10732568148180992.000000
10609201655054336.000000
10488572129837056.000000
10370106194395136.000000
10254604860129280.000000
10141656883920896.000000
10031712163594240.000000
9923550928437248.000000
9817982779785216.000000
9714212074946560.000000
9613026940420096.000000
9512888704172032.000000
9415036464267264.000000
9319049313910784.000000
9224939064262656.000000
9132785172217856.000000
9042425502760960.000000
8953266813534208.000000
8866225543184384.000000
8780942525071360.000000
8697056981942272.000000
8614575893118976.000000
8533504627310592.000000
8454145979711488.000000
8376020524597248.000000
8299172285382656.000000
8223932511420416.000000
8149911434428416.000000
8076509906468864.000000
8004650271768576.000000
7933914307887104.000000
7864876466700288.000000
7796823246766080.000000
7729879739006976.000000
7663628794724352.000000
7598599768637440.000000
7534810377486336.000000
7471578258341888.000000
7409506317238272.000000
7348355646619648.000000
7287681717370880.000000
7228188367257600.000000
7169635614982144.000000
7111800122245120.000000
7054362987724800.000000
6998297558384640.000000
6942632097873920.000000
6888085476343808.000000
6834122433495040.000000
6780771423485952.000000
6728738431565824.000000
6677523630915584.000000
6626579413204992.000000
6576506000113664.000000
6526983953448960.000000
6478270971248640.000000
6430079290703872.000000
6382615607115776.000000
6335652824088576.000000
6289281135935488.000000
6243739987083264.000000
6198223534292992.000000
6154256490954752.000000
6110320049258496.000000
6066730426171392.000000
6024319234736128.000000
5981742150189056.000000
5939963392688128.000000
5898522326990848.000000
5857825901248512.000000
5817523538755584.000000
5778175195873280.000000
5738593314144256.000000
5699491931881472.000000
5661040700293120.000000
5622982995083264.000000
5585646307508224.000000
5548849712070656.000000
5512385439727616.000000
5476425289170944.000000
5440715320459264.000000
5405652818067456.000000
5370645613379584.000000
5336156489121792.000000
5302006667280384.000000
5268373315256320.000000
5235156038189056.000000
5202095527428096.000000
5169315263283200.000000
5137188371038208.000000
5105155431202816.000000
5073634666217472.000000
5042083836461056.000000
5011280331014144.000000
4980448908279808.000000
4950067383369728.000000
4919982211203072.000000
4890183728103424.000000
4860684282101760.000000
4831389920788480.000000
4802421976989696.000000
4773838969634816.000000
4745566810537984.000000
4717537853964288.000000
4689726866980864.000000
4662220822675456.000000
4635030995337216.000000
4608002229272576.000000
4581372358295552.000000
4555088769056768.000000
4528725722923008.000000
4502798079098880.000000
4477015390420992.000000
4451584889061376.000000
4426761588703232.000000
4402193302028288.000000
4377441405501440.000000
4353142091153408.000000
4329060746395648.000000
4305242468384768.000000
4281732354277376.000000
4258177679884288.000000
4234924726943744.000000
4212032819691520.000000
4189154065776640.000000
4166581596717056.000000
4144275952500736.000000
4122119826833408.000000
4100170128031744.000000
4078454773383168.000000
4056942355939328.000000
4035370345824256.000000
4014195083313152.000000
3993181418946560.000000
3972335258304512.000000
3951595934973952.000000
3931099008860160.000000
3910807167434752.000000
3890717726343168.000000
3870674456150016.000000
3851083768135680.000000
3831617902608384.000000
3812265853714432.000000
3793087482560512.000000
3773968972513280.000000
3755285596340224.000000
3736424784330752.000000
3717825965326336.000000
3699693955579904.000000
3681201705451520.000000
3662933062057984.000000
3645033785851904.000000
3627196249800704.000000
3609413474582528.000000
3591885713047552.000000
3574516328431616.000000
3557311494750208.000000
3540152026660864.000000
3523227708030976.000000
3506431969984512.000000
3489551943204864.000000
3473141410037760.000000
3456537871777792.000000
3440160356171776.000000
3423955981434880.000000
3407935753420800.000000
3391870159814656.000000
3375965090611200.000000
3360409255936000.000000
3344725914419200.000000
3329241483575296.000000
3314141183868928.000000
3298965453799424.000000
3283967964872704.000000
3269153817362432.000000
3254426106068992.000000
3239740539142144.000000
3225214422876160.000000
3210776890310656.000000
3196450490023936.000000
3182229316435968.000000
3168124912271360.000000
3154062384037888.000000
3140231247167488.000000
3126344544157696.000000
3112608165003264.000000
3098938089406464.000000
3085420216713216.000000
3071972942544896.000000
3058602709352448.000000
3045397027094528.000000
3032372270333952.000000
3019352882282496.000000
3006350405664768.000000
2993489394532352.000000
2980722067374080.000000
2968021312208896.000000
2955369949167616.000000
2942856561950720.000000
2930414310129664.000000
2918121308422144.000000
2905924406607872.000000
2893642410754048.000000
2881549393461248.000000
2869539591159808.000000
2857606829834240.000000
2845941698658304.000000
2833990683721728.000000
2822249585311744.000000
2810518150578176.000000
2798985894952960.000000
2787524237852672.000000
2776114925666304.000000
2764844126175232.000000
2753426492489728.000000
2742245350440960.000000
2731128096030720.000000
2720068286808064.000000
2709115046461440.000000
2698126641070080.000000
2687264131907584.000000
2676517586862080.000000
2665817212715008.000000
2655145829597184.000000
2644570277937152.000000
2634126528086016.000000
2623641439174656.000000
2613243860221952.000000
2602919564148736.000000
2592690562662400.000000
2582536454668288.000000
2572393084092416.000000
2562312258977792.000000
2552311427629056.000000
2542303080087552.000000
2532503038459904.000000
2522692527849472.000000
2512915571671040.000000
2503266927640576.000000
2493733173985280.000000
2484109494452224.000000
2474570103652352.000000
2465196874399744.000000
2455819887050752.000000
2446436725686272.000000
2437225899884544.000000
2427924074463232.000000
2418765862010880.000000
2409778374508544.000000
2400601103138816.000000
2391720452947968.000000
2382674178080768.000000
2373775811149824.000000
2364950190227456.000000
2356102826033152.000000
2347402564468736.000000
2338709819097088.000000
2330144580567040.000000
2321635445047296.000000
2312924446064640.000000
2304459602395136.000000
2296118775906304.000000
2287531257233408.000000
2279280893493248.000000
2271294401806336.000000
2262942569463808.000000
2254856219787264.000000
2246880331300864.000000
2238917730369536.000000
2230932043988992.000000
2223070374789120.000000
2215243602198528.000000
2207445417984000.000000
2199682935685120.000000
2191969845510144.000000
2184337017536512.000000
2176665937510400.000000
2169071495806976.000000
2161477456756736.000000
2153995221073920.000000
2146614722428928.000000
2139162283081728.000000
2131803259273216.000000
2124451483222016.000000
2117053938925568.000000
2109836112166912.000000
2102619224932352.000000
2095411598721024.000000
2088257122729984.000000
2081361284300800.000000
2074086683443200.000000
2067066022526976.000000
2060028987047936.000000
2053042283216896.000000
2046204963717120.000000
2039263625478144.000000
2032457981362176.000000
2025561203408896.000000
2018855417282560.000000
2012210431787008.000000
2005489613275136.000000
1998778592657408.000000
1992211587661824.000000
1985634650554368.000000
1979066706034688.000000
1972564393984000.000000
1966030809202688.000000
1959759351644160.000000
1953243080949760.000000
1946774725984256.000000
1940420456087552.000000
1934105511985152.000000
1927825867145216.000000
1921769157951488.000000
1915358248173568.000000
1909172421525504.000000
1902973575757824.000000
1896788957069312.000000
1890707954466816.000000
1884678357254144.000000
1878575611379712.000000
1872579300163584.000000
1866643655360512.000000
1860688414769152.000000
1854749951393792.000000
1848830681153536.000000
1842955434328064.000000
1837089851179008.000000
1831351103782912.000000
1825528336089088.000000
1819794688966656.000000
1814107346960384.000000
1808416112640000.000000
1802678304768000.000000
1797036059918336.000000
1791439985967104.000000
1785849683378176.000000
1780391853686784.000000
1775005696262144.000000
1769491092471808.000000
1764079031025664.000000
1758711932518400.000000
1753349397413888.000000
1748056387092480.000000
1742706736889856.000000
1737429564260352.000000
1732137896116224.000000
1726958031339520.000000
1721742598864896.000000
1716537366937600.000000
1711376561078272.000000
1706232800870400.000000
1701244867444736.000000
1696079632400384.000000
1690961641996288.000000
1685920692568064.000000
1680918532063232.000000
1675930330202112.000000
1670950449840128.000000
1666016069287936.000000
1661045449949184.000000
1656138181378048.000000
1651267688464384.000000
1646440279441408.000000
1641628439674880.000000
1636774858194944.000000
1631983016869888.000000
1627187014795264.000000
1622456779407360.000000
1617778888933376.000000
1613019662516224.000000
1608318283939840.000000
1603659183947776.000000
1599021156139008.000000
1594394536837120.000000
1589826570682368.000000
1585190153486336.000000
1580622724202496.000000
1576064958595072.000000
1571587589406720.000000
1567117333757952.000000
1562580908769280.000000
1558112263733248.000000
1553685226192896.000000
1549257920217088.000000
1544882824937472.000000
1540516990681088.000000
1536182026502144.000000
1531861692055552.000000
1527565785235456.000000
1523218741460992.000000
1519015981744128.000000
1514814564204544.000000
1510486310912000.000000
1506252010029056.000000
1502062000996352.000000
1497911586193408.000000
1493697417969664.000000
1489572772970496.000000
1485464368316416.000000
1481286975750144.000000
1477208904302592.000000
1473117008429056.000000
1469076249509888.000000
1465024753172480.000000
1461055666520064.000000
1456960817856512.000000
1452981396439040.000000
1448999156449280.000000
1445035035852800.000000
1441114938671104.000000
1437187862167552.000000
1433281320976384.000000
1429337467256832.000000
1425483136761856.000000
1421627464089600.000000
1417789642375168.000000
1413958665764864.000000
1410114938470400.000000
1406316308332544.000000
1402533918539776.000000
1398766561132544.000000
1395025644617728.000000
1360313987366912.000000
1295595541102592.000000
1214674464931840.000000
1127481796984832.000000
1039635622920192.000000
954335827591168.000000
873569168916480.000000
798382276739072.000000
729290949787648.000000
666376121352192.000000
609486460944384.000000
558260184678400.000000
512300612059136.000000
471193077415936.000000
434427654045696.000000
401578301325312.000000
372255183863808.000000
346045481484288.000000
322596335779840.000000
301576799387648.000000
282734542979072.000000
265780360904704.000000
250517808742400.000000
236748714016768.000000
224301932347392.000000
213023465668608.000000
202778743930880.000000
193454923579392.000000
184952750604288.000000
177180755623936.000000
170060706480128.000000
163513934807040.000000
157493497954304.000000
151936850460672.000000
146804146438144.000000
142050204844032.000000
137644012994560.000000
133544332492800.000000
129722432356352.000000
126180200022016.000000
122811544764416.000000
119682124218368.000000
116739828350976.000000
113978399260672.000000
111367277248512.000000
108903064928256.000000
106573741424640.000000
104365381648384.000000
102275661955072.000000
100283359166464.000000
98387475038208.000000
96595508985856.000000
94857968222208.000000
93214346313728.000000
91637531279360.000000
90129142120448.000000
88680404353024.000000
87292274278400.000000
85956304568320.000000
84665541066752.000000
83425914519552.000000
82230630154240.000000
81075242008576.000000
79963961163776.000000
78880480165888.000000
77837356761088.000000
76825212485632.000000
75842805825536.000000
74890128392192.000000
73969151508480.000000
73069540409344.000000
72195799777280.000000
71350060318720.000000
70520083054592.000000
69715238060032.000000
68931968565248.000000
68166126403584.000000
67420228157440.000000
66691367174144.000000
65983293161472.000000
65284991877120.000000
64607083298816.000000
63945763192832.000000
63295214059520.000000
62661609914368.000000
62042983628800.000000
61430317449216.000000
60837658099712.000000
60250476511232.000000
59682240593920.000000
59119390162944.000000
58570326409216.000000
58033216421888.000000
57507594633216.000000
56981020737536.000000
56474470449152.000000
55971854417920.000000
55480412012544.000000
55000168398848.000000
54526149132288.000000
54062506573824.000000
53602806661120.000000
53152141279232.000000
52712829878272.000000
52275867287552.000000
51849516285952.000000
51427019849728.000000
51013293703168.000000
50614256009216.000000
50205718216704.000000
49814414819328.000000
49422738128896.000000
49041463312384.000000
48664332468224.000000
48300606619648.000000
47930522206208.000000
47569690427392.000000
47219793199104.000000
46864158162944.000000
46519436705792.000000
46182642483200.000000
45845869232128.000000
45515261607936.000000
45193390718976.000000
44869225545728.000000
44552610119680.000000
44242504253440.000000
43932582936576.000000
43631104753664.000000
43329186168832.000000
43033294798848.000000
42741190885376.000000
42452928954368.000000
42168412536832.000000
41889461960704.000000
41610838540288.000000
41339118944256.000000
41066799562752.000000
40802239643648.000000
40536828280832.000000
40281055428608.000000
40022283649024.000000
39766682763264.000000
39515297153024.000000
39268223287296.000000
39024110600192.000000
38782099259392.000000
38543846014976.000000
38307337601024.000000
38072225890304.000000
37842264784896.000000
37617160683520.000000
37393352622080.000000
37165140541440.000000
36944453042176.000000
36725984329728.000000
36510099308544.000000
36300992282624.000000
36089918128128.000000
35877581488128.000000
35671787962368.000000
35467273699328.000000
35267075375104.000000
35065465667584.000000
34868132052992.000000
34672329359360.000000
34479252963328.000000
34287896231936.000000
34097722294272.000000
33910387900416.000000
33725775609856.000000
33541092016128.000000
33359088582656.000000
33180585295872.000000
33000788066304.000000
32825396953088.000000
32650595139584.000000
32476737044480.000000
32305953374208.000000
32137984081920.000000
31969266106368.000000
31803337342976.000000
31637836398592.000000
31474371788800.000000
31318643572736.000000
31153601904640.000000
30995751370752.000000
30837680635904.000000
30682231341056.000000
30528665288704.000000
30375785005056.000000
30224465002496.000000
30074696892416.000000
29926161907712.000000
29779029917696.000000
29635886710784.000000
29489063002112.000000
29345716371456.000000
29204991180800.000000
29063307591680.000000
28923763097600.000000
28785913102336.000000
28648809693184.000000
28513398685696.000000
28386586001408.000000
28245890170880.000000
28113759109120.000000
27981644824576.000000
27852359598080.000000
27723802083328.000000
27595244568576.000000
27469102972928.000000
27343095595008.000000
27222345777152.000000
27095323377664.000000
26975779422208.000000
26854117343232.000000
26731220041728.000000
26610780602368.000000
26492201336832.000000
26374676938752.000000
26258991742976.000000
26143042306048.000000
26027919147008.000000
25914937180160.000000
25802544513024.000000
25688962760704.000000
25578048585728.000000
25468640165888.000000
25358931853312.000000
25251163406336.000000
25143208312832.000000
25035345494016.000000
24930607431680.000000
24824407654400.000000
24723769524224.000000
24615852179456.000000
24513567784960.000000
24410996080640.000000
24310034989056.000000
24209688363008.000000
24109845053440.000000
24017943658496.000000
23912492564480.000000
23815371358208.000000
23719441334272.000000
23622074761216.000000
23526564167680.000000
23432722907136.000000
23338164420608.000000
23245048774656.000000
23152327393280.000000
23060117716992.000000
22968757387264.000000
22878183489536.000000
22788073062400.000000
22699757797376.000000
22611151028224.000000
22521642483712.000000
22435281764352.000000
22347924897792.000000
22261323005952.000000
22175333482496.000000
22090906337280.000000
22005579513856.000000
21924163878912.000000
21838205812736.000000
21755420737536.000000
21675202576384.000000
21594000850944.000000
21511576485888.000000
21430708207616.000000
21350041255936.000000
21272463409152.000000
21191580450816.000000
21112943542272.000000
21034570874880.000000
20958228250624.000000
20880778330112.000000
20806778224640.000000
20727539433472.000000
20652327174144.000000
20577114914816.000000
20502957522944.000000
20431799058432.000000
20355324313600.000000
20281823330304.000000
20211073810432.000000
20139676270592.000000
20068515708928.000000
19994318471168.000000
19924212776960.000000
19853180141568.000000
19783324008448.000000
19713742602240.000000
19645140566016.000000
19576148459520.000000
19507749847040.000000
19440441753600.000000
19373257392128.000000
19310806302720.000000
19241352822784.000000
19173436555264.000000
19107311255552.000000
19041878016000.000000
18977000521728.000000
18913511342080.000000
18850603073536.000000
18784114966528.000000
18720910999552.000000
18658061451264.000000
18595501309952.000000
18532796465152.000000
18471828062208.000000
18411283283968.000000
18348140134400.000000
18287444361216.000000
18227218350080.000000
18166841344000.000000
18107405959168.000000
18047580504064.000000
17988459692032.000000
17931752701952.000000
17873128914944.000000
17813628518400.000000
17755831009280.000000
17699507798016.000000
17642372988928.000000
17585072504832.000000
17528729370624.000000
17473128628224.000000
17419076632576.000000
17360748544000.000000
17305645875200.000000
17251298181120.000000
17199140962304.000000
17143349379072.000000
17088120881152.000000
17035013652480.000000
16981246869504.000000
16927978160128.000000
16875374247936.000000
16822998925312.000000
16771045130240.000000
16719003254784.000000
16667048411136.000000
16617433989120.000000
16564428472320.000000
16513657470976.000000
16464375447552.000000
16413045555200.000000
16362677207040.000000
16312889769984.000000
16263647592448.000000
16214756687872.000000
16165280677888.000000
16117931180032.000000
16068310466560.000000
16019707920384.000000
15971699916800.000000
15924526579712.000000
15877179179008.000000
15829369356288.000000
15782510592000.000000
15737387220992.000000
15689809133568.000000
15642841317376.000000
15597609943040.000000
15555639640064.000000
15505698062336.000000
15460190912512.000000
15415612801024.000000
15370169614336.000000
15327530319872.000000
15281929846784.000000
15237537333248.000000
15193584173056.000000
15149305954304.000000
15105649541120.000000
15062512173056.000000
15019082252288.000000
14976740753408.000000
14933591851008.000000
14891764154368.000000
14848729546752.000000
14806610345984.000000
14766730903552.000000
14723645964288.000000
14681944096768.000000
14640631250944.000000
14599646609408.000000
14558930403328.000000
14519064592384.000000
14477986627584.000000
14438053707776.000000
14397667803136.000000
14358365077504.000000
14319343370240.000000
14279164035072.000000
14239333875712.000000
14200252399616.000000
14161444601856.000000
14124127879168.000000
14083953786880.000000
14045941858304.000000
14007653105664.000000
13969458724864.000000
13931372347392.000000
13894960545792.000000
13856399163392.000000
13819111800832.000000
13781742649344.000000
13746060656640.000000
13709403488256.000000
13671173455872.000000
13635724247040.000000
13598904549376.000000
13562245283840.000000
13526304292864.000000
13490434605056.000000
13455098642432.000000
13419417698304.000000
13384012529664.000000
13348775133184.000000
13314310537216.000000
13278886494208.000000
13244426092544.000000
13209676283904.000000
13175487463424.000000
13141946662912.000000
13106875990016.000000
13072778395648.000000
13039174680576.000000
13005670580224.000000
12972223102976.000000
12941305839616.000000
12905711927296.000000
12872391327744.000000
12839354892288.000000
12806928728064.000000
12773983518720.000000
12741434671104.000000
12709981585408.000000
12678252724224.000000
12645010767872.000000
12612914905088.000000
12581169266688.000000
12550030753792.000000
12517800673280.000000
12486522699776.000000
12455165034496.000000
12424891596800.000000
12392975040512.000000
12362347184128.000000
12331449843712.000000
12301825474560.000000
12270532820992.000000
12239997239296.000000
12210426347520.000000
12179989331968.000000
12149885763584.000000
12119877615616.000000
12093428334592.000000
12060517728256.000000
12031152357376.000000
12002190688256.000000
11977842753536.000000
11943448412160.000000
11914737352704.000000
11885429653504.000000
11857583669248.000000
11828641923072.000000
11801075908608.000000
11772774842368.000000
11743113773056.000000
11715512107008.000000
11686589235200.000000
11658700259328.000000
11630935015424.000000
11602976833536.000000
11575300718592.000000
11547946516480.000000
11521130233856.000000
11493102845952.000000
11467170512896.000000
11439400026112.000000
11412089864192.000000
11385287213056.000000
11358336712704.000000
11331782574080.000000
11305315467264.000000
11281007378432.000000
11252877230080.000000
11226324140032.000000
11201516929024.000000
11174984810496.000000
11148526092288.000000
11124437155840.000000
11099323760640.000000
11071330975744.000000
11045738381312.000000
11020595625984.000000
10995172900864.000000
10974527488000.000000
10945251246080.000000
10919821180928.000000
10895353708544.000000
10870281207808.000000
10845079732224.000000
10822351847424.000000
10796027346944.000000
10771859767296.000000
10747184676864.000000
10723273998336.000000
10698584227840.000000
10674944081920.000000
10650908622848.000000
10626885746688.000000
10603248746496.000000
10579362185216.000000
10556303998976.000000
10532411146240.000000
10508396658688.000000
10486415360000.000000
10462071619584.000000
10444562497536.000000
10416690298880.000000
10393403523072.000000
10369587216384.000000
10347141398528.000000
10324532002816.000000
10301236838400.000000
10278602276864.000000
10256460546048.000000
10234030456832.000000
10214655918080.000000
10188928057344.000000
10166683566080.000000
10145090240512.000000
10122841554944.000000
10100777418752.000000
10078733205504.000000
10056877735936.000000
10034987663360.000000
10015086739456.000000
9991833518080.000000
9971088490496.000000
9948775841792.000000
9927811661824.000000
9906109284352.000000
9885415636992.000000
9864675852288.000000
9842883297280.000000
9822022926336.000000
9800829108224.000000
9780120780800.000000
9760271237120.000000
9738682105856.000000
9718939516928.000000
9697684881408.000000
9677038419968.000000
9656809291776.000000
9637055168512.000000
9616088891392.000000
9596261367808.000000
9578417750016.000000
9555725516800.000000
9535759581184.000000
9518009286656.000000
9496390795264.000000
9476149084160.000000
9457222287360.000000
9436863135744.000000
9417687826432.000000
9397805776896.000000
9378437529600.000000
9359518072832.000000
9339730395136.000000
9322135289856.000000
9301782429696.000000
9285292523520.000000
9264615653376.000000
9244490334208.000000
9225836167168.000000
9206933487616.000000
9188114694144.000000
9169028513792.000000
9151078989824.000000
9131597496320.000000
9113112150016.000000
9094542917632.000000
9076127825920.000000
9058050375680.000000
9040599973888.000000
9021487579136.000000
9003067244544.000000
8986046758912.000000
8968700166144.000000
8949002665984.000000
8931208331264.000000
8913302847488.000000
8895295651840.000000
8878187085824.000000
8859731099648.000000
8842246094848.000000
8824532500480.000000
8806964658176.000000
8789606006784.000000
8772224286720.000000
8755283492864.000000
8737465565184.000000
8720254238720.000000
8703149342720.000000
8686087962624.000000
8670551212032.000000
8652016058368.000000
8635508850688.000000
8617827762176.000000
8601027477504.000000
8584271757312.000000
8567397023744.000000
8550679576576.000000
8535098261504.000000
8517573935104.000000
8500930936832.000000
8486624690176.000000
8468360069120.000000
8452079878144.000000
8435312099328.000000
8419038724096.000000
8403064193024.000000
8387831529472.000000
8370801606656.000000
8354428616704.000000
8338698403840.000000
8322245197824.000000
8306356649984.000000
8290413576192.000000
8274827542528.000000
8258748678144.000000
8243006406656.000000
8227340156928.000000
8212348141568.000000
8196653580288.000000
8181301379072.000000
8165711675392.000000
8150773137408.000000
8134443663360.000000
8118923165696.000000
8104194342912.000000
8088239210496.000000
8072976662528.000000
8057925926912.000000
8042937581568.000000
8028522283008.000000
8012559286272.000000
7997629661184.000000
7982696890368.000000
7969360576512.000000
7953194680320.000000
7939633971200.000000
7923272515584.000000
7908554702848.000000
7893887746048.000000
7879679541248.000000
7864670224384.000000
7850128048128.000000
7835722711040.000000
7822214430720.000000
7806773624832.000000
7793394319360.000000
7778312126464.000000
7763762610176.000000
7749596348416.000000
7735348297728.000000
7721338798080.000000
7707382775808.000000
7693461880832.000000
7679113166848.000000
7665028169728.000000
7651282911232.000000
7637737930752.000000
7623792394240.000000
7609350881280.000000
7597407076352.000000
7581893918720.000000
7568085745664.000000
7554729508864.000000
7541010989056.000000
7528752611328.000000
7513712361472.000000
7500232916992.000000
7487493767168.000000
7473264066560.000000
7460076650496.000000
7446629187584.000000
7433927262208.000000
7420157362176.000000
7406602420224.000000
7393705459712.000000
7381025554432.000000
7367877459968.000000
7354838941696.000000
7341007175680.000000
7328597278720.000000
7314958974976.000000
7302009061376.000000
7289051283456.000000
7276078301184.000000
7263213322240.000000
7250635653120.000000
7238394576896.000000
7225259065344.000000
7213807566848.000000
7199725715456.000000
7187150667776.000000
7174505365504.000000
7163355332608.000000
7149668794368.000000
7137202274304.000000
7124385005568.000000
7112036974592.000000
7100183871488.000000
7087494529024.000000
7075248209920.000000
7062738173952.000000
7050561060864.000000
7038139105280.000000
7026551291904.000000
7013813190656.000000
7001843171328.000000
6989668679680.000000
6977632075776.000000
6966640377856.000000
6953750233088.000000
6941686890496.000000
6929800757248.000000
6918116474880.000000
6906075676672.000000
6894301741056.000000
6883025354752.000000
6870835658752.000000
6859031838720.000000
6847988760576.000000
6836219543552.000000
6824339177472.000000
6812497608704.000000
6801171939328.000000
6789469306880.000000
6778219659264.000000
6766536949760.000000
6755303030784.000000
6743577329664.000000
6732392693760.000000
6720812220416.000000
6709501231104.000000
6698441375744.000000
6687140347904.000000
6675732889600.000000
6664566079488.000000
6653401890816.000000
6642771951616.000000
6632472313856.000000
6620092825600.000000
6609057087488.000000
6598870695936.000000
6587038040064.000000
6577402675200.000000
6565516541952.000000
6554324566016.000000
6544413949952.000000
6532714463232.000000
6521891061760.000000
6511962095616.000000
6500664213504.000000
6490336788480.000000
6479315730432.000000
6468149444608.000000
6457520029696.000000
6446883799040.000000
6436294230016.000000
6425882918912.000000
6415460597760.000000
6405310906368.000000
6394312916992.000000
6384371892224.000000
6373371281408.000000
6362976747520.000000
6352992206848.000000
6342512738304.000000
6332138651648.000000
6321716854784.000000
6311794180096.000000
6301285351424.000000
6291190185984.000000
6280734310400.000000
6270761828352.000000
6260632059904.000000
6250325606400.000000
6240246169600.000000
6230209724416.000000
6220223610880.000000
6210221768704.000000
6200272879616.000000
6190236434432.000000
6180636721152.000000
6170566721536.000000
6160554917888.000000
6150931611648.000000
6141534797824.000000
6131797721088.000000
6121444605952.000000
6111494668288.000000
6101843050496.000000
6092769722368.000000
6082378334208.000000
6072861458432.000000
6063041544192.000000
6053544067072.000000
6043942780928.000000
6034257608704.000000
6025188999168.000000
6015508021248.000000
6005767274496.000000
5996464832512.000000
5986964209664.000000
5977463586816.000000
5968089841664.000000
5958860275712.000000
5950567612416.000000
5941287714816.000000
5930654105600.000000
5921345372160.000000
5912235868160.000000
5902813888512.000000
5894423707648.000000
5884408758272.000000
5876086210560.000000
5866816274432.000000
5857466646528.000000
5848092901376.000000
5838989164544.000000
5830241419264.000000
5820676833280.000000
5811664846848.000000
5802785505280.000000
5794726150144.000000
5784941363200.000000
5775895822336.000000
5766955139072.000000
5758818189312.000000
5749285060608.000000
5740421971968.000000
5731895476224.000000
5722644414464.000000
5714372722688.000000
5706374184960.000000
5696674332672.000000
5688434622464.000000
5678947631104.000000
5670950141952.000000
5662083907584.000000
5652939276288.000000
5644455772160.000000
5635825991680.000000
5627152171008.000000
5618877333504.000000
5610774986752.000000
5601635598336.000000
5593539543040.000000
5584853663744.000000
5576208154624.000000
5567853625344.000000
5559713529856.000000
5551246802944.000000
5542693568512.000000
5534411915264.000000
5526751019008.000000
5517677166592.000000
5509256052736.000000
5501012148224.000000
5493149401088.000000
5484442550272.000000
5476209655808.000000
5468295528448.000000
5459872317440.000000
5451676123136.000000
5444719345664.000000
5435662794752.000000
5427359645696.000000
5419697176576.000000
5411973365760.000000
5403123908608.000000
5395142148096.000000
5387100094464.000000
5380280156160.000000
5371547090944.000000
5363513425920.000000
5355374379008.000000
5347308208128.000000
5340367683584.000000
5332782284800.000000
5323986829312.000000
5316022894592.000000
5308538683392.000000
5300650246144.000000
5292481839104.000000
5285350473728.000000
5277057810432.000000
5269005271040.000000
5261282508800.000000
5253766840320.000000
5245903568896.000000
5238493806592.000000
5230849163264.000000
5223098089472.000000
5215276761088.000000
5207693459456.000000
5200632348672.000000
5192537866240.000000
5186114813952.000000
5177466683392.000000
5170539266048.000000
5162583719936.000000
5155226386432.000000
5147550810112.000000
5140682113024.000000
5133477871616.000000
5125829558272.000000
5118622171136.000000
5111486087168.000000
5103516385280.000000
5096680194048.000000
5090087796736.000000
5081192202240.000000
5074606620672.000000
5066770612224.000000
5059437920256.000000
5052068528128.000000
5045109129216.000000
5037962035200.000000
5030663421952.000000
5023957254144.000000
5016184160256.000000
5009010851840.000000
5002413211648.000000
4995164405760.000000
4987641397248.000000
4981301182464.000000
4973624033280.000000
4966506299392.000000
4959818481664.000000
4953157402624.000000
4945512235008.000000
4938967547904.000000
4931489628160.000000
4924513976320.000000
4917975580672.000000
4911838789632.000000
4904996831232.000000
4896930136064.000000
4890121207808.000000
4883230490624.000000
4876292587520.000000
4869508300800.000000
4862769102848.000000
4856489705472.000000
4848943104000.000000
4842129457152.000000
4835352510464.000000
4828648964096.000000
4821881978880.000000
4815968534528.000000
4808756428800.000000
4801972666368.000000
4795125465088.000000
4789046870016.000000
4781803307008.000000
4775300562944.000000
4768623755264.000000
4763809742848.000000
4755286917120.000000
4748748521472.000000
4742190202880.000000
4738003763200.000000
4729047351296.000000
4722663096320.000000
4716671533056.000000
4709557469184.000000
4703493554176.000000
4696602836992.000000
4690239029248.000000
4684355469312.000000
4678206619648.000000
4670880219136.000000
4664945278976.000000
4659013484544.000000
4651711725568.000000
4645911527424.000000
4638972051456.000000
4632643371008.000000
4626587844608.000000
4619909464064.000000
4614435897344.000000
4607346475008.000000
4601088573440.000000
4595178274816.000000
4588623626240.000000
4582342131712.000000
4576092094464.000000
4570090045440.000000
4564210679808.000000
4557722091520.000000
4551361953792.000000
4545360953344.000000
4539098333184.000000
4534335700992.000000
4526880849920.000000
4520893480960.000000
4514617229312.000000
4509210771456.000000
4502597926912.000000
4496428630016.000000
4490498932736.000000
4484726521856.000000
4478624333824.000000
4472369577984.000000
4466422054912.000000
4460477677568.000000
4454613516288.000000
4448596787200.000000
4442513473536.000000
4436661370880.000000
4431503425536.000000
4424900018176.000000
4419327885312.000000
4413061595136.000000
4408098684928.000000
4401805656064.000000
4395773460480.000000
4389636669440.000000
4383644057600.000000
4378369458176.000000
4372021641216.000000
4366669971456.000000
4360484159488.000000
4354701524992.000000
4348945629184.000000
4343319756800.000000
4337878695936.000000
4331968659456.000000
4326207258624.000000
4320657670144.000000
4315065090048.000000
4309068808192.000000
4303461285888.000000
4297759129600.000000
4292029448192.000000
4287041372160.000000
4280776654848.000000
4275211075584.000000
4269611417600.000000
4264593457152.000000
4258535309312.000000
4253218242560.000000
4247788716032.000000
4243963510784.000000
4236323586048.000000
4230734413824.000000
4225276313600.000000
4219789639680.000000
4214251061248.000000
4208855875584.000000
4203458068480.000000
4197968510976.000000
4192691814400.000000
4187253637120.000000
4181450817536.000000
4176049602560.000000
4171726848000.000000
4165243502592.000000
4160441548800.000000
4154817773568.000000
4149179580416.000000
4143819784192.000000
4138450550784.000000
4133122736128.000000
4128169787392.000000
4122642743296.000000
4117175992320.000000
4112040853504.000000
4107000086528.000000
4102491996160.000000
4096255590400.000000
4090871414784.000000
4085597339648.000000
4080452763648.000000
4075192057856.000000
4070354190336.000000
4064996229120.000000
4059907227648.000000
4055240540160.000000
4049450041344.000000
4044204015616.000000
4039148830720.000000
4034093645824.000000
4028699246592.000000
4023908302848.000000
4018494242816.000000
4013486768128.000000
4008452554752.000000
4003437215744.000000
3998243618816.000000
3993366167552.000000
3988234698752.000000
3983018819584.000000
3978022617088.000000
3972851302400.000000
3968471924736.000000
3963594997760.000000
3958170976256.000000
3953372430336.000000
3947937660928.000000
3942925729792.000000
3939008249856.000000
3933121282048.000000
3928786206720.000000
3923239501824.000000
3918202404864.000000
3913449209856.000000
3908437016576.000000
3903529156608.000000
3898940325888.000000
3893762981888.000000
3888921706496.000000
3884039536640.000000
3879571030016.000000
3874543632384.000000
3869599334400.000000
3865721962496.000000
3860731789312.000000
3855174074368.000000
3851244535808.000000
3845619187712.000000
3841015152640.000000
3836109389824.000000
3832134762496.000000
3826836307968.000000
3821786890240.000000
3817248391168.000000
3812386930688.000000
3807699271680.000000
3803083964416.000000
3798320545792.000000
3793803804672.000000
3789279985664.000000
3784173682688.000000
3779687612416.000000
3774763237376.000000
3770581516288.000000
3765888090112.000000
3760906567680.000000
3756387729408.000000
3751646593024.000000
3747509436416.000000
3742467096576.000000
3738538868736.000000
3733356019712.000000
3729154637824.000000
3724276662272.000000
3719673413632.000000
3715168993280.000000
3711243911168.000000
3706539737088.000000
3701847883776.000000
3697627889664.000000
3692519227392.000000
3688235008000.000000
3683888398336.000000
3678999674880.000000
3674529857536.000000
3670234890240.000000
3666248728576.000000
3661254623232.000000
3656775368704.000000
3652559831040.000000
3648261455872.000000
3643625177088.000000
3639356686336.000000
3634837323776.000000
3631384887296.000000
3625971613696.000000
3621618450432.000000
3617367261184.000000
3613026418688.000000
3608799608832.000000
3605247819776.000000
3599841886208.000000
3595931484160.000000
3591171735552.000000
3588910481408.000000
3582887198720.000000
3578242007040.000000
3573927378944.000000
3570127863808.000000
3565759758336.000000
3561125576704.000000
3556885921792.000000
3553301102592.000000
3549270638592.000000
3544282038272.000000
3539950632960.000000
3536548003840.000000
3531866374144.000000
3527310049280.000000
3523071705088.000000
3518979112960.000000
3514950746112.000000
3510539386880.000000
3506441027584.000000
3502320123904.000000
3498510385152.000000
3494509543424.000000
3489928052736.000000
3485937696768.000000
3482109607936.000000
3477600731136.000000
3473416126464.000000
3469231783936.000000
3465381150720.000000
3461660016640.000000
3457123352576.000000
3452905455616.000000
3448911953920.000000
3445200519168.000000
3440881958912.000000
3436716752896.000000
3432914616320.000000
3429242241024.000000
3424667828224.000000
3420897411072.000000
3416669814784.000000
3412721664000.000000
3408949673984.000000
3404604637184.000000
3400850735104.000000
3396936400896.000000
3392655327232.000000
3388996321280.000000
3384735170560.000000
3381861548032.000000
3377319641088.000000
3373047480320.000000
3369200779264.000000
3365011456000.000000
3361411170304.000000
3357248323584.000000
3353518800896.000000
3349431451648.000000
3345674665984.000000
3341638696960.000000
3337905242112.000000
3334166020096.000000
3330298871808.000000
3326179016704.000000
3322545963008.000000
3318523363328.000000
3314664603648.000000
3310865088512.000000
3307039621120.000000
3303283621888.000000
3299438755840.000000
3296336019456.000000
3291779694592.000000
3288003772416.000000
3284222083072.000000
3281185144832.000000
3276673122304.000000
3272875966464.000000
3269113413632.000000
3265461223424.000000
3261895278592.000000
3258082394112.000000
3254254567424.000000
3250571444224.000000
3246765637632.000000
3243070455808.000000
3240128413696.000000
3235676160000.000000
3232406962176.000000
3228317515776.000000
3225178603520.000000
3220932132864.000000
3217281515520.000000
3213893828608.000000
3209924968448.000000
3206443958272.000000
3202861760512.000000
3199171821568.000000
3195360509952.000000
3191697047552.000000
3188058488832.000000
3184489922560.000000
3181067894784.000000
3177246883840.000000
3174174818304.000000
3170576105472.000000
3166423482368.000000
3162848362496.000000
3159274553344.000000
3155967868928.000000
3152168878080.000000
3148752355328.000000
3145033580544.000000
3141497520128.000000
3137992654848.000000
3134432739328.000000
3131242446848.000000
3127441096704.000000
3123879084032.000000
3120303702016.000000
3117560889344.000000
3113420062720.000000
3109859098624.000000
3106348728320.000000
3102934564864.000000
3099393261568.000000
3096013438976.000000
3092461125632.000000
3089027563520.000000
3085960740864.000000
3082222043136.000000
3079357857792.000000
3075861905408.000000
3071837470720.000000
3069201088512.000000
3065132875776.000000
3061499822080.000000
3058119475200.000000
3054745944064.000000
3051844796416.000000
3047956152320.000000
3044571873280.000000
3041256275968.000000
3038329438208.000000
3034477494272.000000
3031125458944.000000
3027782074368.000000
3024453107712.000000
3021138034688.000000
3017698181120.000000
3014666485760.000000
3011071180800.000000
3007694766080.000000
3004453355520.000000
3001129107456.000000
2997711273984.000000
2994473271296.000000
2991093710848.000000
2987859902464.000000
2984527790080.000000
2982704316416.000000
2978133835776.000000
2975853969408.000000
2971351908352.000000
2968233705472.000000
2965556690944.000000
2961603297280.000000
2958421917696.000000
2955194925056.000000
2951854686208.000000
2949287510016.000000
2945708982272.000000
2942798659584.000000
2939646115840.000000
2935845552128.000000
2932715290624.000000
2929632739328.000000
2926284898304.000000
2923006263296.000000
2920278392832.000000
2916953882624.000000
2913502494720.000000
2910646173696.000000
2907740307456.000000
2903919558656.000000
2900829405184.000000
