95366492878872248320.000000
87996149778540920832.000000
84040326844128428032.000000
81159412865308819456.000000
78956378591338692608.000000
77047344930542845952.000000
75463406071754784768.000000
74035369165692338176.000000
72764597606773948416.000000
71548594921058336768.000000
70428781910587080704.000000
69389554306338783232.000000
68394206012131770368.000000
67446730454198124544.000000
66574672597836890112.000000
65737785919424954368.000000
64933739454311432192.000000
64148287929846857728.000000
63375982166403973120.000000
62665534927139766272.000000
61978384140244877312.000000
61320124120881430528.000000
60689642163282116608.000000
60081295573773189120.000000
59484819311797731328.000000
58910496010098704384.000000
58357340506257620992.000000
57832886653948002304.000000
57319295976520810496.000000
56813102813325295616.000000
56318933909291139072.000000
55831793083581726720.000000
55351258123731992576.000000
54880473632997376000.000000
54415630903099260928.000000
53972945531524087808.000000
53535898455576150016.000000
53107950937859686400.000000
52698356468234059776.000000
52297074306514419712.000000
51900616801817460736.000000
51508847614701338624.000000
51121401707305631744.000000
50738802447165161472.000000
50366723314279251968.000000
50006219839810568192.000000
49655216145805869056.000000
49310268561846960128.000000
48968263271003979776.000000
48639403741182689280.000000
48314225376291192832.000000
47991765004143558656.000000
47672581176646696960.000000
47358587044032937984.000000
47049483539139526656.000000
46743115619176022016.000000
46439993457537712128.000000
46144629449944989696.000000
45852546385049550848.000000
45562310499688775680.000000
45275456712095039488.000000
44990933889152188416.000000
44712801427789971456.000000
44438763547729592320.000000
44169435975482605568.000000
43902223863607459840.000000
43637813307359887360.000000
43376490179763109888.000000
43117045018026573824.000000
42859816471731634176.000000
42609330130738216960.000000
42361121977837551616.000000
42118169490517655552.000000
41877477599104466944.000000
41639468516063051776.000000
41403333000835366912.000000
41170627961886343168.000000
40939000444332539904.000000
40716485679149744128.000000
40495950034896945152.000000
40284883384782553088.000000
40075404429458669568.000000
39867785847808983040.000000
39662098008577671168.000000
39461437136508551168.000000
39262517890857828352.000000
39064882874788347904.000000
38872868562160058368.000000
38684302317996474368.000000
38496026344902623232.000000
38314109947063828480.000000
38133856010806231040.000000
37955554807199563776.000000
37779465820987981824.000000
37607959599240970240.000000
37436906376284602368.000000
37269894958071939072.000000
37104480030742806528.000000
36940221789646094336.000000
36776407751247003648.000000
36614722367359287296.000000
36453085361983193088.000000
36292932697304596480.000000
36133776190160764928.000000
35975512486458687488.000000
35821624839035158528.000000
35668126418727862272.000000
35515245923955376128.000000
35363715629461798912.000000
35213601505944797184.000000
35063724876939395072.000000
34918299071003230208.000000
34773612136880930816.000000
34629512341967863808.000000
34486404306543050752.000000
34344745427443646464.000000
34203922177181351936.000000
34064334777988677632.000000
33928147068749086720.000000
33792766401044283392.000000
33657931091106856960.000000
33524399801959972864.000000
33390905896208433152.000000
33258454327480025088.000000
33126737232518971392.000000
32995677645511327744.000000
32865768147666337792.000000
32736518356798013440.000000
32607706171557543936.000000
32482469598130601984.000000
32357430936796659712.000000
32233355447648649216.000000
32110163965849370624.000000
31987964243538345984.000000
31866160345413320704.000000
31744818242171961344.000000
31624061079116578816.000000
31503897652340195328.000000
31384895309842743296.000000
31266086481391779840.000000
31147992335498870784.000000
31030999900256993280.000000
30916998136642666496.000000
30803368007958528000.000000
30690749429971943424.000000
30578240803148136448.000000
30466545814928883712.000000
30355490742476996608.000000
30244906261001797632.000000
30136555987154239488.000000
30029219463027490816.000000
29921803774063542272.000000
29815252301239025664.000000
29709954271670173696.000000
29604029520473489408.000000
29499065742439481344.000000
29394222910684528640.000000
29290862220603817984.000000
29187209060430118912.000000
29087500947976880128.000000
29001791817568485376.000000
28921698992554770432.000000
28841942618099154944.000000
28764495218061869056.000000
28687907636117504000.000000
28611216700080128000.000000
28534785248786907136.000000
28458415370144841728.000000
28382746979921297408.000000
28307294093976797184.000000
28232149071288074240.000000
28157094208552828928.000000
28082364801259405312.000000
28008013625965936640.000000
27933877954951512064.000000
27859946793099853824.000000
27786413654457450496.000000
27713502839396368384.000000
27640367723963219968.000000
27567982475460214784.000000
27495500469933965312.000000
27423148206779793408.000000
27351424864276709376.000000
27279756497355014144.000000
27208184887456563200.000000
27137305969883611136.000000
27066440246450192384.000000
26995809818505117696.000000
26925718151257653248.000000
26855369198289289216.000000
26785624976716201984.000000
26715860963933814784.000000
26646585134314160128.000000
26577419255857283072.000000
26508471080702705664.000000
26440085855501549568.000000
26371689635184115712.000000
26303102099843448832.000000
26235202858781769728.000000
26167578495627034624.000000
26100246602565287936.000000
26032861932945408000.000000
25965853296302227456.000000
25899222891659001856.000000
25832759612783198208.000000
25766274343674839040.000000
25700112330985046016.000000
25634207604016152576.000000
25568626133465825280.000000
25503224982822453248.000000
25437964569667436544.000000
25373234121117007872.000000
25308554250101456896.000000
25244098679457972224.000000
25179900394535387136.000000
25115517391659335680.000000
25051708333852983296.000000
24988004829162897408.000000
24924571804333244416.000000
24861754506015145984.000000
24798715106348236800.000000
24736027550402215936.000000
24673597280177094656.000000
24611039466603151360.000000
24549222723866329088.000000
24487089321780707328.000000
24425820135834517504.000000
24364276071981383680.000000
24302872745616605184.000000
24242184101809881088.000000
24181095235770646528.000000
24120622096242966528.000000
24060388650250141696.000000
24000106825745694720.000000
23940113073287725056.000000
23880235869062299648.000000
23820730299767062528.000000
23761407249402036224.000000
23702444838850920448.000000
23643513214625382400.000000
23584926837050966016.000000
23526307474127716352.000000
23467833246739333120.000000
23409779032792760320.000000
23351946920194998272.000000
23294097215411191808.000000
23236715902580817920.000000
23179495118448099328.000000
23122430464966524928.000000
23065211879857061888.000000
23008602424189386752.000000
22951874221265911808.000000
22896190554388824064.000000
22839684452814159872.000000
22783655539285950464.000000
22727888309525151744.000000
22672387161578274816.000000
22617479749910396928.000000
22562381023219286016.000000
22507761683597885440.000000
22453155538116018176.000000
22398852857843417088.000000
22344585361942904832.000000
22290423419158659072.000000
22236846416560390144.000000
22183291404194676736.000000
22129769377177796608.000000
22076616786067849216.000000
22023325656492802048.000000
21970432550127009792.000000
21917759346086772736.000000
21865369816046501888.000000
21813041858657386496.000000
21761674874430947328.000000
21710362865785896960.000000
21659371914536157184.000000
21608260017007362048.000000
21557761646966865920.000000
21507052170693836800.000000
21456784698095173632.000000
21406321512426766336.000000
21356546621037346816.000000
21306545230252605440.000000
21256671382816686080.000000
21207076811334221824.000000
21157594390037790720.000000
21108393443718070272.000000
21059720262979682304.000000
21010728223869239296.000000
20962679565735428096.000000
20915127886857371648.000000
20867675164025815040.000000
20820528105426780160.000000
20773143552316145664.000000
20726018483949666304.000000
20679133109118042112.000000
20632463238565462016.000000
20585821955315204096.000000
20539605083553267712.000000
20493394808861097984.000000
20447147150773583872.000000
20401154579383713792.000000
20355190595296165888.000000
20309591649069039616.000000
20263957518469824512.000000
20218532295079886848.000000
20173375352527126528.000000
20128354749416210432.000000
20083485878909927424.000000
20038546639659466752.000000
19993781123246194688.000000
19949338863251488768.000000
19904999957349793792.000000
19860689638750420992.000000
19816775144337047552.000000
19772669334900441088.000000
19728726253184745472.000000
19685016267934138368.000000
19641499796730019840.000000
19598137257153789952.000000
19554803304879882240.000000
19511638677396652032.000000
19468803903401754624.000000
19425676659313868800.000000
19383094772993359872.000000
19340385343324028928.000000
19298001369096519680.000000
19255714151892254720.000000
19213481910269378560.000000
19171513551437168640.000000
19129490217023569920.000000
19087664794702970880.000000
19046017493266071552.000000
19004431764480327680.000000
18962969180996894720.000000
18921834251978539008.000000
18880582774727639040.000000
18839654553895305216.000000
18798765915481571328.000000
18757780520044593152.000000
18717166759537803264.000000
18676695935542624256.000000
18636192126198611968.000000
18596046757645254656.000000
18555853010580275200.000000
18515960529701306368.000000
18475933908403748864.000000
18436212951338713088.000000
18396738284878299136.000000
18357305399859740672.000000
18317691095422599168.000000
18278310986962173952.000000
18239312409036587008.000000
18200242362855194624.000000
18161512065766785024.000000
18122389243027259392.000000
18083775494171394048.000000
18045305781338767360.000000
18006710724180574208.000000
17968687413068824576.000000
17930255083631542272.000000
17892188891566309376.000000
17854263436989431808.000000
17816354475086970880.000000
17778685206719365120.000000
17741074212468031488.000000
17703652334216675328.000000
17666330511523446784.000000
17628751403109318656.000000
17591795717788139520.000000
17554706991559999488.000000
17517766699401609216.000000
17480904472568791040.000000
17444343511921983488.000000
17407549454810087424.000000
17371251277442318336.000000
17334961896167571456.000000
17298353656520769536.000000
17262427114083188736.000000
17226453292645613568.000000
17190369520045260800.000000
17154596909235568640.000000
17118885871077031936.000000
17083140748058034176.000000
17047700189759930368.000000
17012287119252520960.000000
16977139031047405568.000000
16941963455051595776.000000
16906873640962752512.000000
16871801419059953664.000000
16837070045761765376.000000
16802221024719405056.000000
16767696359607238656.000000
16733074937471827968.000000
16698698706429411328.000000
16664175140828872704.000000
16629996821879455744.000000
16595832796581199872.000000
16561869981910827008.000000
16528017118403231744.000000
16494033413011931136.000000
16460233326062469120.000000
16426729007740878848.000000
16393278565489049600.000000
16359736863772114944.000000
16326312809799352320.000000
16293198818105622528.000000
16259972676225859584.000000
16226918058160029696.000000
16194088839977893888.000000
16161311298842263552.000000
16128475483590361088.000000
16095825485803552768.000000
16063251354319060992.000000
16030912518322913280.000000
15998525303815143424.000000
15966263433632940032.000000
15934008160520503296.000000
15902012372152221696.000000
15869995693063012352.000000
15838051581741236224.000000
15806353761024081920.000000
15774721911004594176.000000
15742990005426978816.000000
15711507688988868608.000000
15680086945201913856.000000
15648705783833559040.000000
15617623689627959296.000000
15586448136933998592.000000
15555443008542343168.000000
15524504950359982080.000000
15493631763363659776.000000
15462888318739415040.000000
15432106391208198144.000000
15401324463676981248.000000
15371091192448024576.000000
15340687496916762624.000000
15310220029711089664.000000
15279871309761216512.000000
15249752387741548544.000000
15219814885140463616.000000
15189766331864973312.000000
15159767256612732928.000000
15130006775383719936.000000
15100305667782606848.000000
15070777183507054592.000000
15041136549045469184.000000
15011604766235033600.000000
14982250004796669952.000000
14952922731149000704.000000
14923597656524587008.000000
14894583743690833920.000000
14865526949903597568.000000
14836558117046583296.000000
14807601378817474560.000000
14778812865867415552.000000
14750151896266178560.000000
14721477732525408256.000000
14692842051691610112.000000
14664470253648478208.000000
14636108351209996288.000000
14597075688423948288.000000
14169171051660967936.000000
13622905087679528960.000000
13028810367889833984.000000
12409503846475235328.000000
11785686028851871744.000000
11171474644320387072.000000
10575820817042505728.000000
10011090754295824384.000000
9479938677149794304.000000
8983077618895028224.000000
8520140892403662848.000000
8094580414431100928.000000
7696026141059973120.000000
7323444531360169984.000000
6975681647878340608.000000
6654712213497970688.000000
6355452636208037888.000000
6076729737101705216.000000
5822073498259947520.000000
5584545451555684352.000000
5363105458989039616.000000
5156318657885765632.000000
4963390651094794240.000000
4784761243267235840.000000
4617719038728994816.000000
4461293443590651904.000000
4314710401666252800.000000
4177245609671000064.000000
4048194280651489280.000000
3926834310346178560.000000
3812635459272572928.000000
3705104871343521792.000000
3603698288303276032.000000
3510648818267848704.000000
3422542477632995328.000000
3339226159404548096.000000
3260121795344203776.000000
3185133178184531968.000000
3113816654983725056.000000
3046013346311569408.000000
2981461293522747392.000000
2919912006989381632.000000
2861184891926609920.000000
2805062519910039552.000000
2751404978085036032.000000
2700059159457431552.000000
2650862336306315264.000000
2603696036253794304.000000
2558380764026634240.000000
2514875013060886528.000000
2455692150428401664.000000
2397901269516681216.000000
2336360779076337664.000000
2273463628726272000.000000
2210560431062253568.000000
2148397891918495744.000000
2087507762605981696.000000
2028252607083970560.000000
1970851090727436288.000000
1915413439577063424.000000
1862034074193887232.000000
1810736634077904896.000000
1761564687377367040.000000
1714439344132980736.000000
1669342737280794624.000000
1626195014788841472.000000
1584962504113520640.000000
1545539239821705216.000000
1507871070965727232.000000
1471880207097921536.000000
1437499165692133376.000000
1404614284733841408.000000
1373197938993397760.000000
1343158319249883136.000000
1314402791648657408.000000
1286902081692631040.000000
1260554896873095168.000000
1235334436594122752.000000
1211157275410956288.000000
1187969262375927808.000000
1165722843611136000.000000
1144367166703796224.000000
1123859007103041536.000000
1104131913074868224.000000
1085165131337302016.000000
1066921553372905472.000000
1049342080431685632.000000
1032398949845041152.000000
1016075325341171712.000000
1000314650790723584.000000
985104213090500608.000000
970410202257948672.000000
956216125618651136.000000
942475597525811200.000000
929186556395126784.000000
916319796448985088.000000
903852640260063232.000000
891776497893769216.000000
880053367479468032.000000
868682561822392320.000000
857635699778650112.000000
846906321717428224.000000
836477179050065920.000000
826340300317261824.000000
816470534190530560.000000
806873515666964480.000000
797515366044532736.000000
788409966657536000.000000
779538625808302080.000000
770879284544798720.000000
762434141890281472.000000
754194745349111808.000000
746150099805011968.000000
738289897336471552.000000
730617917514711040.000000
723117667665313792.000000
715777946513571840.000000
708607343994077184.000000
701596789135900672.000000
694722505000091648.000000
688004901271240704.000000
681421369241501696.000000
674965036963201024.000000
668645593882558464.000000
662457336283004928.000000
656383427892740096.000000
650430465781530624.000000
644592127757516800.000000
638858793093955584.000000
633229637157126144.000000
627709882627260416.000000
622289427741278208.000000
616971708473016320.000000
611748615924219904.000000
606609567295471616.000000
601556692890550272.000000
596591641976897536.000000
591716338699862016.000000
586925903976595456.000000
582208586776576000.000000
577565898928291840.000000
573007736036392960.000000
568511729911201792.000000
564096194293268480.000000
559745942178234368.000000
555460801767407616.000000
551247816807153664.000000
547097194772037632.000000
543008592064675840.000000
538981149691609088.000000
535011397319262208.000000
531098682112606208.000000
527241079926292480.000000
523445016031395840.000000
519701316377772032.000000
516011286635479040.000000
512370597477482496.000000
508783268993171456.000000
505239199419465728.000000
501748765397352448.000000
498304132906483712.000000
494903790118371328.000000
491555090017026048.000000
488246522090094592.000000
484987878863011840.000000
481760984034181120.000000
478579615858688000.000000
475439479369236480.000000
472339268895768576.000000
469277403890319360.000000
466255499260592128.000000
463271837019668480.000000
460319545219874816.000000
457409103581413376.000000
454529413908791296.000000
451690646684565504.000000
448883284261208064.000000
446106708163428352.000000
443366106711719936.000000
440652237136461824.000000
437981626471809024.000000
435330910095671296.000000
432715275012407296.000000
430130529333936128.000000
427570625746305024.000000
425041267966083072.000000
422540875445305344.000000
420070685134553088.000000
417625852310716416.000000
415204074871324672.000000
412815145341812736.000000
410447999886426112.000000
408106933472460800.000000
405793664086835200.000000
403502522372718592.000000
401236635066302464.000000
398995211893604352.000000
396776363069014016.000000
394579298318548992.000000
392410958309359616.000000
390255503202058240.000000
388125302502457344.000000
386019737735266304.000000
383933929817636864.000000
381869150059888640.000000
379825948217835520.000000
377799513928105984.000000
375797440692879360.000000
373809661108813824.000000
371847307731140608.000000
369900794192855040.000000
367972800553549824.000000
366065560196218880.000000
364175430988595200.000000
362305608386347008.000000
360450663550812160.000000
358616128399867904.000000
356795474583224320.000000
354994852494049280.000000
353208489696296960.000000
351435664635461632.000000
349682836942356480.000000
347945299332825088.000000
346224151318495232.000000
344517262595588096.000000
342827416302911488.000000
341157326859796480.000000
339493800126709760.000000
337849961523707904.000000
336215949805879296.000000
334602038534995968.000000
332998160307716096.000000
331407751097876480.000000
329835518189633536.000000
328276135823540224.000000
326726649062096896.000000
325193586255593472.000000
323670522132955136.000000
322163263489966080.000000
320664938378952704.000000
319182246948896768.000000
317710103958519808.000000
316250433553170432.000000
314804472683429888.000000
313370846959763456.000000
311948010193944576.000000
310538298848182272.000000
309138551826546688.000000
307749731201712128.000000
306370943620481024.000000
305006277891719168.000000
303653981668769792.000000
302309107149307904.000000
300975949300629504.000000
299652102941048832.000000
298338255265333248.000000
297038117125226496.000000
295743132945874944.000000
294461239826841600.000000
293190547982516224.000000
291927380920893440.000000
290672872513339392.000000
289431523885580288.000000
288197596961308672.000000
286974149757239296.000000
285760185840959488.000000
284551685123080192.000000
283360175295823872.000000
282167428517986304.000000
280990315421106176.000000
279818837321318400.000000
278660209763680256.000000
277502630178062336.000000
276360237596803072.000000
275223943869104128.000000
274096910090895360.000000
272976078245462016.000000
271866791272120320.000000
270764015469199360.000000
269666032849780736.000000
268579234325200896.000000
267497297703600128.000000
266424638211358720.000000
265362097662066688.000000
264305346728689664.000000
263257683946110976.000000
262212580964040704.000000
261174899685457920.000000
260149931510071296.000000
259127385696239616.000000
258111471311912960.000000
257105572791320576.000000
256106048002195456.000000
255112707965976576.000000
254124040854175744.000000
253145475505455104.000000
252173747744669696.000000
251205833914843136.000000
250245805644972032.000000
249291790329315328.000000
248345231076884480.000000
247403155770310656.000000
246474274603270144.000000
245538195071041536.000000
244616907406180352.000000
243699244693716992.000000
242789656519770112.000000
241886476437028864.000000
240986285651525632.000000
240093946066239488.000000
239206915060531200.000000
238325244174008320.000000
237450359335813120.000000
236577793779957760.000000
235714316374900736.000000
234854944958578688.000000
234001225719218176.000000
233153278915903488.000000
232310314274652160.000000
231472795651932160.000000
230641393062641664.000000
229813873123786752.000000
228988964525047808.000000
228175016682848256.000000
227360209847189504.000000
226553408830570496.000000
225751452537061376.000000
224954839182868480.000000
224160819988922368.000000
223374239678332928.000000
222591627917524992.000000
221813414203228160.000000
221039495456227328.000000
220268754985025536.000000
219504525684244480.000000
218746996532445184.000000
217990944849395712.000000
217241576135458816.000000
216495660575227904.000000
215751737879822336.000000
215016714356654080.000000
214283065223020544.000000
213553453358645248.000000
212829528030969856.000000
212108351482363904.000000
211392380434120704.000000
210680858971996160.000000
209972807843446784.000000
209269206301016064.000000
208567924040925184.000000
207873359109685248.000000
207180701143924736.000000
206492905081143296.000000
205808012416253952.000000
205129871439953920.000000
204457571619176448.000000
203780701953196032.000000
203111116551749632.000000
202447183327264768.000000
201785191427997696.000000
201128336309616640.000000
200473508415799296.000000
199823387806138368.000000
199177579343642624.000000
198533299889504256.000000
197893779259129856.000000
197257265105862656.000000
196627571360661504.000000
195995833211027456.000000
195369592619532288.000000
194747251858341888.000000
194127900394389504.000000
193512122343227392.000000
192900175402893312.000000
192291389558489088.000000
191685850709360640.000000
191082476523749376.000000
190481782397730816.000000
189887238664880128.000000
189294945494892544.000000
188704748268945408.000000
188116372109131776.000000
187533338888634368.000000
186952693669953536.000000
186374573892042752.000000
185801522175541248.000000
185229758949228544.000000
184661655035052032.000000
184096059381776384.000000
183533281227046912.000000
182972908254003200.000000
182415868175581184.000000
181861765854789632.000000
181310498212413440.000000
180761498312769536.000000
180215350271410176.000000
179674339010936832.000000
179132245418704896.000000
178595185528143872.000000
178060324660838400.000000
177529604142006272.000000
176998729004351488.000000
176471873956085760.000000
175947114851860480.000000
175425843261079552.000000
174907767125966848.000000
174391477697249280.000000
173876889075580928.000000
173365667708272640.000000
172858810027737088.000000
172350354619367424.000000
171846623675023360.000000
171344473278644224.000000
170844865502904320.000000
170349432435376128.000000
169856129671626752.000000
169363703081205760.000000
168874282967891968.000000
168389415519911936.000000
167903087783051264.000000
167422257604329472.000000
166942492577497088.000000
166465390430388224.000000
165988442902102016.000000
165516821133262848.000000
165044976026124288.000000
164576309194784768.000000
164109600868532224.000000
163647754445258752.000000
163184756970749952.000000
162723614922113024.000000
162266716301164544.000000
161810934371713024.000000
161356870429179904.000000
160906448618913792.000000
160456215787208704.000000
160009247130648576.000000
159566813959553024.000000
159121700728864768.000000
158680092191490048.000000
158242606822719488.000000
157805258892902400.000000
157369646129872896.000000
156937847297802240.000000
156506357703376896.000000
156077049952337920.000000
155650216102461440.000000
155224894081073152.000000
154800551312228352.000000
154379043221798912.000000
153960747766906880.000000
153543328485343232.000000
153127558471221248.000000
152716358302302208.000000
152301945497845760.000000
151892068178853888.000000
151482551637114880.000000
151077226983456768.000000
150672967481688064.000000
150268707979919360.000000
149868331128586240.000000
149469122508357632.000000
149071649054916608.000000
148677611575312384.000000
148281684310097920.000000
147889502256365568.000000
147498574333083648.000000
147109433116196864.000000
146721442950545408.000000
146336837219123200.000000
145951853530578944.000000
145569223484112896.000000
145189307856977920.000000
144809392229842944.000000
144432053583085568.000000
144056407153442816.000000
143682100753596416.000000
143309177333219328.000000
142937654072180736.000000
142568475863285760.000000
142202158102609920.000000
141834551851745280.000000
141470123876679680.000000
141107680176504832.000000
140744514921824256.000000
140385902332477440.000000
140025941123399680.000000
139669115240448000.000000
139312598595141632.000000
138958409822109696.000000
138606729309978624.000000
138254911358894080.000000
137905240891457536.000000
137557717907668992.000000
137209962995646464.000000
136863926070542336.000000
136520225607647232.000000
136177796455071744.000000
135836183346282496.000000
135496030526373888.000000
135157458254430208.000000
134820311911628800.000000
134484582908035072.000000
134150692150444032.000000
133818562329444352.000000
133487188422688768.000000
133155393609138176.000000
132825308192571392.000000
132497885655728128.000000
132171450961362944.000000
131846760023719936.000000
131523718353518592.000000
131200247186587648.000000
130879550568529920.000000
130558733691387904.000000
130240888931614720.000000
129923963294842880.000000
129607853701857280.000000
129292259504947200.000000
128978838561488896.000000
128666439820247040.000000
128355776245792768.000000
128044554325590016.000000
127736124134129664.000000
127429978865270784.000000
127121918040997888.000000
126817087032131584.000000
126513510153715712.000000
126210972657385472.000000
125909362873991168.000000
125608002198700032.000000
125309106834636800.000000
125010065441685504.000000
124713575259308032.000000
124418399336923136.000000
124122819687612416.000000
123829095464173568.000000
123536341903343616.000000
123245727236227072.000000
122956023102177280.000000
122665717672706048.000000
122377972043743232.000000
122091617984184320.000000
121805813680439296.000000
121520902729891840.000000
121236756283523072.000000
120953133823164416.000000
120672088343183360.000000
120392125194960896.000000
120112342435364864.000000
119834028554584064.000000
119556960214319104.000000
119280321370783744.000000
119005271665147904.000000
118730419528007680.000000
118457422816739328.000000
118185035990827008.000000
117912855323344896.000000
117643045477810176.000000
117373699488743424.000000
117105882508034048.000000
116838520793858048.000000
116571236389093376.000000
116306434475425792.000000
116042070648422400.000000
115779862895001600.000000
115517242824720384.000000
115255713676132352.000000
114995000571330560.000000
114734802862604288.000000
114475730435309568.000000
114218290095587328.000000
113961262072725504.000000
113705402280968192.000000
113451397915082752.000000
113196895332990976.000000
112942684808675328.000000
112691094214410240.000000
112441015448633344.000000
112190026149789696.000000
111940548679434240.000000
111691595195088896.000000
111443775582109696.000000
111196059048345600.000000
110950112041107456.000000
110706260977909760.000000
110461525151449088.000000
110217648318447616.000000
109975446522691584.000000
109732780870467584.000000
109492443090518016.000000
109252113900503040.000000
109014146942500864.000000
108775097652740096.000000
108537731990159360.000000
108301148011626496.000000
108064460953878528.000000
107829113925926912.000000
107595046798229504.000000
107361769944514560.000000
107129008486875136.000000
106897148972367872.000000
106666681027264512.000000
106435878074712064.000000
106206320662675456.000000
105977630834032640.000000
105750220905644032.000000
105522664948367360.000000
105297041726373888.000000
105071461454053376.000000
104846473887219712.000000
104622310954106880.000000
104399075733929984.000000
104176905665642496.000000
103954503669121024.000000
103733776709844992.000000
103513745535270912.000000
103293808849977344.000000
103074069733179392.000000
102856478100029440.000000
102639006725963776.000000
102423313468358656.000000
102208092657156096.000000
101992828896280576.000000
101777745524031488.000000
101564311419224064.000000
101351246681604096.000000
101138877728686080.000000
100926637624786944.000000
100716175637348352.000000
100506040067424256.000000
100296316814360576.000000
100087418195017728.000000
99878742913974272.000000
99671588051353600.000000
99465232052649984.000000
99258077190029312.000000
99053215839944704.000000
98848766806720512.000000
98643982766047232.000000
98440951072030720.000000
98238658112389120.000000
98035944245952512.000000
97835437992706048.000000
97633918127177728.000000
97433102636285952.000000
97234013722247168.000000
97034830318927872.000000
96837012715208704.000000
96638439197245440.000000
96441746874957824.000000
96245372380250112.000000
96049977138085888.000000
95854710744940544.000000
95660586813095936.000000
95467029816934400.000000
95273558720118784.000000
95081444832968704.000000
94889554284118016.000000
94697620785594368.000000
94508204137906176.000000
94318469662638080.000000
94128022222798848.000000
93939095201382400.000000
93750752295518208.000000
93561782324428800.000000
93374547520126976.000000
93188257608630272.000000
93002946949677056.000000
92817430132293632.000000
92632171012947968.000000
92448612700651520.000000
92264444502999040.000000
92081573385469952.000000
91898736627679232.000000
91717300029227008.000000
91535648682409984.000000
91355225696239616.000000
91175086177910784.000000
90995341796573184.000000
90815923832750080.000000
90636840876376064.000000
90459613345873920.000000
90281355023220736.000000
90104565579382784.000000
89928076783255552.000000
89751682476408832.000000
89576559479881728.000000
89402218167402496.000000
89227275559501824.000000
89054102478127104.000000
88880130532835328.000000
88707721955639296.000000
88534986960928768.000000
88363557636276224.000000
88193356672270336.000000
88022348254412800.000000
87851795103088640.000000
87683672903254016.000000
87513755407089664.000000
87345315379675136.000000
87177270489251840.000000
87010411009802240.000000
86842348939509760.000000
86675781517836288.000000
86509875521126400.000000
86344098373435392.000000
86178664823128064.000000
86014227705233408.000000
85850039695441920.000000
85686762218717184.000000
85523914238722048.000000
85360765611016192.000000
85198862523826176.000000
85036796227878912.000000
84876173040943104.000000
84715756012437504.000000
84556060538437632.000000
84395428761567232.000000
84236377532661760.000000
84077498102448128.000000
83919606514712576.000000
83761079271817216.000000
83604115397017600.000000
83446575996600320.000000
83290307906502656.000000
83134452133265408.000000
82978622129831936.000000
82823118543912960.000000
82668310742695936.000000
82514336165134336.000000
82362002265079808.000000
82207314722947072.000000
82054276448256000.000000
81901727799836672.000000
81749488389062656.000000
81597876043513856.000000
81446804863844352.000000
81295793813716992.000000
81145676116787200.000000
80995635729268736.000000
80846351255994368.000000
80697882826506240.000000
80549148109045760.000000
80401134946091008.000000
80253886287314944.000000
80105744275341312.000000
79959294480482304.000000
79812423778828288.000000
79666540919652352.000000
79520735369887744.000000
79375419446394880.000000
79230490069958656.000000
79086239298355200.000000
78942529692631040.000000
78798201611616256.000000
78654981632163840.000000
78512088070225920.000000
78369383486849024.000000
78228053293006848.000000
78086611430014976.000000
77944602631340032.000000
77803847963115520.000000
77663290863386624.000000
77523335059079168.000000
77384135169015808.000000
77244952458821632.000000
77105752568758272.000000
76967858348752896.000000
76829156674895872.000000
76691941059723264.000000
76554201458540544.000000
76417355210555392.000000
76280612041785344.000000
76144530297978880.000000
76008104956788736.000000
75872006033113088.000000
75737771125243904.000000
75602376576204800.000000
75468167438139392.000000
75334293307523072.000000
75200213018476544.000000
75067034672562176.000000
74935015967817728.000000
74801373765435392.000000
74669131722391552.000000
74537130197516288.000000
74405472270024704.000000
74275145782394880.000000
74144312488624128.000000
74013676763348992.000000
73883650923429888.000000
73754320868212736.000000
73624724525023232.000000
73495506138955776.000000
73366923408048128.000000
73238280547598336.000000
73110273342308352.000000
72982498065252352.000000
72855409982963712.000000
72728356260413440.000000
72601826523873280.000000
72475597435043840.000000
72349729123467264.000000
72223362595684352.000000
72097975320444928.000000
71973356844351488.000000
71848317461463040.000000
71724815676866560.000000
71600356114563072.000000
71476472077877248.000000
71353687552819200.000000
71230374746783744.000000
71107396948197376.000000
70985016150065152.000000
70863803583037440.000000
70741379835232256.000000
70620102843695104.000000
70499345543200768.000000
70378936135057408.000000
70258582561488896.000000
70138366426873856.000000
70019052235390976.000000
69898866165547008.000000
69779702297919488.000000
69660993696825344.000000
69542199196385280.000000
69424267984371712.000000
69306358247194624.000000
69188199401914368.000000
69070573132578816.000000
68953728547291136.000000
68837287688929280.000000
68720627787235328.000000
68604186928873472.000000
68488536344494080.000000
68372993134297088.000000
68257406974427136.000000
68142864491610112.000000
68027905396965376.000000
67913526122905600.000000
67800147576225792.000000
67686004525367296.000000
67572385460518912.000000
67459466475339776.000000
67346672044212224.000000
67233808893607936.000000
67122023779794944.000000
67009955198140416.000000
66898088479948800.000000
66786483754762240.000000
66675518979702784.000000
66564992291307520.000000
66454091940757504.000000
66343986159157248.000000
66233571139911680.000000
66123641451970560.000000
66014119785922560.000000
65904941717258240.000000
65796128720814080.000000
65687401623715840.000000
65578854915244032.000000
65470187947687936.000000
65362706391105536.000000
65254915596877824.000000
65147777637679104.000000
65040798592270336.000000
64933424409870336.000000
64827038069948416.000000
64720857888456704.000000
64614965469773824.000000
64509219079979008.000000
64403644488876032.000000
64298666898227200.000000
64193543278690304.000000
64088728896798720.000000
63984992551698432.000000
63880715040718848.000000
63776622213332992.000000
63672890163200000.000000
63569703573913600.000000
63466684488351744.000000
63363682582659072.000000
63261286267355136.000000
63158907131920384.000000
63056875888836608.000000
62954466688630784.000000
62852684553650176.000000
62751164411674624.000000
62650043701657600.000000
62549361078304768.000000
62448334857568256.000000
62348133270552576.000000
62248120662097920.000000
62148370046648320.000000
62049053222895616.000000
61948898880520192.000000
61850118927679488.000000
61751313205035008.000000
61652245489385472.000000
61553675989942272.000000
61455432908013568.000000
61357486178828288.000000
61259638233890816.000000
61161983562481664.000000
61064629538783232.000000
60967352824496128.000000
60870733240205312.000000
60773933267288064.000000
60677343747768320.000000
60581716300922880.000000
60485745256693760.000000
60390036205469696.000000
60294529017708544.000000
60199270938050560.000000
60104712938061824.000000
60010335326699520.000000
59915541103509504.000000
59820867139403776.000000
59726678506602496.000000
59632434039226368.000000
59539070040145920.000000
59445641616556032.000000
59351976969764864.000000
59259072532185088.000000
59166030655651840.000000
59073267951992832.000000
58980793011142656.000000
58889035329830912.000000
58796723597737984.000000
58705021751001088.000000
58613401508642816.000000
58521858575695872.000000
58431131686535168.000000
58340250178551808.000000
58249802462265344.000000
58159496479899648.000000
58068954274332672.000000
57978643996999680.000000
57889364511817728.000000
57800046371930112.000000
57710242900738048.000000
57621139509215232.000000
57532233686188032.000000
57443160359436288.000000
57355079170129920.000000
57267109649973248.000000
57178139402436608.000000
57090638033715200.000000
57002947686432768.000000
56915463497580544.000000
56827730200625152.000000
56740950386409472.000000
56653826974810112.000000
56567145944842240.000000
56480069777883136.000000
56393929913794560.000000
56307867359117312.000000
56222015257837568.000000
56136055782375424.000000
56050259515670528.000000
55964596392951808.000000
55879440076374016.000000
55794837810577408.000000
55709952076939264.000000
55625654753820672.000000
55540786200051712.000000
55456935553531904.000000
55372930288189440.000000
55289268620230656.000000
55205538232795136.000000
55122275996794880.000000
55038373810667520.000000
54955175999176704.000000
54872661087485952.000000
54790090341220352.000000
54707326321426432.000000
54624927373852672.000000
54543086772027392.000000
54460949817458688.000000
54379242359619584.000000
54297693815570432.000000
54216475984003072.000000
54134854425509888.000000
54054199234658304.000000
53973995015372800.000000
53892893147922432.000000
53812457000402944.000000
53732218421379072.000000
53652426518953984.000000
53571913062023168.000000
53492061030055936.000000
53412741574033408.000000
53333400643174400.000000
53253265143365632.000000
53174409543811072.000000
53095206051905536.000000
53016260258037760.000000
52937761140768768.000000
52859597030948864.000000
52781411446292480.000000
52703251631439872.000000
52625237845475328.000000
52547189699772416.000000
52469480856485888.000000
52392364718686208.000000
52315166976507904.000000
52238927012036608.000000
52161828054106112.000000
52084733391142912.000000
52008012390334464.000000
51932176152788992.000000
51855725734920192.000000
51779198007640064.000000
51703662417805312.000000
51627757460783104.000000
51552432324345856.000000
51476535957258240.000000
51401468518858752.000000
51326504159674368.000000
51251587045130240.000000
51177494564306944.000000
51102762133356544.000000
51028295990378496.000000
50953877092040704.000000
50879660057165824.000000
50806031432810496.000000
50732312614141952.000000
50658920212987904.000000
50585411847716864.000000
50512375928848384.000000
50438828908871680.000000
50365913249087488.000000
50294067036160000.000000
50221615232843776.000000
50148398925348864.000000
50075994366672896.000000
50003448074076160.000000
49931829494415360.000000
49859515130052608.000000
49787780586274816.000000
49716114761973760.000000
49644947153879040.000000
49573624926961664.000000
49501963397627904.000000
49430937523453952.000000
49360220886925312.000000
49289663164186624.000000
49219165570990080.000000
49148925675831296.000000
49078501097078784.000000
49008596209369088.000000
48938498048131072.000000
48869864470740992.000000
48798984625455104.000000
48729380385456128.000000
48660158397546496.000000
48590970769375232.000000
48521959234863104.000000
48452913340612608.000000
48384026360152064.000000
48315208099168256.000000
48246767795306496.000000
48178417685757952.000000
48110518547775488.000000
48042889992732672.000000
47974402444230656.000000
47906524781084672.000000
47839119564341248.000000
47771469534461952.000000
47704279066083328.000000
47637178792017920.000000
47570276086448128.000000
47503042668396544.000000
47436771323019264.000000
47370237984636928.000000
47303554322399232.000000
47236986624278528.000000
47171011631644672.000000
47104740286267392.000000
47038769588600832.000000
46972725876490240.000000
46907279164833792.000000
46841733668929536.000000
46776046439104512.000000
46710797295943680.000000
46645591102455808.000000
46581419996086272.000000
46515457888354304.000000
46450586702315520.000000
46385947444510720.000000
46321376906182656.000000
46257373303537664.000000
46192493527564288.000000
46128275176554496.000000
46064512092078080.000000
46000641633419264.000000
45937089002340352.000000
45873209953746944.000000
45809906430771200.000000
45746443994005504.000000
45683419643904000.000000
45620356639096832.000000
45557632936706048.000000
45494952183988224.000000
45432095337611264.000000
45369388815089664.000000
45306854091259904.000000
45244667259781120.000000
45182630752157696.000000
45120817582833664.000000
45058304333840384.000000
44996555589025792.000000
44935038772445184.000000
44873646509916160.000000
44811953599676416.000000
44750982243942400.000000
44689443952525312.000000
44628176244047872.000000
44567003024850944.000000
44506663029309440.000000
44445889242071040.000000
44385652325744640.000000
44324925783146496.000000
44264641622179840.000000
44204258676965376.000000
44143991695867904.000000
44084283060518912.000000
44024467050987520.000000
43964642451521536.000000
43905045485322240.000000
43845504353697792.000000
43786302524489728.000000
43726787162669056.000000
43667718477447168.000000
43608508058304512.000000
43549568222101504.000000
43490877494001664.000000
43432375744462848.000000
43373723671068672.000000
43315080187609088.000000
43256849021009920.000000
43198196947615744.000000
43139957191081984.000000
43081927887945728.000000
43024117628141568.000000
42966586541211648.000000
42908492813565952.000000
42851322503888896.000000
42794014755258368.000000
42736513733099520.000000
42679321948585984.000000
42621958365380608.000000
42564985624199168.000000
42508034357854208.000000
42451448163729408.000000
42394909214244864.000000
42337983717703680.000000
42281552142401536.000000
42225404034940928.000000
42169131373428736.000000
42113039100542976.000000
42056929647788032.000000
42001077893070848.000000
41945144533975040.000000
41889537592393728.000000
41833956420616192.000000
41778426788446208.000000
41722901451243520.000000
41667539322798080.000000
41612589511213056.000000
41557695534202880.000000
41502762902487040.000000
41448100853710848.000000
41393228351537152.000000
41338832590733312.000000
41284106117447680.000000
41229770486185984.000000
41175507869368320.000000
41121541605294080.000000
41067549571416064.000000
41013677796622336.000000
40944739276554240.000000
40353824791068672.000000
39597571244556288.000000
38752643803250688.000000
37862297082789888.000000
36954345291382784.000000
36049232473358336.000000
35160337451843584.000000
34297590191226880.000000
33467347243106304.000000
32674584327094272.000000
31922097466900480.000000
31210423533436928.000000
30541660618227712.000000
29913298312888320.000000
29326242855518208.000000
28778527151095808.000000
28268772515119104.000000
27794657517764608.000000
27354700395315200.000000
26946624815104000.000000
26568332685606912.000000
26217985760821248.000000
25893440852066304.000000
25592707242000384.000000
25313978896875520.000000
25055516354936832.000000
24815380438450176.000000
24592052876476416.000000
24383800649711616.000000
24189749732311040.000000
24008096238010368.000000
23837963993481216.000000
23678139670462464.000000
23527246731935744.000000
23384613015519232.000000
23249626488373248.000000
23121060937334784.000000
22998469685805056.000000
22880963675553792.000000
22768549349031936.000000
22660107867258880.000000
22555190406152192.000000
22453738983653376.000000
22355137271955456.000000
22259368091189248.000000
22165686264528896.000000
22074242115829760.000000
21984445087088640.000000
21896355307847680.000000
21809788094513152.000000
21724711234830336.000000
21640791868833792.000000
21557774445969408.000000
21475935991627776.000000
21395143361822720.000000
21314874718027776.000000
21235849467265024.000000
21157172108853248.000000
21079362333835264.000000
21002117347016704.000000
20925596062187520.000000
20849673925296128.000000
20774247857127424.000000
20699431674314752.000000
20625191017119744.000000
20551547360378880.000000
20478399772360704.000000
20405636583915520.000000
20333395233996800.000000
20261858258714624.000000
20190591866372096.000000
20119793625464832.000000
20049568762691584.000000
19979754069295104.000000
19910366725144576.000000
19841597856284672.000000
19773024408436736.000000
19705090910715904.000000
19637541812568064.000000
19570422211149824.000000
19503734253944832.000000
19437529480560640.000000
19371711254233088.000000
19306281722445824.000000
19241303162224640.000000
19176571562622976.000000
19112430521024512.000000
19048444098248704.000000
18985170640044032.000000
18921963753832448.000000
18859454799806464.000000
18797078989766656.000000
18735147708841984.000000
18673772626182144.000000
18612659536527360.000000
18551853537034240.000000
18491434084597760.000000
18431418359087104.000000
18371739788509184.000000
18312361865641984.000000
18253308212805632.000000
18194746333724672.000000
18136349810884608.000000
18078404259610624.000000
18020795863269376.000000
17963488114638848.000000
17906414441725952.000000
17849848648695808.000000
17793511562674176.000000
17737439690883072.000000
17681731817570304.000000
17626369689124864.000000
17571164326985728.000000
17516402420219904.000000
17461944382390272.000000
17407797729689600.000000
17353914143735808.000000
17300281813368832.000000
17247115486953472.000000
17194023248723968.000000
17141213404594176.000000
17088807287390208.000000
17036885427748864.000000
16984794990641152.000000
16933247866896384.000000
16881801674883072.000000
16830811823144960.000000
16779945451716608.000000
16729481733472256.000000
16679257459654656.000000
16629275851489280.000000
16579489664335872.000000
16530202767130624.000000
16481073709973504.000000
16431969348878336.000000
16383336360443904.000000
16334913825406976.000000
16286697448800256.000000
16238816079642624.000000
16191132278980608.000000
16143654636748800.000000
16096580721442816.000000
16049508953620480.000000
16002877419945984.000000
15956323195682816.000000
15909933253918720.000000
15863947039080448.000000
15818144434094080.000000
15772566241148928.000000
15727197427859456.000000
15682151810859008.000000
15637168470884352.000000
15592450345140224.000000
15548021055946752.000000
15503805441376256.000000
15459704717180928.000000
15415847732379648.000000
15372229118263296.000000
15328828473737216.000000
15285442861596672.000000
15242549023211520.000000
15199767927717888.000000
15157025486929920.000000
15114771598671872.000000
15072480129449984.000000
15030608493281280.000000
14988794839171072.000000
14947144393818112.000000
14905789227466752.000000
14864688537927680.000000
14823588922130432.000000
14782807133913088.000000
14742244389027840.000000
14701719225106432.000000
14661535511085056.000000
14621536480657408.000000
14581740387434496.000000
14542011939946496.000000
14502576623976448.000000
14463156340391936.000000
14424098981543936.000000
14385142554427392.000000
14346354704777216.000000
14307817036972032.000000
14269398554509312.000000
14231185156734976.000000
14193168253714432.000000
14155222217654272.000000
14117604746592256.000000
14079894933733376.000000
14042607101411328.000000
14005394431016960.000000
13968310609641472.000000
13931437241663488.000000
13894631519420416.000000
13858182279462912.000000
13821849003622400.000000
13785726181179392.000000
13749681741889536.000000
13713565361897472.000000
13677810832900096.000000
13642199111565312.000000
13606813949755392.000000
13571383690788864.000000
13536215424827392.000000
13501309151870976.000000
13466414690074624.000000
13431698469421056.000000
13397219545710592.000000
13362796456574976.000000
13328598853222400.000000
13294409839804416.000000
13260580529897472.000000
13226730818895872.000000
13193080823873536.000000
13159667052052480.000000
13126247911522304.000000
13093068215418880.000000
13060011999625216.000000
13027074969174016.000000
12994273230192640.000000
12961764622729216.000000
12929104617668608.000000
12896848339533824.000000
12864426705158144.000000
12832298202300416.000000
12800339350650880.000000
12768502905569280.000000
12736770613444608.000000
12705318567936000.000000
12673711903604736.000000
12642402665758720.000000
12611176106033152.000000
12580085911519232.000000
12549131008475136.000000
12518330724253696.000000
12487583053381632.000000
12457082343129088.000000
12426574116683776.000000
12396274196152320.000000
12366032257679360.000000
12336132842848256.000000
12306109947707392.000000
12276245966356480.000000
12246636461817856.000000
12217003334959104.000000
12187502278344704.000000
12158081752367104.000000
12128848057466880.000000
12099748580294656.000000
12070697421504512.000000
12041836315017216.000000
12013000978333696.000000
11984271942090752.000000
11955706114605056.000000
11927300274651136.000000
11899015767523328.000000
11870714080526336.000000
11842662575374336.000000
11814665831055360.000000
11786838737944576.000000
11759005202382848.000000
11731261861134336.000000
11703754743087104.000000
11676220781494272.000000
11648895125815296.000000
11621623157227520.000000
11594449972887552.000000
11567342286798848.000000
11540532027195392.000000
11513605803474944.000000
11486861042122752.000000
11460261235916800.000000
11433770951376896.000000
11407365492441088.000000
11381040564142080.000000
11354814420090880.000000
11328706387640320.000000
11302631641186304.000000
11276652457754624.000000
11250884801462272.000000
11225109628977152.000000
11199451494350848.000000
11173943683579904.000000
11148480969965568.000000
11123191128784896.000000
11097854042963968.000000
11072675870932992.000000
11047552459735040.000000
11022558971297792.000000
10997673930784768.000000
10972846872330240.000000
10948122893090816.000000
10923549237706752.000000
10898948738777088.000000
10874572651888640.000000
10850171868938240.000000
10825907451199488.000000
10801798726025216.000000
10777668526014464.000000
10753601676771328.000000
10729709847445504.000000
10705892106305536.000000
10682132347224064.000000
10658486404775936.000000
10634894149419008.000000
10611401752051712.000000
10588038203703296.000000
10564834642886656.000000
10541443177250816.000000
10518298672234496.000000
10495240066564096.000000
10472212599406592.000000
10449354783457280.000000
10426492672540672.000000
10403795917864960.000000
10381109900607488.000000
10358529110048768.000000
10335968720584704.000000
10313629521936384.000000
10291238783680512.000000
10269043466436608.000000
10246752586170368.000000
10224731215101952.000000
10202768899833856.000000
10180824838176768.000000
10158849638006784.000000
10137067711365120.000000
10115356651683840.000000
10093771219795968.000000
10072179345457152.000000
10050722762588160.000000
10029271548428288.000000
10007964215672832.000000
9986651514208256.000000
9965626575552512.000000
9944374003630080.000000
9923317926461440.000000
9902363854766080.000000
9881420520488960.000000
9860559864332288.000000
9839795844939776.000000
9819100545024000.000000
9798504029356032.000000
9777917177364480.000000
9757393676140544.000000
9736939968135168.000000
9716631215276032.000000
9696356822155264.000000
9676110346321920.000000
9656033521696768.000000
9635887977594880.000000
9615940001988608.000000
9596031754829824.000000
9576181489729536.000000
