33878028707519336022016.000000
33878400254488594087936.000000
33878208851504430841856.000000
33878463304883377274880.000000
33878012944920640225280.000000
33878010693120826540032.000000
33878033211118963392512.000000
33878348463092879327232.000000
33878001685921571799040.000000
33878006189521199169536.000000
33877992678722317058048.000000
33878003937721385484288.000000
33877992678722317058048.000000
33878046721917845504000.000000
33878652456067726835712.000000
33877983671523062317056.000000
33877992678722317058048.000000
33878179578106852933632.000000
33878096261513746579456.000000
33877992678722317058048.000000
33877985923322876002304.000000
33877983671523062317056.000000
33878888895048163786752.000000
33878312434295860363264.000000
33877985923322876002304.000000
33879339255010900836352.000000
33878130038510951858176.000000
33878096261513746579456.000000
33878053477317286559744.000000
33877983671523062317056.000000
33877983671523062317056.000000
33877983671523062317056.000000
33877983671523062317056.000000
33878875384249281675264.000000
33878616427270707871744.000000
33878046721917845504000.000000
33879571190391710416896.000000
33877983671523062317056.000000
33877985923322876002304.000000
33878051225517472874496.000000
33878181829906666618880.000000
33878096261513746579456.000000
33877990426922503372800.000000
33877992678722317058048.000000
33878206599704617156608.000000
33877985923322876002304.000000
33877985923322876002304.000000
33877997182321944428544.000000
33877985923322876002304.000000
33879463104000653524992.000000
33877992678722317058048.000000
33878094009713932894208.000000
33877983671523062317056.000000
33878157060108716081152.000000
33878747031659901616128.000000
33877983671523062317056.000000
33877988175122689687552.000000
33877997182321944428544.000000
33877983671523062317056.000000
33878904657646859583488.000000
33877985923322876002304.000000
33681250677200823255040.000000
33681261936199891681280.000000
33683637585003329617920.000000
33681831641552754049024.000000
33681239418201754828800.000000
33681352008192439091200.000000
33681356511792066461696.000000
33681302468596538015744.000000
33681473605382378094592.000000
33681239418201754828800.000000
33681239418201754828800.000000
33681239418201754828800.000000
33681239418201754828800.000000
33681237166401941143552.000000
33681320482995047497728.000000
33681487116181260206080.000000
33681239418201754828800.000000
33681239418201754828800.000000
33681241670001568514048.000000
33681237166401941143552.000000
33681613216970826579968.000000
33681628979569522376704.000000
33681237166401941143552.000000
33681723555161697157120.000000
33681500626980142317568.000000
33682252728117913190400.000000
33682079339532259426304.000000
33681390288789271740416.000000
33681237166401941143552.000000
33681737065960579268608.000000
33681237166401941143552.000000
33681284454198028533760.000000
33681243921801382199296.000000
33681239418201754828800.000000
33682077087732445741056.000000
33681237166401941143552.000000
33681518641378651799552.000000
33681444331984800186368.000000
33681237166401941143552.000000
33681237166401941143552.000000
33681243921801382199296.000000
33681237166401941143552.000000
33681545662976416022528.000000
33681644742168218173440.000000
33681401547788340166656.000000
33681232662802313773056.000000
33681234914602127458304.000000
33681520893178465484800.000000
33681237166401941143552.000000
33681304720396351700992.000000
33681243921801382199296.000000
33681234914602127458304.000000
33681352008192439091200.000000
33681493871580701261824.000000
33681239418201754828800.000000
33681246173601195884544.000000
33681626727769708691456.000000
33681241670001568514048.000000
33681232662802313773056.000000
33681293461397283274752.000000
33681232662802313773056.000000
33681230411002500087808.000000
33681232662802313773056.000000
33681232662802313773056.000000
33681230411002500087808.000000
33681896943747350921216.000000
33681230411002500087808.000000
33681804619954989826048.000000
33681637986768777117696.000000
33681232662802313773056.000000
33681286705997842219008.000000
33681246173601195884544.000000
33681282202398214848512.000000
33682401346905616416768.000000
33681989267539712016384.000000
33681665008366541340672.000000
33681230411002500087808.000000
33681550166576043393024.000000
33681795612755735085056.000000
33682378828907479564288.000000
33681237166401941143552.000000
33681230411002500087808.000000
33681559173775298134016.000000
33681234914602127458304.000000
33681239418201754828800.000000
33681230411002500087808.000000
33681392540589085425664.000000
33681228159202686402560.000000
33681230411002500087808.000000
33681234914602127458304.000000
33681257432600264310784.000000
33681228159202686402560.000000
33681338497393556979712.000000
33681991519339525701632.000000
33681228159202686402560.000000
33681257432600264310784.000000
33681228159202686402560.000000
33681228159202686402560.000000
33681230411002500087808.000000
33681232662802313773056.000000
33681230411002500087808.000000
33681288957797655904256.000000
33681284454198028533760.000000
33681397044188712796160.000000
33681766339358157176832.000000
33683745671394386509824.000000
33682090598531327852544.000000
33681288957797655904256.000000
33681230411002500087808.000000
33681309223995979071488.000000
33681232662802313773056.000000
33681446583784613871616.000000
33682090598531327852544.000000
33681228159202686402560.000000
33681660504766913970176.000000
33681656001167286599680.000000
33681707792563001360384.000000
33681228159202686402560.000000
33681230411002500087808.000000
33681232662802313773056.000000
33681230411002500087808.000000
33681507382379583373312.000000
33681230411002500087808.000000
33681719051562069786624.000000
33681250677200823255040.000000
33681230411002500087808.000000
33681246173601195884544.000000
33681252929000636940288.000000
33621823428317855875072.000000
33621733356325308465152.000000
33622325579676307685376.000000
33621733356325308465152.000000
33622289550879288721408.000000
33622760177040348938240.000000
33621735608125122150400.000000
33622138680291771809792.000000
33623001119620413259776.000000
33622023838501273862144.000000
33621728852725681094656.000000
33621742363524563206144.000000
33621728852725681094656.000000
33621731104525494779904.000000
33621737859924935835648.000000
33621731104525494779904.000000
33621724349126053724160.000000
33623012378619481686016.000000
33622053111898851770368.000000
33621724349126053724160.000000
33622192723487300255744.000000
33621740111724749520896.000000
33623147486608302800896.000000
33622231004084132904960.000000
33621758126123259002880.000000
33621719845526426353664.000000
33621733356325308465152.000000
33622062119098106511360.000000
33621830183717296930816.000000
33623068673614823817216.000000
33621719845526426353664.000000
33622411148069227724800.000000
33621742363524563206144.000000
33621722097326240038912.000000
33621881975113011691520.000000
33621722097326240038912.000000
33621825680117669560320.000000
33621724349126053724160.000000
33621742363524563206144.000000
33621719845526426353664.000000
33621719845526426353664.000000
33622113910493821272064.000000
33621832435517110616064.000000
33621719845526426353664.000000
33624541350692973969408.000000
33621722097326240038912.000000
33621717593726612668416.000000
33621717593726612668416.000000
33622044104699597029376.000000
33622107155094380216320.000000
33621800910319719022592.000000
33622467443064569856000.000000
33621717593726612668416.000000
33621717593726612668416.000000
33621722097326240038912.000000
33621719845526426353664.000000
33621717593726612668416.000000
33621719845526426353664.000000
33621719845526426353664.000000
33621978802505000157184.000000
33621717593726612668416.000000
33621809917518973763584.000000
33621713090126985297920.000000
33621713090126985297920.000000
33621715341926798983168.000000
33621731104525494779904.000000
33621713090126985297920.000000
33621832435517110616064.000000
33621908996710775914496.000000
33621713090126985297920.000000
33621787399520836911104.000000
33622109406894193901568.000000
33621715341926798983168.000000
33622021586701460176896.000000
33622035097500342288384.000000
33621782895921209540608.000000
33621710838327171612672.000000
33622244514883015016448.000000
33621710838327171612672.000000
33621710838327171612672.000000
33621920255709844340736.000000
33621713090126985297920.000000
33621710838327171612672.000000
33622674608647428898816.000000
33621796406720091652096.000000
33621722097326240038912.000000
33621710838327171612672.000000
33621713090126985297920.000000
33622174709088790773760.000000
33621713090126985297920.000000
33621740111724749520896.000000
33621726600925867409408.000000
33621825680117669560320.000000
33621710838327171612672.000000
33622539500658607783936.000000
33622116162293634957312.000000
33622116162293634957312.000000
33623014630419295371264.000000
33621713090126985297920.000000
33621710838327171612672.000000
33621850449915620098048.000000
33621710838327171612672.000000
33621708586527357927424.000000
33621708586527357927424.000000
33621749118924004261888.000000
33621854953515247468544.000000
33622068874497547567104.000000
33621710838327171612672.000000
33621708586527357927424.000000
33621710838327171612672.000000
33621708586527357927424.000000
33622282795479847665664.000000
33621710838327171612672.000000
33621704082927730556928.000000
33621704082927730556928.000000
33621879723313198006272.000000
33621706334727544242176.000000
33621706334727544242176.000000
33622708385644634177536.000000
33621704082927730556928.000000
33621706334727544242176.000000
33621704082927730556928.000000
33621704082927730556928.000000
33622305313477984518144.000000
33621704082927730556928.000000
33623113709611097522176.000000
33621888730512452747264.000000
33621859457114874839040.000000
33621710838327171612672.000000
33621713090126985297920.000000
33621719845526426353664.000000
33621967543505931730944.000000
33621733356325308465152.000000
33621728852725681094656.000000
33622120665893262327808.000000
33621706334727544242176.000000
33621710838327171612672.000000
33621706334727544242176.000000
33621706334727544242176.000000
33621785147721023225856.000000
33621704082927730556928.000000
33621767133322513743872.000000
33621701831127916871680.000000
33621708586527357927424.000000
33621704082927730556928.000000
33622084637096243363840.000000
33621771636922141114368.000000
33621859457114874839040.000000
33621701831127916871680.000000
33622059867298292826112.000000
33621769385122327429120.000000
33621706334727544242176.000000
33621701831127916871680.000000
33621701831127916871680.000000
33622041852899783344128.000000
33621710838327171612672.000000
33621701831127916871680.000000
33621764881522700058624.000000
33621699579328103186432.000000
33621701831127916871680.000000
33621717593726612668416.000000
33621699579328103186432.000000
33621697327528289501184.000000
33621722097326240038912.000000
33621879723313198006272.000000
33622226500484505534464.000000
33621776140521768484864.000000
33622271536480779239424.000000
33621771636922141114368.000000
33621841442716365357056.000000
33621726600925867409408.000000
33621742363524563206144.000000
33621697327528289501184.000000
33621713090126985297920.000000
33621695075728475815936.000000
33621704082927730556928.000000
33621719845526426353664.000000
33621908996710775914496.000000
33622262529281524498432.000000
33622636328050596249600.000000
33622857004432337403904.000000
33621695075728475815936.000000
33621697327528289501184.000000
33621710838327171612672.000000
33621697327528289501184.000000
33621697327528289501184.000000
33621697327528289501184.000000
33621708586527357927424.000000
33621695075728475815936.000000
33622375119272208760832.000000
33621695075728475815936.000000
33622145435691212865536.000000
33621697327528289501184.000000
33621800910319719022592.000000
33621695075728475815936.000000
33621697327528289501184.000000
33621695075728475815936.000000
33621713090126985297920.000000
33621704082927730556928.000000
33621753622523631632384.000000
33621695075728475815936.000000
33621695075728475815936.000000
33621695075728475815936.000000
33621695075728475815936.000000
33621830183717296930816.000000
33622071126297361252352.000000
33621710838327171612672.000000
33621690572128848445440.000000
33621814421118601134080.000000
33621764881522700058624.000000
33621690572128848445440.000000
33621690572128848445440.000000
33621690572128848445440.000000
33621719845526426353664.000000
33621742363524563206144.000000
33621690572128848445440.000000
33621690572128848445440.000000
33621690572128848445440.000000
33621695075728475815936.000000
33621805413919346393088.000000
33622212989685623422976.000000
33621938270108353822720.000000
33621688320329034760192.000000
33621688320329034760192.000000
33622030593900714917888.000000
33621688320329034760192.000000
33621929262909099081728.000000
33621690572128848445440.000000
33621697327528289501184.000000
33621888730512452747264.000000
33622215241485437108224.000000
33621884226912825376768.000000
33621796406720091652096.000000
33622037349300155973632.000000
33621683816729407389696.000000
33621854953515247468544.000000
33621686068529221074944.000000
33621683816729407389696.000000
33622053111898851770368.000000
33621690572128848445440.000000
33621683816729407389696.000000
33621769385122327429120.000000
33621683816729407389696.000000
33621717593726612668416.000000
33622352601274071908352.000000
33621683816729407389696.000000
33621785147721023225856.000000
33621695075728475815936.000000
33621683816729407389696.000000
33621785147721023225856.000000
33621686068529221074944.000000
33621683816729407389696.000000
33621683816729407389696.000000
33621719845526426353664.000000
33622233255883946590208.000000
33621683816729407389696.000000
33621787399520836911104.000000
33621690572128848445440.000000
33621683816729407389696.000000
33621683816729407389696.000000
33621686068529221074944.000000
33624300408112909647872.000000
33621683816729407389696.000000
33621683816729407389696.000000
33621683816729407389696.000000
33621895485911893803008.000000
33621872967913756950528.000000
33622424658868109836288.000000
33621683816729407389696.000000
33621686068529221074944.000000
33622219745085064478720.000000
33621686068529221074944.000000
33622525989859725672448.000000
33621780644121395855360.000000
33621681564929593704448.000000
33621749118924004261888.000000
33621722097326240038912.000000
33621683816729407389696.000000
33621778392321582170112.000000
33621717593726612668416.000000
33621870716113943265280.000000
33621681564929593704448.000000
33622192723487300255744.000000
33621690572128848445440.000000
33621681564929593704448.000000
33621681564929593704448.000000
33621677061329966333952.000000
33622251270282456072192.000000
33621704082927730556928.000000
33621683816729407389696.000000
33621888730512452747264.000000
33621722097326240038912.000000
33621677061329966333952.000000
33621677061329966333952.000000
33622415651668855095296.000000
33621886478712639062016.000000
33621740111724749520896.000000
33621681564929593704448.000000
33621845946315992727552.000000
33621677061329966333952.000000
33621818924718228504576.000000
33621677061329966333952.000000
33622451680465874059264.000000
33621677061329966333952.000000
33621679313129780019200.000000
33621771636922141114368.000000
33621677061329966333952.000000
33621803162119532707840.000000
33621677061329966333952.000000
33621681564929593704448.000000
33621872967913756950528.000000
33621677061329966333952.000000
33621737859924935835648.000000
33621679313129780019200.000000
33622136428491958124544.000000
33622176960888604459008.000000
33621769385122327429120.000000
33621978802505000157184.000000
33621674809530152648704.000000
33621679313129780019200.000000
33621674809530152648704.000000
33621848198115806412800.000000
33621674809530152648704.000000
33621677061329966333952.000000
33621834687316924301312.000000
33622465191264756170752.000000
33621674809530152648704.000000
33621674809530152648704.000000
33621785147721023225856.000000
33621672557730338963456.000000
33622059867298292826112.000000
33621791903120464281600.000000
33621954032707049619456.000000
33621672557730338963456.000000
33621825680117669560320.000000
33622305313477984518144.000000
33621701831127916871680.000000
33570275226982973177856.000000
33570387816973657440256.000000
33570275226982973177856.000000
33570275226982973177856.000000
33570349536376824791040.000000
33570367550775334273024.000000
33570270723383345807360.000000
33570340529177570050048.000000
33570471133566763794432.000000
33570468881766950109184.000000
33571781681058328608768.000000
33570268471583532122112.000000
33570356291776265846784.000000
33570275226982973177856.000000
33570263967983904751616.000000
33570531932161733296128.000000
33570268471583532122112.000000
33570315759379619512320.000000
33570531932161733296128.000000
33570284234182227918848.000000
33570261716184091066368.000000
33570266219783718436864.000000
33570493651564900646912.000000
33570259464384277381120.000000
33570309003980178456576.000000
33570495903364714332160.000000
33570257212584463695872.000000
33570266219783718436864.000000
33570254960784650010624.000000
33570254960784650010624.000000
33570498155164528017408.000000
33570705320747387060224.000000
33570248205385208954880.000000
33570669291950368096256.000000
33570250457185022640128.000000
33570383313374030069760.000000
33570248205385208954880.000000
33570250457185022640128.000000
33570250457185022640128.000000
33570426097570490089472.000000
33570414838571421663232.000000
33570245953585395269632.000000
33570336025577942679552.000000
33570324766578874253312.000000
33570266219783718436864.000000
33570356291776265846784.000000
33570419342171049033728.000000
33570243701785581584384.000000
33570248205385208954880.000000
33570243701785581584384.000000
33570540939360988037120.000000
33570239198185954213888.000000
33570286485982041604096.000000
33570234694586326843392.000000
33570234694586326843392.000000
33570567960958752260096.000000
33570257212584463695872.000000
33570234694586326843392.000000
33570349536376824791040.000000
33570232442786513158144.000000
33570669291950368096256.000000
33570232442786513158144.000000
33570340529177570050048.000000
33570234694586326843392.000000
33570437356569558515712.000000
33570306752180364771328.000000
33570234694586326843392.000000
33570322514779060568064.000000
33570234694586326843392.000000
33570225687387072102400.000000
33570225687387072102400.000000
33570270723383345807360.000000
33570516169563037499392.000000
33570227939186885787648.000000
33570315759379619512320.000000
33570241449985767899136.000000
33570223435587258417152.000000
33570223435587258417152.000000
33570225687387072102400.000000
33570563457359124889600.000000
33570223435587258417152.000000
33570223435587258417152.000000
33570444111968999571456.000000
33570468881766950109184.000000
33570218931987631046656.000000
33570218931987631046656.000000
33570221183787444731904.000000
33570216680187817361408.000000
33570225687387072102400.000000
33570216680187817361408.000000
33570392320573284810752.000000
33570907982730618732544.000000
33570513917763223814144.000000
33570234694586326843392.000000
33570221183787444731904.000000
33570387816973657440256.000000
33570216680187817361408.000000
33570381061574216384512.000000
33570662536550927040512.000000
33570232442786513158144.000000
33570209924788376305664.000000
33570266219783718436864.000000
33570216680187817361408.000000
33570212176588189990912.000000
33570209924788376305664.000000
33570399075972725866496.000000
33570205421188748935168.000000
33570205421188748935168.000000
33570752608543474450432.000000
33570205421188748935168.000000
33570205421188748935168.000000
33570205421188748935168.000000
33570374306174775328768.000000
33570205421188748935168.000000
33570203169388935249920.000000
33570574716358193315840.000000
33570365298975520587776.000000
33570430601170117459968.000000
33571964076843237113856.000000
33570207672988562620416.000000
33570358543576079532032.000000
33570363047175706902528.000000
33570944011527637696512.000000
33570203169388935249920.000000
33570198665789307879424.000000
33570198665789307879424.000000
33570203169388935249920.000000
33570281982382414233600.000000
33570196413989494194176.000000
33570290989581668974592.000000
33570196413989494194176.000000
33570227939186885787648.000000
33570198665789307879424.000000
33570205421188748935168.000000
33570196413989494194176.000000
33570191910389866823680.000000
33570191910389866823680.000000
33570191910389866823680.000000
33570245953585395269632.000000
33570191910389866823680.000000
33570194162189680508928.000000
33570189658590053138432.000000
33570189658590053138432.000000
33570198665789307879424.000000
33570194162189680508928.000000
33570216680187817361408.000000
33570754860343288135680.000000
33570191910389866823680.000000
33570189658590053138432.000000
33570189658590053138432.000000
33570329270178501623808.000000
33570338277377756364800.000000
33570216680187817361408.000000
33491329377314982068224.000000
33491329377314982068224.000000
33491329377314982068224.000000
33491367657911814717440.000000
33491450974504921071616.000000
33491876564669707583488.000000
33491324873715354697728.000000
33491376665111069458432.000000
33491324873715354697728.000000
33491327125515168382976.000000
33491322621915541012480.000000
33491324873715354697728.000000
33491446470905293701120.000000
33491340636314050494464.000000
33491363154312187346944.000000
33491324873715354697728.000000
33491811262475110711296.000000
33491320370115727327232.000000
33491320370115727327232.000000
33491320370115727327232.000000
33491439715505852645376.000000
33491320370115727327232.000000
33491320370115727327232.000000
33491982399260950790144.000000
33491315866516099956736.000000
33491385672310324199424.000000
33491383420510510514176.000000
33491761722879209635840.000000
33491313614716286271488.000000
33491322621915541012480.000000
33491385672310324199424.000000
33491315866516099956736.000000
33491313614716286271488.000000
33491313614716286271488.000000
33491342888113864179712.000000
33491309111116658900992.000000
33491309111116658900992.000000
33491394679509578940416.000000
33491383420510510514176.000000
33491775233678091747328.000000
33491363154312187346944.000000
33491309111116658900992.000000
33491309111116658900992.000000
33491338384514236809216.000000
33491309111116658900992.000000
33491802255275855970304.000000
33491306859316845215744.000000
33491306859316845215744.000000
33491601845092437983232.000000
33491340636314050494464.000000
33491302355717217845248.000000
33491306859316845215744.000000
33491453226304734756864.000000
33491302355717217845248.000000
33491466737103616868352.000000
33491464485303803183104.000000
33492153536046790868992.000000
33491336132714423123968.000000
33491354147112932605952.000000
33491676154486289596416.000000
33491739204881072783360.000000
33491300103917404160000.000000
33491300103917404160000.000000
33491295600317776789504.000000
33491331629114795753472.000000
33491360902512373661696.000000
33491921600665981288448.000000
33491842787672502304768.000000
33491340636314050494464.000000
33491297852117590474752.000000
33491293348517963104256.000000
33491293348517963104256.000000
33491295600317776789504.000000
33491293348517963104256.000000
33491315866516099956736.000000
33491613104091506409472.000000
33491293348517963104256.000000
33491682909885730652160.000000
33491288844918335733760.000000
33491849543071943360512.000000
33491295600317776789504.000000
33491435211906225274880.000000
33491291096718149419008.000000
33492119759049585590272.000000
33491291096718149419008.000000
33491523032098958999552.000000
33492189564843809832960.000000
33491286593118522048512.000000
33492173802245114036224.000000
33491284341318708363264.000000
33491291096718149419008.000000
33491439715505852645376.000000
33491284341318708363264.000000
33491284341318708363264.000000
33491291096718149419008.000000
33491286593118522048512.000000
33491529787498400055296.000000
33491284341318708363264.000000
33491284341318708363264.000000
33491759471079395950592.000000
33491311362916472586240.000000
33491279837719080992768.000000
33492065715854057144320.000000
33491279837719080992768.000000
33491482499702312665088.000000
33491412693908088422400.000000
33491279837719080992768.000000
33491338384514236809216.000000
33491322621915541012480.000000
33491277585919267307520.000000
33492029687057038180352.000000
33491372161511442087936.000000
33491423952907156848640.000000
33491363154312187346944.000000
33492101744651076108288.000000
33491273082319639937024.000000
33491273082319639937024.000000
33491577075294487445504.000000
33491721190482563301376.000000
33491273082319639937024.000000
33491435211906225274880.000000
33491523032098958999552.000000
33491703176084053819392.000000
33491275334119453622272.000000
33491273082319639937024.000000
33491270830519826251776.000000
33491266326920198881280.000000
33492741255798162718720.000000
33491268578720012566528.000000
33492126514449026646016.000000
33491266326920198881280.000000
33491266326920198881280.000000
33491266326920198881280.000000
33491266326920198881280.000000
33492612903208782659584.000000
33491770730078464376832.000000
33491266326920198881280.000000
33491574823494673760256.000000
33491264075120385196032.000000
33491604096892251668480.000000
33491439715505852645376.000000
33491268578720012566528.000000
33491264075120385196032.000000
33491383420510510514176.000000
33491259571520757825536.000000
33492061212254429773824.000000
33491261823320571510784.000000
33491482499702312665088.000000
33491525283898772684800.000000
33491259571520757825536.000000
33491257319720944140288.000000
33491270830519826251776.000000
33491421701107343163392.000000
33491288844918335733760.000000
33491257319720944140288.000000
33491559060895977963520.000000
33491266326920198881280.000000
33491394679509578940416.000000
33491261823320571510784.000000
33491617607691133779968.000000
33491257319720944140288.000000
33491538794697654796288.000000
33491252816121316769792.000000
33491471240703244238848.000000
33491311362916472586240.000000
33491322621915541012480.000000
33491288844918335733760.000000
33491313614716286271488.000000
33491527535698586370048.000000
33491435211906225274880.000000
33491473492503057924096.000000
33491248312521689399296.000000
33491944118664118140928.000000
33491248312521689399296.000000
33491356398912746291200.000000
33491766226478837006336.000000
33491248312521689399296.000000
33491473492503057924096.000000
33491250564321503084544.000000
33491248312521689399296.000000
33491297852117590474752.000000
33491261823320571510784.000000
33491257319720944140288.000000
33491863053870825472000.000000
33491615355891320094720.000000
33491243808922062028800.000000
33491243808922062028800.000000
33491246060721875714048.000000
33491243808922062028800.000000
33491241557122248343552.000000
33491243808922062028800.000000
33491241557122248343552.000000
33491241557122248343552.000000
33491545550097095852032.000000
33491833780473247563776.000000
33491248312521689399296.000000
33491378916910883143680.000000
33491241557122248343552.000000
33491270830519826251776.000000
33491387924110137884672.000000
33491502765900635832320.000000
33491237053522620973056.000000
33491237053522620973056.000000
33491387924110137884672.000000
33491237053522620973056.000000
33491311362916472586240.000000
33491243808922062028800.000000
33491239305322434658304.000000
33491239305322434658304.000000
33491234801722807287808.000000
33491234801722807287808.000000
33491230298123179917312.000000
33491333880914609438720.000000
33491237053522620973056.000000
33491230298123179917312.000000
33491230298123179917312.000000
33491230298123179917312.000000
33491230298123179917312.000000
33491342888113864179712.000000
33492473291620334174208.000000
33491243808922062028800.000000
33491745960280513839104.000000
33491480247902498979840.000000
33491383420510510514176.000000
33491230298123179917312.000000
33491232549922993602560.000000
33491345139913677864960.000000
33491302355717217845248.000000
33491255067921130455040.000000
33491228046323366232064.000000
33491800003476042285056.000000
33491252816121316769792.000000
33491399183109206310912.000000
33491516276699517943808.000000
33491221290923925176320.000000
33491221290923925176320.000000
33491374413311255773184.000000
33491221290923925176320.000000
33491266326920198881280.000000
33491221290923925176320.000000
33491448722705107386368.000000
33491221290923925176320.000000
33491369909711628402688.000000
33491459981704175812608.000000
33491225794523552546816.000000
33491225794523552546816.000000
33491561312695791648768.000000
33491221290923925176320.000000
33491376665111069458432.000000
33491225794523552546816.000000
33491216787324297805824.000000
33491216787324297805824.000000
33491300103917404160000.000000
33491214535524484120576.000000
33491216787324297805824.000000
33491214535524484120576.000000
33491214535524484120576.000000
33491214535524484120576.000000
33491214535524484120576.000000
33491214535524484120576.000000
33491228046323366232064.000000
33491257319720944140288.000000
33491223542723738861568.000000
33491214535524484120576.000000
33491216787324297805824.000000
33491214535524484120576.000000
33491381168710696828928.000000
33491646881088711688192.000000
33491212283724670435328.000000
33491694168884799078400.000000
33491286593118522048512.000000
33492615155008596344832.000000
33491351895313118920704.000000
33491392427709765255168.000000
33491797751676228599808.000000
33491212283724670435328.000000
33491270830519826251776.000000
33491257319720944140288.000000
33491212283724670435328.000000
33491340636314050494464.000000
33491342888113864179712.000000
33491205528325229379584.000000
33491205528325229379584.000000
33491205528325229379584.000000
33491205528325229379584.000000
33491349643513305235456.000000
33491207780125043064832.000000
33491205528325229379584.000000
33491205528325229379584.000000
33491748212080327524352.000000
33491306859316845215744.000000
33491210031924856750080.000000
33491201024725602009088.000000
33491201024725602009088.000000
33491430708306597904384.000000
33492851593989033295872.000000
33491201024725602009088.000000
33491198772925788323840.000000
33491198772925788323840.000000
33491592837893183242240.000000
33491473492503057924096.000000
33491892327268403380224.000000
33491194269326160953344.000000
33491313614716286271488.000000
33491198772925788323840.000000
33491847291272129675264.000000
33491194269326160953344.000000
33491198772925788323840.000000
33491232549922993602560.000000
33491194269326160953344.000000
33491194269326160953344.000000
33491545550097095852032.000000
33491203276525415694336.000000
33491194269326160953344.000000
33491194269326160953344.000000
33491671650886662225920.000000
33491417197507715792896.000000
33491345139913677864960.000000
33491192017526347268096.000000
33491192017526347268096.000000
33491201024725602009088.000000
33491192017526347268096.000000
33491187513926719897600.000000
33491295600317776789504.000000
33491270830519826251776.000000
33491187513926719897600.000000
33491311362916472586240.000000
33491189765726533582848.000000
33491228046323366232064.000000
33491187513926719897600.000000
33491216787324297805824.000000
33491187513926719897600.000000
33491187513926719897600.000000
33491187513926719897600.000000
33491268578720012566528.000000
33491300103917404160000.000000
33491646881088711688192.000000
33491192017526347268096.000000
33491203276525415694336.000000
33491198772925788323840.000000
33491689665285171707904.000000
33491311362916472586240.000000
33491354147112932605952.000000
33491185262126906212352.000000
33491662643687407484928.000000
33491496010501194776576.000000
33491910341666912862208.000000
33491669399086848540672.000000
33491185262126906212352.000000
33491365406112001032192.000000
33491185262126906212352.000000
33491189765726533582848.000000
33491185262126906212352.000000
33491302355717217845248.000000
33491471240703244238848.000000
33491187513926719897600.000000
33491527535698586370048.000000
33491748212080327524352.000000
33491180758527278841856.000000
33491498262301008461824.000000
33491284341318708363264.000000
33491183010327092527104.000000
33491180758527278841856.000000
33491788744476973858816.000000
33491189765726533582848.000000
33491180758527278841856.000000
33491180758527278841856.000000
33491311362916472586240.000000
33491349643513305235456.000000
33491180758527278841856.000000
33491194269326160953344.000000
33491178506727465156608.000000
33491180758527278841856.000000
33491178506727465156608.000000
33491187513926719897600.000000
33491178506727465156608.000000
33491768478278650691584.000000
33491183010327092527104.000000
33491178506727465156608.000000
33491210031924856750080.000000
33491178506727465156608.000000
33491432960106411589632.000000
33491241557122248343552.000000
33491178506727465156608.000000
33491259571520757825536.000000
33491192017526347268096.000000
33491178506727465156608.000000
33491207780125043064832.000000
33491185262126906212352.000000
33491183010327092527104.000000
33491937363264677085184.000000
33491261823320571510784.000000
33491180758527278841856.000000
33491178506727465156608.000000
33491583830693928501248.000000
33491568068095232704512.000000
33491180758527278841856.000000
33491376665111069458432.000000
33491178506727465156608.000000
33491552305496536907776.000000
33491205528325229379584.000000
33491502765900635832320.000000
33491203276525415694336.000000
33491273082319639937024.000000
33491709931483494875136.000000
33491180758527278841856.000000
33491171751328024100864.000000
33491171751328024100864.000000
33491171751328024100864.000000
33491180758527278841856.000000
33491174003127837786112.000000
33491171751328024100864.000000
33491279837719080992768.000000
33491723442282376986624.000000
33491225794523552546816.000000
33491174003127837786112.000000
33491435211906225274880.000000
33491174003127837786112.000000
33491216787324297805824.000000
33492367457029090967552.000000
33492065715854057144320.000000
33491174003127837786112.000000
33491450974504921071616.000000
33491180758527278841856.000000
33491171751328024100864.000000
33492013924458342383616.000000
33491169499528210415616.000000
33491358650712559976448.000000
33491203276525415694336.000000
33491169499528210415616.000000
33491169499528210415616.000000
33492250363438779334656.000000
33491342888113864179712.000000
33491171751328024100864.000000
33491169499528210415616.000000
33491248312521689399296.000000
33491174003127837786112.000000
33491284341318708363264.000000
33491475744302871609344.000000
33491169499528210415616.000000
33491169499528210415616.000000
33491183010327092527104.000000
33491419449307529478144.000000
33491171751328024100864.000000
33491171751328024100864.000000
33491309111116658900992.000000
33491196521125974638592.000000
33491284341318708363264.000000
33491487003301940035584.000000
33491295600317776789504.000000
33491169499528210415616.000000
33491261823320571510784.000000
33491164995928583045120.000000
33491167247728396730368.000000
33491164995928583045120.000000
33491167247728396730368.000000
33491383420510510514176.000000
33491169499528210415616.000000
33491286593118522048512.000000
33491284341318708363264.000000
33491414945707902107648.000000
33491322621915541012480.000000
33491270830519826251776.000000
33491164995928583045120.000000
33491293348517963104256.000000
33491162744128769359872.000000
33491164995928583045120.000000
33491162744128769359872.000000
33492167046845672980480.000000
33491854046671570731008.000000
33491162744128769359872.000000
33491329377314982068224.000000
33491162744128769359872.000000
33491162744128769359872.000000
33491901334467658121216.000000
33491162744128769359872.000000
33491162744128769359872.000000
33491162744128769359872.000000
33491171751328024100864.000000
33491423952907156848640.000000
33491588334293555871744.000000
33491162744128769359872.000000
33491164995928583045120.000000
33491162744128769359872.000000
33491164995928583045120.000000
33491302355717217845248.000000
33491162744128769359872.000000
33491464485303803183104.000000
33491309111116658900992.000000
33491158240529141989376.000000
33491300103917404160000.000000
33491414945707902107648.000000
33491158240529141989376.000000
33491158240529141989376.000000
33491162744128769359872.000000
33491158240529141989376.000000
33491390175909951569920.000000
33491158240529141989376.000000
33491160492328955674624.000000
33491322621915541012480.000000
33491473492503057924096.000000
33491160492328955674624.000000
33491158240529141989376.000000
33491351895313118920704.000000
33491155988729328304128.000000
33491194269326160953344.000000
33491360902512373661696.000000
33491162744128769359872.000000
33491155988729328304128.000000
33491412693908088422400.000000
33491189765726533582848.000000
33491547801896909537280.000000
33491169499528210415616.000000
33491160492328955674624.000000
33491151485129700933632.000000
33491174003127837786112.000000
33491155988729328304128.000000
33491151485129700933632.000000
33491151485129700933632.000000
33491430708306597904384.000000
33491205528325229379584.000000
33491151485129700933632.000000
33491151485129700933632.000000
33491151485129700933632.000000
33491223542723738861568.000000
33491151485129700933632.000000
33491151485129700933632.000000
33491151485129700933632.000000
33491151485129700933632.000000
33491151485129700933632.000000
33491151485129700933632.000000
33491153736929514618880.000000
33491538794697654796288.000000
33491151485129700933632.000000
33491153736929514618880.000000
33491151485129700933632.000000
33491151485129700933632.000000
33491151485129700933632.000000
33491234801722807287808.000000
33491149233329887248384.000000
33491282089518894678016.000000
33491194269326160953344.000000
33491149233329887248384.000000
33491709931483494875136.000000
33491381168710696828928.000000
33491194269326160953344.000000
33491153736929514618880.000000
33491162744128769359872.000000
33491151485129700933632.000000
33491151485129700933632.000000
33491171751328024100864.000000
33491151485129700933632.000000
33491360902512373661696.000000
33491155988729328304128.000000
33491149233329887248384.000000
33491144729730259877888.000000
33491225794523552546816.000000
33491146981530073563136.000000
33491151485129700933632.000000
33491144729730259877888.000000
33491243808922062028800.000000
33491410442108274737152.000000
33491394679509578940416.000000
33491986902860578160640.000000
33491144729730259877888.000000
33491144729730259877888.000000
33491144729730259877888.000000
33491144729730259877888.000000
33491581578894114816000.000000
33491435211906225274880.000000
33492601644209714233344.000000
33491142477930446192640.000000
33491142477930446192640.000000
33491644629288898002944.000000
33491340636314050494464.000000
33491144729730259877888.000000
33491250564321503084544.000000
33491142477930446192640.000000
33491142477930446192640.000000
33491547801896909537280.000000
33491142477930446192640.000000
33491183010327092527104.000000
33491228046323366232064.000000
33491144729730259877888.000000
33491142477930446192640.000000
33491142477930446192640.000000
33491385672310324199424.000000
33491279837719080992768.000000
33491144729730259877888.000000
33491655888287966429184.000000
33491201024725602009088.000000
33491248312521689399296.000000
33491144729730259877888.000000
33491142477930446192640.000000
33491140226130632507392.000000
33491142477930446192640.000000
33491390175909951569920.000000
33491180758527278841856.000000
33491140226130632507392.000000
33491140226130632507392.000000
33491140226130632507392.000000
33491408190308461051904.000000
33492203075642691944448.000000
33491198772925788323840.000000
33491829276873620193280.000000
33491142477930446192640.000000
33491536542897841111040.000000
33491644629288898002944.000000
33491487003301940035584.000000
33491137974330818822144.000000
33491243808922062028800.000000
33491977895661323419648.000000
33491137974330818822144.000000
33491137974330818822144.000000
33491135722531005136896.000000
33491135722531005136896.000000
33491432960106411589632.000000
33491135722531005136896.000000
33491135722531005136896.000000
33491135722531005136896.000000
33491383420510510514176.000000
33492851593989033295872.000000
33491149233329887248384.000000
33491140226130632507392.000000
33491489255101753720832.000000
33491135722531005136896.000000
33491135722531005136896.000000
33491135722531005136896.000000
33491160492328955674624.000000
33491135722531005136896.000000
33491135722531005136896.000000
33491149233329887248384.000000
33491135722531005136896.000000
33491633370289829576704.000000
33491135722531005136896.000000
33491133470731191451648.000000
33491387924110137884672.000000
33491133470731191451648.000000
33491565816295419019264.000000
33491135722531005136896.000000
33491142477930446192640.000000
33491133470731191451648.000000
33491153736929514618880.000000
33491261823320571510784.000000
33491133470731191451648.000000
33491185262126906212352.000000
33492144528847536128000.000000
33491128967131564081152.000000
33491223542723738861568.000000
33491288844918335733760.000000
33491592837893183242240.000000
33491135722531005136896.000000
33491178506727465156608.000000
33491128967131564081152.000000
33491829276873620193280.000000
33491133470731191451648.000000
33491273082319639937024.000000
33491128967131564081152.000000
33491234801722807287808.000000
33491128967131564081152.000000
33491169499528210415616.000000
33491128967131564081152.000000
33491128967131564081152.000000
33491128967131564081152.000000
33491126715331750395904.000000
33491586082493742186496.000000
33491144729730259877888.000000
33491180758527278841856.000000
33491597341492810612736.000000
33491372161511442087936.000000
33491126715331750395904.000000
33491133470731191451648.000000
33491126715331750395904.000000
33491126715331750395904.000000
33491155988729328304128.000000
33491279837719080992768.000000
33491201024725602009088.000000
33491239305322434658304.000000
33491133470731191451648.000000
33491297852117590474752.000000
33491608600491879038976.000000
33491133470731191451648.000000
33492624162207851085824.000000
33491126715331750395904.000000
33491126715331750395904.000000
33491122211732123025408.000000
33491192017526347268096.000000
33491137974330818822144.000000
33491912593466726547456.000000
33491126715331750395904.000000
33493067766771147079680.000000
33491122211732123025408.000000
33491122211732123025408.000000
33491291096718149419008.000000
33491122211732123025408.000000
33492083730252566626304.000000
33491128967131564081152.000000
33491122211732123025408.000000
33491435211906225274880.000000
33491122211732123025408.000000
33491122211732123025408.000000
33491225794523552546816.000000
33491124463531936710656.000000
33491122211732123025408.000000
33491124463531936710656.000000
33491124463531936710656.000000
33491122211732123025408.000000
33491363154312187346944.000000
33491369909711628402688.000000
33491128967131564081152.000000
33491119959932309340160.000000
33491698672484426448896.000000
33491613104091506409472.000000
33491119959932309340160.000000
33491122211732123025408.000000
33491198772925788323840.000000
33491122211732123025408.000000
33491115456332681969664.000000
33491137974330818822144.000000
33491383420510510514176.000000
33491201024725602009088.000000
33491140226130632507392.000000
33491131218931377766400.000000
33491277585919267307520.000000
33491322621915541012480.000000
33491243808922062028800.000000
33491117708132495654912.000000
33491505017700449517568.000000
33491128967131564081152.000000
33491160492328955674624.000000
33491183010327092527104.000000
33491892327268403380224.000000
33491122211732123025408.000000
33491115456332681969664.000000
33491255067921130455040.000000
33491653636488152743936.000000
33491115456332681969664.000000
33491885571868962324480.000000
33491117708132495654912.000000
33491234801722807287808.000000
33491117708132495654912.000000
33491113204532868284416.000000
33491480247902498979840.000000
33491243808922062028800.000000
33491333880914609438720.000000
33491252816121316769792.000000
33491284341318708363264.000000
33491131218931377766400.000000
33491115456332681969664.000000
33491655888287966429184.000000
33491185262126906212352.000000
33491113204532868284416.000000
33491113204532868284416.000000
33491122211732123025408.000000
33491113204532868284416.000000
33491802255275855970304.000000
33491439715505852645376.000000
33491113204532868284416.000000
33491113204532868284416.000000
33491113204532868284416.000000
33491336132714423123968.000000
33491847291272129675264.000000
33491228046323366232064.000000
33491115456332681969664.000000
33491131218931377766400.000000
33491108700933240913920.000000
33491763974679023321088.000000
33491155988729328304128.000000
33491108700933240913920.000000
33491144729730259877888.000000
33491327125515168382976.000000
33491108700933240913920.000000
33491110952733054599168.000000
33491113204532868284416.000000
33491176254927651471360.000000
33491158240529141989376.000000
33491117708132495654912.000000
33491110952733054599168.000000
33491113204532868284416.000000
33491108700933240913920.000000
33491637873889456947200.000000
33491282089518894678016.000000
33491113204532868284416.000000
33491106449133427228672.000000
33491110952733054599168.000000
33491477996102685294592.000000
33491108700933240913920.000000
33491106449133427228672.000000
33491131218931377766400.000000
33491174003127837786112.000000
33491106449133427228672.000000
33491158240529141989376.000000
33491108700933240913920.000000
33491613104091506409472.000000
33491106449133427228672.000000
33491106449133427228672.000000
33491106449133427228672.000000
33491444219105480015872.000000
33491106449133427228672.000000
33491104197333613543424.000000
33491113204532868284416.000000
33491207780125043064832.000000
33491104197333613543424.000000
33491140226130632507392.000000
33491106449133427228672.000000
33491223542723738861568.000000
33491104197333613543424.000000
33493137572565371322368.000000
33491117708132495654912.000000
33491113204532868284416.000000
33491137974330818822144.000000
33491104197333613543424.000000
33491104197333613543424.000000
33492209831042133000192.000000
33491372161511442087936.000000
33491104197333613543424.000000
33491104197333613543424.000000
33491101945533799858176.000000
33491110952733054599168.000000
33491104197333613543424.000000
33491099693733986172928.000000
33491099693733986172928.000000
33491439715505852645376.000000
33491917097066353917952.000000
33491099693733986172928.000000
33491216787324297805824.000000
33491201024725602009088.000000
33491099693733986172928.000000
33491099693733986172928.000000
33491099693733986172928.000000
33491426204706970533888.000000
33491192017526347268096.000000
33491099693733986172928.000000
33491126715331750395904.000000
33491099693733986172928.000000
33491099693733986172928.000000
33491104197333613543424.000000
33491538794697654796288.000000
33491444219105480015872.000000
33491144729730259877888.000000
33491099693733986172928.000000
33491097441934172487680.000000
33491099693733986172928.000000
33491149233329887248384.000000
33491133470731191451648.000000
33491097441934172487680.000000
33491108700933240913920.000000
33491097441934172487680.000000
33491097441934172487680.000000
33491248312521689399296.000000
33491092938334545117184.000000
33491097441934172487680.000000
33491092938334545117184.000000
33491318118315913641984.000000
33491092938334545117184.000000
33492061212254429773824.000000
33492556608213440528384.000000
33491092938334545117184.000000
33491099693733986172928.000000
33491099693733986172928.000000
33491119959932309340160.000000
33491122211732123025408.000000
33491552305496536907776.000000
33491097441934172487680.000000
33491104197333613543424.000000
33491117708132495654912.000000
33491092938334545117184.000000
33491101945533799858176.000000
33491108700933240913920.000000
33491095190134358802432.000000
33491092938334545117184.000000
33491095190134358802432.000000
33491252816121316769792.000000
33491092938334545117184.000000
33491092938334545117184.000000
33491090686534731431936.000000
33491426204706970533888.000000
33491090686534731431936.000000
33491291096718149419008.000000
33491365406112001032192.000000
33491090686534731431936.000000
33491146981530073563136.000000
33491092938334545117184.000000
33491113204532868284416.000000
33491140226130632507392.000000
33491439715505852645376.000000
33491097441934172487680.000000
33491092938334545117184.000000
33491169499528210415616.000000
33491090686534731431936.000000
33491369909711628402688.000000
33491926104265608658944.000000
33491090686534731431936.000000
33491205528325229379584.000000
33491282089518894678016.000000
33491090686534731431936.000000
33491086182935104061440.000000
33491086182935104061440.000000
33491306859316845215744.000000
33491327125515168382976.000000
33491473492503057924096.000000
33491270830519826251776.000000
33491108700933240913920.000000
33491466737103616868352.000000
33491086182935104061440.000000
33491230298123179917312.000000
33491086182935104061440.000000
33491095190134358802432.000000
33491662643687407484928.000000
33491086182935104061440.000000
33491333880914609438720.000000
33491083931135290376192.000000
33491174003127837786112.000000
33492169298645486665728.000000
33491088434734917746688.000000
33491088434734917746688.000000
33491083931135290376192.000000
33491083931135290376192.000000
33491185262126906212352.000000
33491124463531936710656.000000
33491083931135290376192.000000
33491101945533799858176.000000
33491083931135290376192.000000
33491088434734917746688.000000
33491088434734917746688.000000
33491248312521689399296.000000
33491590586093369556992.000000
33491164995928583045120.000000
33491083931135290376192.000000
33491626614890388520960.000000
33491318118315913641984.000000
33491092938334545117184.000000
33491083931135290376192.000000
33491083931135290376192.000000
33491083931135290376192.000000
33491088434734917746688.000000
33491144729730259877888.000000
33491908089867099176960.000000
33491090686534731431936.000000
33491083931135290376192.000000
33491083931135290376192.000000
33491083931135290376192.000000
33491086182935104061440.000000
33491086182935104061440.000000
33491081679335476690944.000000
33491081679335476690944.000000
33491083931135290376192.000000
33491601845092437983232.000000
33491081679335476690944.000000
33491212283724670435328.000000
33491079427535663005696.000000
33491079427535663005696.000000
33491077175735849320448.000000
33491077175735849320448.000000
33491077175735849320448.000000
33491304607517031530496.000000
33491077175735849320448.000000
33491077175735849320448.000000
33491077175735849320448.000000
33491079427535663005696.000000
33491081679335476690944.000000
33491077175735849320448.000000
33491077175735849320448.000000
33491250564321503084544.000000
33491072672136221949952.000000
33491072672136221949952.000000
33491088434734917746688.000000
33491687413485358022656.000000
33491518528499331629056.000000
33491081679335476690944.000000
33492916896183630168064.000000
33491268578720012566528.000000
33491696420684612763648.000000
33491072672136221949952.000000
33491072672136221949952.000000
33491072672136221949952.000000
33491079427535663005696.000000
33491293348517963104256.000000
33491072672136221949952.000000
33491482499702312665088.000000
33491072672136221949952.000000
33491072672136221949952.000000
33491072672136221949952.000000
33491212283724670435328.000000
33491106449133427228672.000000
33491993658260019216384.000000
33491563564495605334016.000000
33491081679335476690944.000000
33491074923936035635200.000000
33491214535524484120576.000000
33491101945533799858176.000000
33491072672136221949952.000000
33491072672136221949952.000000
33491104197333613543424.000000
33491279837719080992768.000000
33491606348692065353728.000000
33491070420336408264704.000000
33491074923936035635200.000000
33491070420336408264704.000000
33491302355717217845248.000000
33491072672136221949952.000000
33491070420336408264704.000000
33491171751328024100864.000000
33491070420336408264704.000000
33492711982400584810496.000000
33491079427535663005696.000000
33491072672136221949952.000000
33492108500050517164032.000000
33491070420336408264704.000000
33491070420336408264704.000000
33491070420336408264704.000000
33491095190134358802432.000000
33491160492328955674624.000000
33491088434734917746688.000000
33491115456332681969664.000000
33491070420336408264704.000000
33491074923936035635200.000000
33491074923936035635200.000000
33491092938334545117184.000000
33492743507597976403968.000000
33491068168536594579456.000000
33491068168536594579456.000000
33491068168536594579456.000000
33491070420336408264704.000000
33491063664936967208960.000000
33491063664936967208960.000000
33491063664936967208960.000000
33491065916736780894208.000000
33491063664936967208960.000000
33491065916736780894208.000000
33491063664936967208960.000000
33491241557122248343552.000000
33491063664936967208960.000000
33491194269326160953344.000000
33491146981530073563136.000000
33491083931135290376192.000000
33491070420336408264704.000000
33491086182935104061440.000000
33491068168536594579456.000000
33491074923936035635200.000000
33491192017526347268096.000000
33491063664936967208960.000000
33491063664936967208960.000000
33491063664936967208960.000000
33491063664936967208960.000000
33491063664936967208960.000000
33491063664936967208960.000000
33491365406112001032192.000000
33491081679335476690944.000000
33491144729730259877888.000000
33491279837719080992768.000000
33491063664936967208960.000000
33491680658085916966912.000000
33491061413137153523712.000000
33491061413137153523712.000000
33491223542723738861568.000000
33491061413137153523712.000000
33491068168536594579456.000000
33491065916736780894208.000000
33491086182935104061440.000000
33491414945707902107648.000000
33491065916736780894208.000000
33491101945533799858176.000000
33491061413137153523712.000000
33491243808922062028800.000000
33491207780125043064832.000000
33491284341318708363264.000000
33491261823320571510784.000000
33491079427535663005696.000000
33491056909537526153216.000000
33491063664936967208960.000000
33491056909537526153216.000000
33491493758701381091328.000000
33491068168536594579456.000000
33491059161337339838464.000000
33491059161337339838464.000000
33491056909537526153216.000000
33491056909537526153216.000000
33491056909537526153216.000000
33491059161337339838464.000000
33491063664936967208960.000000
33491405938508647366656.000000
33491302355717217845248.000000
33491588334293555871744.000000
33491160492328955674624.000000
33491056909537526153216.000000
33491369909711628402688.000000
33491088434734917746688.000000
33491056909537526153216.000000
33491063664936967208960.000000
33491266326920198881280.000000
33491088434734917746688.000000
33491477996102685294592.000000
33491070420336408264704.000000
33491090686534731431936.000000
33491264075120385196032.000000
33491054657737712467968.000000
33491101945533799858176.000000
33491054657737712467968.000000
33491063664936967208960.000000
33491070420336408264704.000000
33491230298123179917312.000000
33491054657737712467968.000000
33491135722531005136896.000000
33491056909537526153216.000000
33491056909537526153216.000000
33491056909537526153216.000000
33491381168710696828928.000000
33491054657737712467968.000000
33491054657737712467968.000000
33491054657737712467968.000000
33491054657737712467968.000000
33491050154138085097472.000000
33491050154138085097472.000000
33491273082319639937024.000000
33491054657737712467968.000000
33491538794697654796288.000000
33491180758527278841856.000000
33491137974330818822144.000000
33491095190134358802432.000000
33491052405937898782720.000000
33491214535524484120576.000000
33491047902338271412224.000000
33491651384688339058688.000000
33491050154138085097472.000000
33491047902338271412224.000000
33491047902338271412224.000000
33491047902338271412224.000000
33491477996102685294592.000000
33491232549922993602560.000000
33491198772925788323840.000000
33491047902338271412224.000000
33491538794697654796288.000000
33491248312521689399296.000000
33491047902338271412224.000000
33491592837893183242240.000000
33491079427535663005696.000000
33491273082319639937024.000000
33491047902338271412224.000000
33491047902338271412224.000000
33491196521125974638592.000000
33491146981530073563136.000000
33491050154138085097472.000000
33491047902338271412224.000000
33491047902338271412224.000000
33491498262301008461824.000000
33491633370289829576704.000000
33491304607517031530496.000000
33491047902338271412224.000000
33491052405937898782720.000000
33491050154138085097472.000000
33491045650538457726976.000000
33491043398738644041728.000000
33491043398738644041728.000000
33491043398738644041728.000000
33491045650538457726976.000000
33491061413137153523712.000000
33491119959932309340160.000000
33491095190134358802432.000000
33491045650538457726976.000000
33491734701281445412864.000000
33491232549922993602560.000000
33491041146938830356480.000000
33492281888636170928128.000000
33491041146938830356480.000000
33491061413137153523712.000000
33491043398738644041728.000000
33491041146938830356480.000000
33491041146938830356480.000000
33491041146938830356480.000000
33491516276699517943808.000000
33491050154138085097472.000000
33491045650538457726976.000000
33491464485303803183104.000000
33491041146938830356480.000000
33491050154138085097472.000000
33491110952733054599168.000000
33491043398738644041728.000000
33492286392235798298624.000000
33491045650538457726976.000000
33491036643339202985984.000000
33491896830868030750720.000000
33491036643339202985984.000000
33491178506727465156608.000000
33491259571520757825536.000000
33491212283724670435328.000000
33491036643339202985984.000000
33491036643339202985984.000000
33491038895139016671232.000000
33491056909537526153216.000000
33491036643339202985984.000000
33491266326920198881280.000000
33491570319895046389760.000000
33491327125515168382976.000000
33491036643339202985984.000000
33491036643339202985984.000000
33491036643339202985984.000000
33491036643339202985984.000000
33491707679683681189888.000000
33491532039298213740544.000000
33491041146938830356480.000000
33491250564321503084544.000000
33491036643339202985984.000000
33491036643339202985984.000000
33491036643339202985984.000000
33491232549922993602560.000000
33491164995928583045120.000000
33491192017526347268096.000000
33491320370115727327232.000000
33491036643339202985984.000000
33491036643339202985984.000000
33491036643339202985984.000000
33491104197333613543424.000000
33491101945533799858176.000000
33491525283898772684800.000000
33491072672136221949952.000000
33491493758701381091328.000000
33491351895313118920704.000000
33491595089692996927488.000000
33491034391539389300736.000000
33491056909537526153216.000000
33491032139739575615488.000000
33491230298123179917312.000000
33491074923936035635200.000000
33491592837893183242240.000000
33491696420684612763648.000000
33491034391539389300736.000000
33491047902338271412224.000000
33491065916736780894208.000000
33491583830693928501248.000000
33491032139739575615488.000000
33491392427709765255168.000000
33491050154138085097472.000000
33491340636314050494464.000000
33491034391539389300736.000000
33491032139739575615488.000000
33491088434734917746688.000000
33491394679509578940416.000000
33491327125515168382976.000000
33491032139739575615488.000000
33491036643339202985984.000000
33491032139739575615488.000000
33491034391539389300736.000000
33491678406286103281664.000000
33491302355717217845248.000000
33491034391539389300736.000000
33491088434734917746688.000000
33491034391539389300736.000000
33491336132714423123968.000000
33491232549922993602560.000000
33491505017700449517568.000000
33491194269326160953344.000000
33491538794697654796288.000000
33491189765726533582848.000000
33491029887939761930240.000000
33491390175909951569920.000000
33491029887939761930240.000000
33491029887939761930240.000000
33491741456680886468608.000000
33491032139739575615488.000000
33491027636139948244992.000000
33491027636139948244992.000000
33491063664936967208960.000000
33491306859316845215744.000000
33491027636139948244992.000000
33491097441934172487680.000000
33491241557122248343552.000000
33491041146938830356480.000000
33491241557122248343552.000000
33491036643339202985984.000000
33491027636139948244992.000000
33491025384340134559744.000000
33491027636139948244992.000000
33491025384340134559744.000000
33491149233329887248384.000000
33491027636139948244992.000000
33491077175735849320448.000000
33491477996102685294592.000000
33491482499702312665088.000000
33491020880740507189248.000000
33491025384340134559744.000000
33491020880740507189248.000000
33491023132540320874496.000000
33491020880740507189248.000000
33492905637184561741824.000000
33491137974330818822144.000000
33491023132540320874496.000000
33491041146938830356480.000000
33491020880740507189248.000000
33491455478104548442112.000000
33491020880740507189248.000000
33491020880740507189248.000000
33491020880740507189248.000000
33491020880740507189248.000000
33491108700933240913920.000000
33491117708132495654912.000000
33491023132540320874496.000000
33491020880740507189248.000000
33491020880740507189248.000000
33491754967479768580096.000000
33491329377314982068224.000000
33491023132540320874496.000000
33491275334119453622272.000000
33491432960106411589632.000000
33491020880740507189248.000000
33491054657737712467968.000000
33491020880740507189248.000000
33491059161337339838464.000000
33491020880740507189248.000000
33491020880740507189248.000000
33491660391887593799680.000000
33491018628940693504000.000000
33491466737103616868352.000000
33491018628940693504000.000000
33491018628940693504000.000000
33491018628940693504000.000000
33491237053522620973056.000000
33491018628940693504000.000000
33491018628940693504000.000000
33491056909537526153216.000000
33492563363612881584128.000000
