478564782224172371673088.000000
478564782224172371673088.000000
478564782224172371673088.000000
478564782224172371673088.000000
478564782224172371673088.000000
478564782224172371673088.000000
479747463515116882886656.000000
482649222827024240869376.000000
487176241172457063448576.000000
478564782224172371673088.000000
478710554736911099887616.000000
478564782224172371673088.000000
478564782224172371673088.000000
478564782224172371673088.000000
478564782224172371673088.000000
478564782224172371673088.000000
478564782224172371673088.000000
478729613970534131826688.000000
478564782224172371673088.000000
478564782224172371673088.000000
486937082017845180628992.000000
478564782224172371673088.000000
478564782224172371673088.000000
481631085052065338097664.000000
509818682774213044994048.000000
478564782224172371673088.000000
486667406472158235328512.000000
478713833357439825608704.000000
519150537518891921309696.000000
487521613220680852045824.000000
478564782224172371673088.000000
478564782224172371673088.000000
489901207177392365240320.000000
511284586438523631960064.000000
499783437825332935131136.000000
511892176071451440316416.000000
541943795664969286025216.000000
478564782224172371673088.000000
529995565709570265317376.000000
478564782224172371673088.000000
528419233782396553789440.000000
485016675079140363206656.000000
587208610828541686185984.000000
478564782224172371673088.000000
505017233081886773870592.000000
478564782224172371673088.000000
478564782224172371673088.000000
627619770572907336433664.000000
478564782224172371673088.000000
486223891980854788882432.000000
478564782224172371673088.000000
478564782224172371673088.000000
478564782224172371673088.000000
500010383217755389165568.000000
478564782224172371673088.000000
478564782224172371673088.000000
483778617527177704374272.000000
526731068469275978104832.000000
542931453077650145280000.000000
478564782224172371673088.000000
478564782224172371673088.000000
480165577704521959735296.000000
478564782224172371673088.000000
478564782224172371673088.000000
478564782224172371673088.000000
478564782224172371673088.000000
478564782224172371673088.000000
478564782224172371673088.000000
478564782224172371673088.000000
481394988345200067215360.000000
549320871998587253293056.000000
478564782224172371673088.000000
534088292935736496226304.000000
478564782224172371673088.000000
592759027153298180276224.000000
478564782224172371673088.000000
478564782224172371673088.000000
478564782224172371673088.000000
481700476515123862700032.000000
483840226770080132759552.000000
478672976701620320468992.000000
478564782224172371673088.000000
486624712347690763026432.000000
478564782224172371673088.000000
478564782224172371673088.000000
479729305001419325046784.000000
478564782224172371673088.000000
478564782224172371673088.000000
478564782224172371673088.000000
478564782224172371673088.000000
478564782224172371673088.000000
478564782224172371673088.000000
478564782224172371673088.000000
478564782224172371673088.000000
478564782224172371673088.000000
481334748196584359460864.000000
478564782224172371673088.000000
494812580729423495430144.000000
478564782224172371673088.000000
478564782224172371673088.000000
510452681515355753938944.000000
478564782224172371673088.000000
480371734481064471560192.000000
478564782224172371673088.000000
478564782224172371673088.000000
510180700126659594944512.000000
478564782224172371673088.000000
497470605229497562169344.000000
486969399848771191308288.000000
478564782224172371673088.000000
517490870984213346123776.000000
478564782224172371673088.000000
478564782224172371673088.000000
483706631990733814366208.000000
507645822054796347047936.000000
478564782224172371673088.000000
478564782224172371673088.000000
479835445837437192896512.000000
537623186297658108018688.000000
504274391344949774778368.000000
478564782224172371673088.000000
478564782224172371673088.000000
480305117235376407183360.000000
478564782224172371673088.000000
478564782224172371673088.000000
478564782224172371673088.000000
478564782224172371673088.000000
481131401666209326825472.000000
478564782224172371673088.000000
499930651489952421904384.000000
478564782224172371673088.000000
478564782224172371673088.000000
478564782224172371673088.000000
520330408563668953333760.000000
478564782224172371673088.000000
483673161238303196839936.000000
483046080026188128976896.000000
489970130266089643311104.000000
478564782224172371673088.000000
479511438865845649932288.000000
481207314341528283906048.000000
478564782224172371673088.000000
486451089574856375664640.000000
478564782224172371673088.000000
482735980170245906104320.000000
478564782224172371673088.000000
478564782224172371673088.000000
508223039411837168779264.000000
478564782224172371673088.000000
478564782224172371673088.000000
478564782224172371673088.000000
491812678974436479598592.000000
529835958138776254939136.000000
478564782224172371673088.000000
484826947434038498951168.000000
478564782224172371673088.000000
498728478619820651184128.000000
478564782224172371673088.000000
497362410752049613373440.000000
479913880528547477454848.000000
478563521216276707934208.000000
478563521216276707934208.000000
478563521216276707934208.000000
514616025183679154225152.000000
523347712227616128761856.000000
518110386148954431553536.000000
521018018154775880663040.000000
478563521216276707934208.000000
478563521216276707934208.000000
481356149302013624057856.000000
478563521216276707934208.000000
496403252117810754617344.000000
480084260709650158059520.000000
534591218913324214255616.000000
485714156560630486663168.000000
478563521216276707934208.000000
478563521216276707934208.000000
478563521216276707934208.000000
481952461921474496692224.000000
514538635327682419621888.000000
478563521216276707934208.000000
478563521216276707934208.000000
480341506320365560791040.000000
478563521216276707934208.000000
486799812301202927910912.000000
486929768172050330943488.000000
495767776195990268149760.000000
478563521216276707934208.000000
478563521216276707934208.000000
501580410105450781999104.000000
478563521216276707934208.000000
483464050100405129969664.000000
478563521216276707934208.000000
635297651332836633870336.000000
478853012600324083417088.000000
569770204697001879142400.000000
488751240034141073309696.000000
478563521216276707934208.000000
487520784558349415874560.000000
538670543426999390568448.000000
480712062497705605201920.000000
509350416499357570301952.000000
478563521216276707934208.000000
511048165472485190402048.000000
478563521216276707934208.000000
478563521216276707934208.000000
513723087478361151242240.000000
478563521216276707934208.000000
478563521216276707934208.000000
478898120654191826305024.000000
524039176900004085235712.000000
478563521216276707934208.000000
478563521216276707934208.000000
478563521216276707934208.000000
478563521216276707934208.000000
478563521216276707934208.000000
478563521216276707934208.000000
589660334436885165244416.000000
494935294812070086705152.000000
478563521216276707934208.000000
491879620479297714651136.000000
481708258735279958917120.000000
490970722016900310630400.000000
479773548364158612799488.000000
522252544884630681026560.000000
490456410939454599987200.000000
478563521216276707934208.000000
487498446704197658214400.000000
536691301462762604986368.000000
498034131643671177592832.000000
482422241405804767870976.000000
505870106764919688921088.000000
478563521216276707934208.000000
511032709118564054859776.000000
484806122789361537777664.000000
479716046404116346306560.000000
478563521216276707934208.000000
482524887448511796215808.000000
478876359260792372068352.000000
478563521216276707934208.000000
478563521216276707934208.000000
478563521216276707934208.000000
478563521216276707934208.000000
478563521216276707934208.000000
492096441779757839810560.000000
478563521216276707934208.000000
478563521216276707934208.000000
478563521216276707934208.000000
478684541945463407902720.000000
487843530522045295099904.000000
479050630551973100781568.000000
491981077571703117185024.000000
502054909362190537457664.000000
478563521216276707934208.000000
491566530233202917769216.000000
478563521216276707934208.000000
491987346582384416915456.000000
484974881674598365003776.000000
478563521216276707934208.000000
604557449370692348805120.000000
478563521216276707934208.000000
478563521216276707934208.000000
512811198625811173212160.000000
564776865631752605925376.000000
478563521216276707934208.000000
524004481168474822934528.000000
478563521216276707934208.000000
478563521216276707934208.000000
478563521216276707934208.000000
478563521216276707934208.000000
478563521216276707934208.000000
486904511985340037201920.000000
478563521216276707934208.000000
525554800304200842477568.000000
523807763936751279669248.000000
479537631801278436737024.000000
478563521216276707934208.000000
478563521216276707934208.000000
500240607230706568921088.000000
478563521216276707934208.000000
478563521216276707934208.000000
481052642715925871591424.000000
478563521216276707934208.000000
475921925847643288764416.000000
509737473865732300210176.000000
476086397306034859278336.000000
485220742185455775121408.000000
492227010140154565230592.000000
475921925847643288764416.000000
514646901862724406345728.000000
475921925847643288764416.000000
479581803106423686561792.000000
475921925847643288764416.000000
508250889671932827926528.000000
477713890124975499640832.000000
475921925847643288764416.000000
475921925847643288764416.000000
500026452061225847095296.000000
478954217491150353203200.000000
475921925847643288764416.000000
478384097807122267373568.000000
475921925847643288764416.000000
475921925847643288764416.000000
475921925847643288764416.000000
526322213680704774995968.000000
475921925847643288764416.000000
475921925847643288764416.000000
475921925847643288764416.000000
487177105863585518583808.000000
481304087690321221124096.000000
475921925847643288764416.000000
522945342622508339167232.000000
475921925847643288764416.000000
509020140517084727607296.000000
512519653600333716783104.000000
523319897996317488578560.000000
479341346915119121039360.000000
594202701049848066473984.000000
475921925847643288764416.000000
475921925847643288764416.000000
475921925847643288764416.000000
475921925847643288764416.000000
475921925847643288764416.000000
475921925847643288764416.000000
478552208174012753248256.000000
479572471647995774894080.000000
475921925847643288764416.000000
475921925847643288764416.000000
475921925847643288764416.000000
475921925847643288764416.000000
479822187240134214156288.000000
491164448858471279886336.000000
475921925847643288764416.000000
475921925847643288764416.000000
475921925847643288764416.000000
475921925847643288764416.000000
475921925847643288764416.000000
475921925847643288764416.000000
479169597639729719803904.000000
475921925847643288764416.000000
475921925847643288764416.000000
475921925847643288764416.000000
475921925847643288764416.000000
475921925847643288764416.000000
492114996610222606254080.000000
475921925847643288764416.000000
475921925847643288764416.000000
495278973506833983995904.000000
475921925847643288764416.000000
475921925847643288764416.000000
491541238017695605063680.000000
475921925847643288764416.000000
475921925847643288764416.000000
476987729721058280865792.000000
475921925847643288764416.000000
485850633643738322173952.000000
475921925847643288764416.000000
475921925847643288764416.000000
500145202976200352333824.000000
658702894625078120546304.000000
477908085340907715428352.000000
511404166015829573369856.000000
475921925847643288764416.000000
475921925847643288764416.000000
514061037594399033262080.000000
494431251941774780792832.000000
475921925847643288764416.000000
475921925847643288764416.000000
486306722185201387044864.000000
476415196107629924450304.000000
475921925847643288764416.000000
475921925847643288764416.000000
475921925847643288764416.000000
475921925847643288764416.000000
484705566416881609342976.000000
488431700633379881877504.000000
475921925847643288764416.000000
475980436614002086248448.000000
506180134563267873865728.000000
475921925847643288764416.000000
475921925847643288764416.000000
475921925847643288764416.000000
478456263487551252201472.000000
482092758057066342383616.000000
475921925847643288764416.000000
475921925847643288764416.000000
524012911906977260503040.000000
479462691903478991683584.000000
475921925847643288764416.000000
537612557802537513648128.000000
492709471761035511726080.000000
483997420411473872551936.000000
492364171770405761056768.000000
475921925847643288764416.000000
475921925847643288764416.000000
475921925847643288764416.000000
475921925847643288764416.000000
476555204012845618429952.000000
491339548811983444770816.000000
475921925847643288764416.000000
478819397732705390034944.000000
475921925847643288764416.000000
475921925847643288764416.000000
475921925847643288764416.000000
475921925847643288764416.000000
492813486898029260701696.000000
475921925847643288764416.000000
475921925847643288764416.000000
495188036823158118940672.000000
475921925847643288764416.000000
475921925847643288764416.000000
475921925847643288764416.000000
475921925847643288764416.000000
478084518359909581979648.000000
475921925847643288764416.000000
515214859818931354337280.000000
489586171376258544304128.000000
475921925847643288764416.000000
530585645347146857185280.000000
498960828331795949813760.000000
475921925847643288764416.000000
475921925847643288764416.000000
475921925847643288764416.000000
475921925847643288764416.000000
475921925847643288764416.000000
475921925847643288764416.000000
475921925847643288764416.000000
505334935013999998140416.000000
505295555538858270523392.000000
475921925847643288764416.000000
475921925847643288764416.000000
476426473121096860172288.000000
477704738810532682792960.000000
520717465930043683241984.000000
475921925847643288764416.000000
485056811159019489067008.000000
476560932591571633700864.000000
511534121886676976402432.000000
475921925847643288764416.000000
475921925847643288764416.000000
475921925847643288764416.000000
475921925847643288764416.000000
487197137874728062550016.000000
475921925847643288764416.000000
476299039266040784617472.000000
475921925847643288764416.000000
558936381462196432928768.000000
475921925847643288764416.000000
475921925847643288764416.000000
475921925847643288764416.000000
482540812176794178289664.000000
475921925847643288764416.000000
477174683148789684895744.000000
475921925847643288764416.000000
499934146283263261409280.000000
475921925847643288764416.000000
481421901856573233299456.000000
475921925847643288764416.000000
485813992357170035818496.000000
479944108689246388224000.000000
462866242729475353608192.000000
462866242729475353608192.000000
462866242729475353608192.000000
500501383663529830121472.000000
475175156971831222599680.000000
462866242729475353608192.000000
469760965528603431272448.000000
462866242729475353608192.000000
462866242729475353608192.000000
462866242729475353608192.000000
462866242729475353608192.000000
472698861723920810115072.000000
464536249528898371452928.000000
462866242729475353608192.000000
462866242729475353608192.000000
462866242729475353608192.000000
484912263625379405627392.000000
488818902114942687641600.000000
476641925327270264700928.000000
467848412867648747995136.000000
466184819194095105736704.000000
470851124868803243016192.000000
462866242729475353608192.000000
481036177555688205058048.000000
462866242729475353608192.000000
462866242729475353608192.000000
462866242729475353608192.000000
462866242729475353608192.000000
462866242729475353608192.000000
518682199186442408689664.000000
468559837493585210507264.000000
474638183781060583620608.000000
462866242729475353608192.000000
470523767219088936402944.000000
462866242729475353608192.000000
484285362557249432584192.000000
462866242729475353608192.000000
462866242729475353608192.000000
462866242729475353608192.000000
485098712649952544161792.000000
474898671983507693109248.000000
462866242729475353608192.000000
462866242729475353608192.000000
462866242729475353608192.000000
468233020275826188353536.000000
462866242729475353608192.000000
465002894507887992766464.000000
462866242729475353608192.000000
462866242729475353608192.000000
462866242729475353608192.000000
462866242729475353608192.000000
462866242729475353608192.000000
477317501300172858064896.000000
462866170671881315680256.000000
462866170671881315680256.000000
463702435079488488341504.000000
483860114666034600869888.000000
464157947160199249788928.000000
487827713880153969917952.000000
462866170671881315680256.000000
462866170671881315680256.000000
462866170671881315680256.000000
462866170671881315680256.000000
468567151339380060192768.000000
462866170671881315680256.000000
462866170671881315680256.000000
462866170671881315680256.000000
486476633991942821117952.000000
473623324626630406569984.000000
462866170671881315680256.000000
462866170671881315680256.000000
490880577966758862782464.000000
467836487335835470921728.000000
462866170671881315680256.000000
462866170671881315680256.000000
472339150214483473858560.000000
480462058675191014227968.000000
474091338699906748514304.000000
506607616239897881346048.000000
465897489537868868091904.000000
462866170671881315680256.000000
462866170671881315680256.000000
469363099523123012173824.000000
470696777502374001377280.000000
535911746381663281610752.000000
468586895120146452447232.000000
462866170671881315680256.000000
478522952790833354506240.000000
499371376473827044229120.000000
462866170671881315680256.000000
462866170671881315680256.000000
473373248746521777668096.000000
475947182034353582505984.000000
462866170671881315680256.000000
493618298165838877818880.000000
462866170671881315680256.000000
462866170671881315680256.000000
462866170671881315680256.000000
462866170671881315680256.000000
465031357257532974301184.000000
515682729777019620425728.000000
475685793111980998918144.000000
462866170671881315680256.000000
498716192800037184471040.000000
500145022832215257513984.000000
508340817549292161990656.000000
462866170671881315680256.000000
462866170671881315680256.000000
479104529632313470877696.000000
484645110095483787804672.000000
465764795478448023797760.000000
462866170671881315680256.000000
462866170671881315680256.000000
462866170671881315680256.000000
462866170671881315680256.000000
463895369287525040390144.000000
462866170671881315680256.000000
464002374814671363375104.000000
462866170671881315680256.000000
462866170671881315680256.000000
466253994484371516555264.000000
501869397086339891986432.000000
462866170671881315680256.000000
462866170671881315680256.000000
462866170671881315680256.000000
488424675017961183903744.000000
502437931503299143401472.000000
481225833143196031385600.000000
466832256676525888241664.000000
462866170671881315680256.000000
462866170671881315680256.000000
465906965111484855615488.000000
471825055309819876999168.000000
462866170671881315680256.000000
470665648621749616508928.000000
462866170671881315680256.000000
485842491135612036317184.000000
467854141446374763266048.000000
541907226435995037597696.000000
474207711714278002130944.000000
462866170671881315680256.000000
462866170671881315680256.000000
538646692363372836421632.000000
478763877356499166560256.000000
502128047820139034312704.000000
466439326616237067206656.000000
530354844873443374006272.000000
476063735192709930942464.000000
509491072922919605633024.000000
463926426110555387330560.000000
494492032522345773006848.000000
471116549016441950568448.000000
462866170671881315680256.000000
541073051698614964846592.000000
462866170671881315680256.000000
510162145296194828500992.000000
475632290348407837425664.000000
462866170671881315680256.000000
462866170671881315680256.000000
472426195788081290805248.000000
528242476504221516562432.000000
465287990378699054645248.000000
499536244248985823346688.000000
466048810485348516757504.000000
462854353226459095498752.000000
462854353226459095498752.000000
464111614127232862126080.000000
462854353226459095498752.000000
467275951311814429507584.000000
487133114702425363578880.000000
462854353226459095498752.000000
536917129962477471137792.000000
462854353226459095498752.000000
463262199208713767616512.000000
465874719338152882864128.000000
468612763796406068576256.000000
471092193549657130926080.000000
500636743853930077749248.000000
464104660569408202080256.000000
462854281168865057570816.000000
469836589973546236641280.000000
462854281168865057570816.000000
470226781845261616414720.000000
462854281168865057570816.000000
462854281168865057570816.000000
469375385342906478886912.000000
489628216982379675254784.000000
462854281168865057570816.000000
473831571073400018305024.000000
462854281168865057570816.000000
462854281168865057570816.000000
462854281168865057570816.000000
462854281168865057570816.000000
462854281168865057570816.000000
462854281168865057570816.000000
465666400833789233201152.000000
485890625608429372178432.000000
654460936121659340881920.000000
462854245140068038606848.000000
464931449403399387217920.000000
462854245140068038606848.000000
462854245140068038606848.000000
462854245140068038606848.000000
462854245140068038606848.000000
462854245140068038606848.000000
469279620800430072659968.000000
462854245140068038606848.000000
485804985157915294826496.000000
483222513045189995528192.000000
462854245140068038606848.000000
462854245140068038606848.000000
506227260229768678735872.000000
462854245140068038606848.000000
477035071560341199519744.000000
469011350377826866954240.000000
462854245140068038606848.000000
484258052729109057896448.000000
467067128404292514349056.000000
483027885483693552173056.000000
470206461603742920736768.000000
462854245140068038606848.000000
471801096159802265960448.000000
514625392670904084856832.000000
462854245140068038606848.000000
462854245140068038606848.000000
474672194965446485606400.000000
462854245140068038606848.000000
479237583979704504811520.000000
462854173082474000678912.000000
464442610685446084100096.000000
465609619449687345987584.000000
485449164758556006678528.000000
462854173082474000678912.000000
462854173082474000678912.000000
526129567703044374659072.000000
463020554067107576283136.000000
471424631259751111458816.000000
635385561597562905952256.000000
462854173082474000678912.000000
496833363896623146467328.000000
462854173082474000678912.000000
462854173082474000678912.000000
482072942218705912201216.000000
463140565989977745260544.000000
493437145374427526987776.000000
462854173082474000678912.000000
477074811323453116776448.000000
509943810786259906854912.000000
462854173082474000678912.000000
462854173082474000678912.000000
505693529630729746513920.000000
462854173082474000678912.000000
462854173082474000678912.000000
462854173082474000678912.000000
463165642032702944182272.000000
533114038235546691567616.000000
462854173082474000678912.000000
462854173082474000678912.000000
479673208164460798148608.000000
466374222580023799316480.000000
462854173082474000678912.000000
462854173082474000678912.000000
462854173082474000678912.000000
462854173082474000678912.000000
462854173082474000678912.000000
547188507647019870846976.000000
468555009634784669335552.000000
462854173082474000678912.000000
471282065309947071037440.000000
462854173082474000678912.000000
462854173082474000678912.000000
462854173082474000678912.000000
511021504162691157065728.000000
600247972901660030664704.000000
462854173082474000678912.000000
475257014398658308734976.000000
462854173082474000678912.000000
462854173082474000678912.000000
462854173082474000678912.000000
495137236219361379745792.000000
462854173082474000678912.000000
462854173082474000678912.000000
462854173082474000678912.000000
462854173082474000678912.000000
466701688316129162821632.000000
467327688664333661765632.000000
474500121430883913695232.000000
462854173082474000678912.000000
462854173082474000678912.000000
523866094559124982333440.000000
462854173082474000678912.000000
462854173082474000678912.000000
462854173082474000678912.000000
539482344281430686695424.000000
462854173082474000678912.000000
462854173082474000678912.000000
478435763102047461703680.000000
481765508493743092662272.000000
462854173082474000678912.000000
486856917944477985800192.000000
482882004884563767066624.000000
467873596996765003808768.000000
479547611778052689756160.000000
470884199304466651938816.000000
462854173082474000678912.000000
477241408480868806164480.000000
472565411059762567577600.000000
464232454712434467274752.000000
462854173082474000678912.000000
518855894016870833979392.000000
462854173082474000678912.000000
462854173082474000678912.000000
462854137053676981714944.000000
462854137053676981714944.000000
462854137053676981714944.000000
551740674092771930275840.000000
470206641747728015556608.000000
498256393292481166311424.000000
462854137053676981714944.000000
531475844863891418906624.000000
462854137053676981714944.000000
462873700690458279149568.000000
469290285324347685994496.000000
462854137053676981714944.000000
462854137053676981714944.000000
462854137053676981714944.000000
466619506630128906010624.000000
462854137053676981714944.000000
462854137053676981714944.000000
500052681025455652864000.000000
462854137053676981714944.000000
462854137053676981714944.000000
462854137053676981714944.000000
463455097387953300701184.000000
468059649704570933739520.000000
462854137053676981714944.000000
512602303660695220125696.000000
462854137053676981714944.000000
462854137053676981714944.000000
521509414917317530222592.000000
462854137053676981714944.000000
502872402766550829891584.000000
462854137053676981714944.000000
462854137053676981714944.000000
462854137053676981714944.000000
462854137053676981714944.000000
462854137053676981714944.000000
462854137053676981714944.000000
462854137053676981714944.000000
462854137053676981714944.000000
482076220839234637922304.000000
484697351851161285558272.000000
465402525924422341099520.000000
462854137053676981714944.000000
462854137053676981714944.000000
462854137053676981714944.000000
463854080286141307682816.000000
487854987679497325641728.000000
462854137053676981714944.000000
462854137053676981714944.000000
572670018453870213070848.000000
462854137053676981714944.000000
462854137053676981714944.000000
466040704006019249864704.000000
462854064996082943787008.000000
466460691692869312839680.000000
462854064996082943787008.000000
463464104587208041693184.000000
462854064996082943787008.000000
462854064996082943787008.000000
462854064996082943787008.000000
500097032474585997508608.000000
462854064996082943787008.000000
508242819221400579997696.000000
484955714354584276172800.000000
496585846061102864007168.000000
508872890823668221870080.000000
485399048701902627799040.000000
462854064996082943787008.000000
487234355622048652328960.000000
462854064996082943787008.000000
501620726329315002679296.000000
476073066651137842610176.000000
487004924242631889780736.000000
475130193033151555567616.000000
462854064996082943787008.000000
462854064996082943787008.000000
462854064996082943787008.000000
462854064996082943787008.000000
547779307860536841994240.000000
462854064996082943787008.000000
559686753217710395490304.000000
462854064996082943787008.000000
466190727916806215827456.000000
525302202408300886097920.000000
495560250325161035694080.000000
474349485030547625345024.000000
462854064996082943787008.000000
462854064996082943787008.000000
462854064996082943787008.000000
462854064996082943787008.000000
463092251373175314579456.000000
478222616738883270868992.000000
467370022500830944428032.000000
462854064996082943787008.000000
462854064996082943787008.000000
462854064996082943787008.000000
462854064996082943787008.000000
464484115859611930591232.000000
502789320360625098981376.000000
465234235413546760404992.000000
462854064996082943787008.000000
462854064996082943787008.000000
480099068545224952250368.000000
522577956979305963585536.000000
518133516636640606420992.000000
462854064996082943787008.000000
469311145997821666131968.000000
462854064996082943787008.000000
462854064996082943787008.000000
467604930257394589499392.000000
464350485051468593233920.000000
484271671614382226276352.000000
474781758537181155033088.000000
479330502247216412884992.000000
494069594877298420482048.000000
462854028967285924823040.000000
462854028967285924823040.000000
462854028967285924823040.000000
462854028967285924823040.000000
462854028967285924823040.000000
489569129755268574347264.000000
462854028967285924823040.000000
685068768283555952328704.000000
462854028967285924823040.000000
462854028967285924823040.000000
464912930601731639738368.000000
465110800754959789850624.000000
462854028967285924823040.000000
462854028967285924823040.000000
465094443681113180209152.000000
462854028967285924823040.000000
462854028967285924823040.000000
510948689963915830886400.000000
482601556728568151539712.000000
469547747107845202509824.000000
491311482379105671839744.000000
462854028967285924823040.000000
519697022312075566776320.000000
462854028967285924823040.000000
462854028967285924823040.000000
462854028967285924823040.000000
483051484345740973572096.000000
470368086787169993097216.000000
462854028967285924823040.000000
462854028967285924823040.000000
462854028967285924823040.000000
462854028967285924823040.000000
462854028967285924823040.000000
462854028967285924823040.000000
492063403372891449851904.000000
639832451898425552666624.000000
462854028967285924823040.000000
463097871865510272958464.000000
462854028967285924823040.000000
465669751511911996850176.000000
506848901093533883039744.000000
462854028967285924823040.000000
475533391300590781333504.000000
491142723493868844613632.000000
462854028967285924823040.000000
462854028967285924823040.000000
477748549827707742978048.000000
494764590371794235424768.000000
480896493909645681754112.000000
462854028967285924823040.000000
467449105710287570337792.000000
462854028967285924823040.000000
465701961256446950637568.000000
474482647464329716170752.000000
462854028967285924823040.000000
462854028967285924823040.000000
462854028967285924823040.000000
557502939743999932497920.000000
462854028967285924823040.000000
462854028967285924823040.000000
462854028967285924823040.000000
491506109940602115194880.000000
463703479914602038296576.000000
462854028967285924823040.000000
462854028967285924823040.000000
485791005984671936806912.000000
485677335130077105487872.000000
462854028967285924823040.000000
462854028967285924823040.000000
478491643766223874818048.000000
462854028967285924823040.000000
462854028967285924823040.000000
462854028967285924823040.000000
462854028967285924823040.000000
463668820211869794959360.000000
466874230225052981264384.000000
462854028967285924823040.000000
462854028967285924823040.000000
462854028967285924823040.000000
462854028967285924823040.000000
469390481408857424789504.000000
464895204433598309466112.000000
462854028967285924823040.000000
480576558192117281718272.000000
462854028967285924823040.000000
491787999248478489280512.000000
507294865543034619035648.000000
462854028967285924823040.000000
462854028967285924823040.000000
462854028967285924823040.000000
462854028967285924823040.000000
521161412766911357255680.000000
468060226165323237163008.000000
465515944577438039670784.000000
462854028967285924823040.000000
488477817493564155756544.000000
462854028967285924823040.000000
462854028967285924823040.000000
462854028967285924823040.000000
487111749625793117945856.000000
471466496721887147589632.000000
462854028967285924823040.000000
496653364026716402483200.000000
462854028967285924823040.000000
462854028967285924823040.000000
464575484888852023214080.000000
476003098727327014584320.000000
462854028967285924823040.000000
462854028967285924823040.000000
462854028967285924823040.000000
462854028967285924823040.000000
463041991201333859844096.000000
488924754720584403779584.000000
462854028967285924823040.000000
462854028967285924823040.000000
462997675781000534163456.000000
470942601984434392530944.000000
462854028967285924823040.000000
466037137155114372431872.000000
468218572728221583802368.000000
502218732302235766620160.000000
462854028967285924823040.000000
462854028967285924823040.000000
462854028967285924823040.000000
514722202048494041038848.000000
462854028967285924823040.000000
462854028967285924823040.000000
462854028967285924823040.000000
491605945737141664350208.000000
465123663035495559987200.000000
495801859437970208063488.000000
564036798112186067058688.000000
462854028967285924823040.000000
478182372572613088116736.000000
462854028967285924823040.000000
462854028967285924823040.000000
569580188821523863175168.000000
545628352649707674140672.000000
462854028967285924823040.000000
472517204529351193788416.000000
462878204290085649645568.000000
462854028967285924823040.000000
485464188766912914653184.000000
464010877610767838871552.000000
462854028967285924823040.000000
462854028967285924823040.000000
472916944032276599013376.000000
462854028967285924823040.000000
462854028967285924823040.000000
462854028967285924823040.000000
462854028967285924823040.000000
613587779113119515672576.000000
509516148965644804554752.000000
462854028967285924823040.000000
470821545226450673598464.000000
462854028967285924823040.000000
464030513305143174234112.000000
462854028967285924823040.000000
463466914833375520882688.000000
473555986805001962913792.000000
462854028967285924823040.000000
462854028967285924823040.000000
462854028967285924823040.000000
548952261376286232936448.000000
463096718944005666111488.000000
473656615235075929276416.000000
462854028967285924823040.000000
487266781539365719900160.000000
536090557301268399783936.000000
462854028967285924823040.000000
481379423904887874781184.000000
468846734804247220584448.000000
462854028967285924823040.000000
463743724080872221048832.000000
462854028967285924823040.000000
462854028967285924823040.000000
466047189189482663378944.000000
462854028967285924823040.000000
462854028967285924823040.000000
462854028967285924823040.000000
462854028967285924823040.000000
462854028967285924823040.000000
467685490647528992931840.000000
462854028967285924823040.000000
462854028967285924823040.000000
462854028967285924823040.000000
462854028967285924823040.000000
512544621556667858812928.000000
471182157455813483954176.000000
462854028967285924823040.000000
468065090052920797298688.000000
548758678649903339536384.000000
610989094041735682588672.000000
465329207322488749424640.000000
462854028967285924823040.000000
462854028967285924823040.000000
508363731864196223074304.000000
462854028967285924823040.000000
465078014549672532639744.000000
468863272022078925045760.000000
462854028967285924823040.000000
469508691891876645568512.000000
467108561520864322912256.000000
462854028967285924823040.000000
470351333396556174852096.000000
463260830114427046985728.000000
462854028967285924823040.000000
462854028967285924823040.000000
462854028967285924823040.000000
462854028967285924823040.000000
462854028967285924823040.000000
463560229417654637559808.000000
470335660869852925526016.000000
472071888598196799143936.000000
462854028967285924823040.000000
478015162925648076341248.000000
462854028967285924823040.000000
462854028967285924823040.000000
511222580878853994971136.000000
462854028967285924823040.000000
462854028967285924823040.000000
468691486717892504846336.000000
469414080270904846188544.000000
462854028967285924823040.000000
499397461322868774141952.000000
462854028967285924823040.000000
462854028967285924823040.000000
469829023926172254208000.000000
462854028967285924823040.000000
517221447640105533571072.000000
462854028967285924823040.000000
462854028967285924823040.000000
483038225748437994831872.000000
462854028967285924823040.000000
462854028967285924823040.000000
462854028967285924823040.000000
476250724649238353936384.000000
462854028967285924823040.000000
465155656607248399990784.000000
462854028967285924823040.000000
462854028967285924823040.000000
462854028967285924823040.000000
462854028967285924823040.000000
466725719523740811788288.000000
473710874603386489012224.000000
472178605894966970417152.000000
469618435607596409815040.000000
462854028967285924823040.000000
476529551509368116084736.000000
473931262754751491604480.000000
470251533628813644660736.000000
505073221832454243876864.000000
462854028967285924823040.000000
469628487641964700762112.000000
473550942773419307958272.000000
462854028967285924823040.000000
479290510282525362880512.000000
467621611590414369816576.000000
478061568016208501932032.000000
474310141584202916691968.000000
496718684235711784157184.000000
462854028967285924823040.000000
462867683881356112166912.000000
503801477355278853734400.000000
517465794941488147202048.000000
462854028967285924823040.000000
462854028967285924823040.000000
462854028967285924823040.000000
462854028967285924823040.000000
462854028967285924823040.000000
495838752926117627166720.000000
481255448814345619767296.000000
481464199664273496997888.000000
467739677958245514739712.000000
483367673068379401355264.000000
462854028967285924823040.000000
462854028967285924823040.000000
462854028967285924823040.000000
462854028967285924823040.000000
462854028967285924823040.000000
490265566401645147848704.000000
462854028967285924823040.000000
487605019885779753631744.000000
462854028967285924823040.000000
463040874308626271961088.000000
471476188468285248897024.000000
462854028967285924823040.000000
462854028967285924823040.000000
462854028967285924823040.000000
482600151605484411944960.000000
462854028967285924823040.000000
462854028967285924823040.000000
463478083760451399712768.000000
462854028967285924823040.000000
476475724486621783916544.000000
463211002288149819817984.000000
462854028967285924823040.000000
463069877490226537955328.000000
476468770928797123870720.000000
462854028967285924823040.000000
482300428043083650695168.000000
677779710301055314034688.000000
489826087135607825367040.000000
462854028967285924823040.000000
462854028967285924823040.000000
462854028967285924823040.000000
464231914280479182815232.000000
462854028967285924823040.000000
462854028967285924823040.000000
462854028967285924823040.000000
462854028967285924823040.000000
462854028967285924823040.000000
466945927531120719560704.000000
462854028967285924823040.000000
491530717608966067585024.000000
462854028967285924823040.000000
473642600033035552292864.000000
462854028967285924823040.000000
468059001186224592388096.000000
470563290809418739875840.000000
462854028967285924823040.000000
566225907819058317754368.000000
462854028967285924823040.000000
462854028967285924823040.000000
462854028967285924823040.000000
462854028967285924823040.000000
462854028967285924823040.000000
462854028967285924823040.000000
462854028967285924823040.000000
466264695037086148853760.000000
477538393854696126152704.000000
465766777062284066816000.000000
462854028967285924823040.000000
462854028967285924823040.000000
513440405536950359949312.000000
462854028967285924823040.000000
462854028967285924823040.000000
477632140784539470397440.000000
465585083838917431525376.000000
462854028967285924823040.000000
462854028967285924823040.000000
462854028967285924823040.000000
462854028967285924823040.000000
467751711576449848705024.000000
548596080688956755148800.000000
462854028967285924823040.000000
465525240007068932374528.000000
462854028967285924823040.000000
489267244465046675259392.000000
505595855562011335196672.000000
462854028967285924823040.000000
495515214328887330734080.000000
462854028967285924823040.000000
550141427850694157664256.000000
501243612910917506826240.000000
464767230146586949451776.000000
510825543535705012043776.000000
462854028967285924823040.000000
479916366515541785968640.000000
466295859946507552686080.000000
462854028967285924823040.000000
498273615057456231088128.000000
470652390024446637768704.000000
462854028967285924823040.000000
491397771347966090543104.000000
462854028967285924823040.000000
462854028967285924823040.000000
462854028967285924823040.000000
462854028967285924823040.000000
462854028967285924823040.000000
490494313233918550081536.000000
467709990229501888430080.000000
476296661365437532995584.000000
494786243678802632769536.000000
531140164562065731616768.000000
466890371126117477122048.000000
462854028967285924823040.000000
462854028967285924823040.000000
462854028967285924823040.000000
477064435029911655153664.000000
513907735063083341578240.000000
462929545325837673299968.000000
462854028967285924823040.000000
463255281679686126534656.000000
462854028967285924823040.000000
462854028967285924823040.000000
462854028967285924823040.000000
462854028967285924823040.000000
478305086655259679391744.000000
508992290256989068460032.000000
464218403481597071327232.000000
502112303235841747058688.000000
462854028967285924823040.000000
462854028967285924823040.000000
462854028967285924823040.000000
462854028967285924823040.000000
478314057825717401419776.000000
479343328498955164057600.000000
530271474237141491384320.000000
482265191879599103934464.000000
561902127917609470918656.000000
518965025243041275838464.000000
462854028967285924823040.000000
544529438311832254152704.000000
462854028967285924823040.000000
537282534021843803701248.000000
474680769819136999030784.000000
462854028967285924823040.000000
462860225920373186625536.000000
462854028967285924823040.000000
462854028967285924823040.000000
462854028967285924823040.000000
552662831152472313036800.000000
462854028967285924823040.000000
462854028967285924823040.000000
482596404610594439692288.000000
504009435571672313757696.000000
462854028967285924823040.000000
462854028967285924823040.000000
462854028967285924823040.000000
462854028967285924823040.000000
474591994863282271813632.000000
462854028967285924823040.000000
525629596086812211675136.000000
464267618818324976107520.000000
462854028967285924823040.000000
467467696569549355745280.000000
462854028967285924823040.000000
462854028967285924823040.000000
539477408336239088631808.000000
462854028967285924823040.000000
475410064728394867671040.000000
462854028967285924823040.000000
480783003199035945254912.000000
478440482874456945983488.000000
475204484412604659269632.000000
462854028967285924823040.000000
484657359886470235553792.000000
479952287226169693044736.000000
462854028967285924823040.000000
462854028967285924823040.000000
462854028967285924823040.000000
462854028967285924823040.000000
462854028967285924823040.000000
484285038298076261908480.000000
491355797799438997520384.000000
516083838374231746281472.000000
475327630840815478112256.000000
465940760123088643817472.000000
481004256041529402982400.000000
462854028967285924823040.000000
509954331194989444333568.000000
479199573598849497825280.000000
465520376119471372238848.000000
462854028967285924823040.000000
462854028967285924823040.000000
462854028967285924823040.000000
462854028967285924823040.000000
521546236347870911397888.000000
466633990206530529525760.000000
491210673805046610657280.000000
462854028967285924823040.000000
464737758590625436925952.000000
472172156740300575866880.000000
464445024614846354685952.000000
470052798784457039413248.000000
500534998531148523503616.000000
471514955453877654126592.000000
546059473234836596981760.000000
462854028967285924823040.000000
463196554740545215266816.000000
475352490710758563250176.000000
467445250629006541193216.000000
462854028967285924823040.000000
462854028967285924823040.000000
497830568940514031173632.000000
462854028967285924823040.000000
491514936995871761367040.000000
492504828193967796387840.000000
471153946907747635167232.000000
462854028967285924823040.000000
609507445793127808368640.000000
464862634401093166039040.000000
462854028967285924823040.000000
462854028967285924823040.000000
463497575339638659219456.000000
462854028967285924823040.000000
547567998966020618321920.000000
462854028967285924823040.000000
479237331778125372063744.000000
462854028967285924823040.000000
462854028967285924823040.000000
522805118544510531403776.000000
462854028967285924823040.000000
462854028967285924823040.000000
462854028967285924823040.000000
473913356442633066512384.000000
486538603522815439142912.000000
462854028967285924823040.000000
483886920091016710062080.000000
462854028967285924823040.000000
462854028967285924823040.000000
486920184512043286528000.000000
462854028967285924823040.000000
469618723837972561526784.000000
699363481731206058344448.000000
462854028967285924823040.000000
462854028967285924823040.000000
462854028967285924823040.000000
466275431618597800116224.000000
499820295284683335270400.000000
463164200880822185623552.000000
470253407126258630787072.000000
549028534339575379656704.000000
462985353932420048486400.000000
462854028967285924823040.000000
462854028967285924823040.000000
462854028967285924823040.000000
489911331269354694115328.000000
462854028967285924823040.000000
475045201100983819567104.000000
480662522901804529745920.000000
471510343767859226738688.000000
462854028967285924823040.000000
462854028967285924823040.000000
464552210285977772490752.000000
472561952295248747036672.000000
474257791742134362046464.000000
489494478087845281005568.000000
462854028967285924823040.000000
462854028967285924823040.000000
465935644033911950934016.000000
465212077703380097564672.000000
469285061148779936219136.000000
479247744100463852650496.000000
462854028967285924823040.000000
462854028967285924823040.000000
531515188310236127559680.000000
523336363156555155111936.000000
462854028967285924823040.000000
465658834786415250767872.000000
465963170034834439405568.000000
462854028967285924823040.000000
462854028967285924823040.000000
462854028967285924823040.000000
462854028967285924823040.000000
462854028967285924823040.000000
471241280711721603825664.000000
462854028967285924823040.000000
480659820742028107448320.000000
462854028967285924823040.000000
462854028967285924823040.000000
462854028967285924823040.000000
462854028967285924823040.000000
462854028967285924823040.000000
546731338241646237057024.000000
474560541723484716269568.000000
475306950311326592794624.000000
462854028967285924823040.000000
462854028967285924823040.000000
462854028967285924823040.000000
462854028967285924823040.000000
462854028967285924823040.000000
462854028967285924823040.000000
522274018047653983551488.000000
483937180262858164797440.000000
462854028967285924823040.000000
487227113833847840571392.000000
475701177408308096532480.000000
462854028967285924823040.000000
468332099467628339265536.000000
468571330679834260013056.000000
462854028967285924823040.000000
476909150914759920451584.000000
462854028967285924823040.000000
462854028967285924823040.000000
462854028967285924823040.000000
462900289942658274557952.000000
483301668312240659365888.000000
462854028967285924823040.000000
477306944862646301622272.000000
472396255857758531747840.000000
495836483111905432436736.000000
545369341627938342174720.000000
462854028967285924823040.000000
531087922806388233863168.000000
462854028967285924823040.000000
485304545167321885310976.000000
462854028967285924823040.000000
573248352703618622685184.000000
462854028967285924823040.000000
462854028967285924823040.000000
462854028967285924823040.000000
466423005571187476529152.000000
462854028967285924823040.000000
468023909137928121483264.000000
468349609462979555753984.000000
462854028967285924823040.000000
463216838953266891980800.000000
490965894158099769458688.000000
462854028967285924823040.000000
463288752432116744060928.000000
499090027597905954603008.000000
506734077317434444873728.000000
462854028967285924823040.000000
462854028967285924823040.000000
493136917408868500242432.000000
474240461890768240377856.000000
462854028967285924823040.000000
462854028967285924823040.000000
491374100428324631216128.000000
468013280642807527112704.000000
463949340425459448414208.000000
466445667684512404865024.000000
543638806449523464863744.000000
462854028967285924823040.000000
462854028967285924823040.000000
462854028967285924823040.000000
462854028967285924823040.000000
462854028967285924823040.000000
476539135169375160500224.000000
537886772976648848408576.000000
498013415085385273311232.000000
462854028967285924823040.000000
463226458642070955360256.000000
462854028967285924823040.000000
464744640090856059043840.000000
465400256110210146369536.000000
462854028967285924823040.000000
462854028967285924823040.000000
467274546188730689912832.000000
498014207718919690518528.000000
462854028967285924823040.000000
463828103523490634661888.000000
463659164494268712615936.000000
462854028967285924823040.000000
472550819396969887170560.000000
462854028967285924823040.000000
462854028967285924823040.000000
462854028967285924823040.000000
488373514126194255069184.000000
484453581010530975350784.000000
467159290067067024179200.000000
472417044473638473957376.000000
466573858144305878663168.000000
462854028967285924823040.000000
482272253523814820872192.000000
504699567178570568564736.000000
478085347022241018150912.000000
462854028967285924823040.000000
475898110812813753581568.000000
462854028967285924823040.000000
462854028967285924823040.000000
462854028967285924823040.000000
462854028967285924823040.000000
462854028967285924823040.000000
462854028967285924823040.000000
523864437234462109990912.000000
476756388815399513227264.000000
462854028967285924823040.000000
462854028967285924823040.000000
495637387979578637549568.000000
488216140340815420456960.000000
495041003302523726987264.000000
464576313551183459385344.000000
462854028967285924823040.000000
462854028967285924823040.000000
479238592786021035802624.000000
462854028967285924823040.000000
484059317884752452648960.000000
492870412397319223771136.000000
498661753287741529915392.000000
462854028967285924823040.000000
484270951038441846996992.000000
462854028967285924823040.000000
462854028967285924823040.000000
599680123031844139565056.000000
519853531406325946253312.000000
464468227160126567481344.000000
462854028967285924823040.000000
476774295127517938319360.000000
462854028967285924823040.000000
463880921739920435838976.000000
470395360586513348820992.000000
462854028967285924823040.000000
553532674398901160116224.000000
465173418804178749227008.000000
464882846556220804825088.000000
462854028967285924823040.000000
472079634789555876397056.000000
462854028967285924823040.000000
462854028967285924823040.000000
523388388739450539081728.000000
462854028967285924823040.000000
462854028967285924823040.000000
530075441552561308434432.000000
462854028967285924823040.000000
476557870143825021763584.000000
493036000748418382168064.000000
462854028967285924823040.000000
479305390175694194999296.000000
462854028967285924823040.000000
471550083530971143995392.000000
537706881193133161316352.000000
472321928449508409081856.000000
527928233336622112833536.000000
462854028967285924823040.000000
462854028967285924823040.000000
464642858739277485834240.000000
462854028967285924823040.000000
462854028967285924823040.000000
462854028967285924823040.000000
462854028967285924823040.000000
462854028967285924823040.000000
462854028967285924823040.000000
537620592224272742612992.000000
462854028967285924823040.000000
554882457250419626213376.000000
462854028967285924823040.000000
462854028967285924823040.000000
486677314391338450419712.000000
464805997132179354681344.000000
462854028967285924823040.000000
462854028967285924823040.000000
476590043859562956587008.000000
567698368724426356162560.000000
462854028967285924823040.000000
462854028967285924823040.000000
462854028967285924823040.000000
462854028967285924823040.000000
514544976395957757280256.000000
496322007180532990869504.000000
462854028967285924823040.000000
462854028967285924823040.000000
462854028967285924823040.000000
484116279412839434682368.000000
462854028967285924823040.000000
462854028967285924823040.000000
466178514154616787042304.000000
471427765765091761324032.000000
462854028967285924823040.000000
462854028967285924823040.000000
501615970528108499435520.000000
463335193551474188615680.000000
462854028967285924823040.000000
507755313568936978546688.000000
462854028967285924823040.000000
462854028967285924823040.000000
462854028967285924823040.000000
466560671604596937850880.000000
462854028967285924823040.000000
462854028967285924823040.000000
462854028967285924823040.000000
462854028967285924823040.000000
562936658795212002295808.000000
462854028967285924823040.000000
468295782440233223585792.000000
462854028967285924823040.000000
462854028967285924823040.000000
462854028967285924823040.000000
463355333649007789473792.000000
463223900597482608918528.000000
462854028967285924823040.000000
462854028967285924823040.000000
462854028967285924823040.000000
466516284126669574242304.000000
462854028967285924823040.000000
506670522519492992434176.000000
462854028967285924823040.000000
475150261073091118497792.000000
462854028967285924823040.000000
462854028967285924823040.000000
462854028967285924823040.000000
475781233395284234469376.000000
469755272978674434965504.000000
462854028967285924823040.000000
462854028967285924823040.000000
462854028967285924823040.000000
462854028967285924823040.000000
473619469545349377425408.000000
462854028967285924823040.000000
481024215995077909020672.000000
471982753354371882287104.000000
487607974247135308677120.000000
468170005909840020373504.000000
502231414438786441936896.000000
462854028967285924823040.000000
494405347236718145699840.000000
507213224288989646684160.000000
462854028967285924823040.000000
462926410820497023434752.000000
462854028967285924823040.000000
462854028967285924823040.000000
462854028967285924823040.000000
474379569076058460258304.000000
462854028967285924823040.000000
462854028967285924823040.000000
462854028967285924823040.000000
470891981524622748155904.000000
472195503400768864518144.000000
500816563579851726913536.000000
462854028967285924823040.000000
479969292818362644037632.000000
462854028967285924823040.000000
481972602019008097550336.000000
489148601636463226912768.000000
462854028967285924823040.000000
481160693078185744531456.000000
462854028967285924823040.000000
569159480558733420920832.000000
487663710796123645935616.000000
462854028967285924823040.000000
479297283696364928106496.000000
482075608349685315534848.000000
479729701318186533650432.000000
462854028967285924823040.000000
462854028967285924823040.000000
604451092361892367171584.000000
469431302035879910965248.000000
479211607217053831790592.000000
470152454437011493748736.000000
533495979512744728592384.000000
462854028967285924823040.000000
478204926599546959560704.000000
462854028967285924823040.000000
466990459124236159025152.000000
479731790988413633560576.000000
476662497770368093126656.000000
462854028967285924823040.000000
480354945061653634351104.000000
462854028967285924823040.000000
472557088407651186900992.000000
462854028967285924823040.000000
502162455321292144902144.000000
471710231533720438833152.000000
462854028967285924823040.000000
462854028967285924823040.000000
478982824355983410593792.000000
462854028967285924823040.000000
462854028967285924823040.000000
462854028967285924823040.000000
462854028967285924823040.000000
462854028967285924823040.000000
462854028967285924823040.000000
462854028967285924823040.000000
462854028967285924823040.000000
462854028967285924823040.000000
538316632553882107510784.000000
462854028967285924823040.000000
475896777747324051914752.000000
502567743258958470578176.000000
481034844490198503391232.000000
462854028967285924823040.000000
462854028967285924823040.000000
463733672046503930101760.000000
487930900354816282722304.000000
462854028967285924823040.000000
469368323698690761949184.000000
502310065302678840279040.000000
463801045896929392721920.000000
464038043323720137703424.000000
465484455408843465162752.000000
478246323687321749159936.000000
486903503179023506210816.000000
462854028967285924823040.000000
463977767146307410984960.000000
507896726597236412121088.000000
462854028967285924823040.000000
479235278136695291117568.000000
465668454475219314147328.000000
473463248681475149660160.000000
539114598350258121474048.000000
462854028967285924823040.000000
462854028967285924823040.000000
462854028967285924823040.000000
499648113663729706467328.000000
462854028967285924823040.000000
462854028967285924823040.000000
462854028967285924823040.000000
462854028967285924823040.000000
494774354175786374660096.000000
462854028967285924823040.000000
462854028967285924823040.000000
462854028967285924823040.000000
462854028967285924823040.000000
469770224929437305012224.000000
462854028967285924823040.000000
462854028967285924823040.000000
462854028967285924823040.000000
473618893084597074001920.000000
462854028967285924823040.000000
487446601265287369064448.000000
469531101803622441156608.000000
467005771362969218711552.000000
478998244681107527172096.000000
489150727335487345786880.000000
475515665132457451061248.000000
462854028967285924823040.000000
462854028967285924823040.000000
505995342863357607673856.000000
473089666085185512275968.000000
523268809162144597671936.000000
483586079635908360929280.000000
465025160304445712498688.000000
510440107465196135514112.000000
462854028967285924823040.000000
463257695609086397120512.000000
473458564937862684344320.000000
462854028967285924823040.000000
501439357365121538064384.000000
465580111864928814497792.000000
462854028967285924823040.000000
486312883109491629883392.000000
509891208742612219461632.000000
462854028967285924823040.000000
470345604817830159581184.000000
463619352673562757431296.000000
482426997207011271114752.000000
462854028967285924823040.000000
462854028967285924823040.000000
462860009747591072841728.000000
462854028967285924823040.000000
462854028967285924823040.000000
462854028967285924823040.000000
472554458305468802531328.000000
462854028967285924823040.000000
462854028967285924823040.000000
585831338004897750581248.000000
462854028967285924823040.000000
463655741758551911038976.000000
462854028967285924823040.000000
462854028967285924823040.000000
462854028967285924823040.000000
462854028967285924823040.000000
468932915686716582395904.000000
462854028967285924823040.000000
462854028967285924823040.000000
482840499710397920575488.000000
478158953854550761537536.000000
462854028967285924823040.000000
462854028967285924823040.000000
551473556591673331417088.000000
462854028967285924823040.000000
462854028967285924823040.000000
462854028967285924823040.000000
462854028967285924823040.000000
462854028967285924823040.000000
564122258418715049590784.000000
462854028967285924823040.000000
472998369113539457581056.000000
473692499916906817388544.000000
462854028967285924823040.000000
462854028967285924823040.000000
506094277939971682729984.000000
462854028967285924823040.000000
463854944977269762818048.000000
462854028967285924823040.000000
462854028967285924823040.000000
470071821989283052388352.000000
490695245834893312131072.000000
462854028967285924823040.000000
462854028967285924823040.000000
494384162304070994886656.000000
462854028967285924823040.000000
464597642599018686054400.000000
469753543596417524695040.000000
478197792897737204695040.000000
481352762595093841444864.000000
462854028967285924823040.000000
463231646788841686171648.000000
470793767023949052379136.000000
475822414310276910284800.000000
462854028967285924823040.000000
462854028967285924823040.000000
464527350416034687352832.000000
462854028967285924823040.000000
462854028967285924823040.000000
462854028967285924823040.000000
500078045298557003497472.000000
506646094995114134863872.000000
463210137597021364682752.000000
464878523100578529148928.000000
464230941502959670788096.000000
462854028967285924823040.000000
462854028967285924823040.000000
488141056327827899547648.000000
480901718085213431529472.000000
462854028967285924823040.000000
462854028967285924823040.000000
462854028967285924823040.000000
462854028967285924823040.000000
476988810584968849784832.000000
462854028967285924823040.000000
462854028967285924823040.000000
480717574903649506689024.000000
470152382379417455820800.000000
490059914028260901519360.000000
462854028967285924823040.000000
497466209716261248565248.000000
509179964260660851769344.000000
474857419010920979365888.000000
468770389783364035936256.000000
462854028967285924823040.000000
462854028967285924823040.000000
462854028967285924823040.000000
469018231878057489072128.000000
462854028967285924823040.000000
462854028967285924823040.000000
463429552970866855247872.000000
600110342897047588306944.000000
462854028967285924823040.000000
472720479002132188495872.000000
462854028967285924823040.000000
511197901152896004653056.000000
488929330377805812203520.000000
462854028967285924823040.000000
462854028967285924823040.000000
465425980671281686642688.000000
480080513714760185806848.000000
463873463778937510297600.000000
485978427786764587368448.000000
462854028967285924823040.000000
492497802578549098414080.000000
464577538530282104160256.000000
462854028967285924823040.000000
463302659547766064152576.000000
462854028967285924823040.000000
492632262049023871942656.000000
462854028967285924823040.000000
462854028967285924823040.000000
467769581859771254833152.000000
536945016251370149249024.000000
463565417564425368371200.000000
470416509490363480670208.000000
466633197572996112318464.000000
462854028967285924823040.000000
470994663596126795464704.000000
462854028967285924823040.000000
472697060284069861916672.000000
463890217169551328542720.000000
462854028967285924823040.000000
462854028967285924823040.000000
462854028967285924823040.000000
462854028967285924823040.000000
462854028967285924823040.000000
474043204227089412653056.000000
462854028967285924823040.000000
465011181131202354479104.000000
462854028967285924823040.000000
473181899805554060034048.000000
462854028967285924823040.000000
473939765550847967100928.000000
462854028967285924823040.000000
462854028967285924823040.000000
462854028967285924823040.000000
462854028967285924823040.000000
462854028967285924823040.000000
462854028967285924823040.000000
471152145467896686968832.000000
462854028967285924823040.000000
462854028967285924823040.000000
462854028967285924823040.000000
507475658046475780227072.000000
462854028967285924823040.000000
468974817177649637490688.000000
462854028967285924823040.000000
529533532416599071391744.000000
517075134695411520897024.000000
463212839756797786980352.000000
467110543104700365930496.000000
492525400637065624813568.000000
463580513630376314273792.000000
488777036652806651510784.000000
462854028967285924823040.000000
462854028967285924823040.000000
476798038104753435574272.000000
472929842341609388113920.000000
463627747383268176035840.000000
464765716937112152965120.000000
471362589671284455505920.000000
500710026427066650460160.000000
462854028967285924823040.000000
462854028967285924823040.000000
462854028967285924823040.000000
462854028967285924823040.000000
490839108821390035255296.000000
493144483456242482675712.000000
467304558176647486898176.000000
462854028967285924823040.000000
462854028967285924823040.000000
478460082540035262382080.000000
487635572305651835076608.000000
462854028967285924823040.000000
462854028967285924823040.000000
473422319968061606592512.000000
464618034898131419660288.000000
468774028691862951297024.000000
462854028967285924823040.000000
462854028967285924823040.000000
464010337178812554412032.000000
462854028967285924823040.000000
468862803647717678514176.000000
467373265092562651185152.000000
488374847191683956736000.000000
479272603970406937788416.000000
462854028967285924823040.000000
462854028967285924823040.000000
471244631389844367474688.000000
462854028967285924823040.000000
485518772394396645064704.000000
462854028967285924823040.000000
462854028967285924823040.000000
462854028967285924823040.000000
462854028967285924823040.000000
