1 2 0.968314
1 3 0.969792
1 5 0.871074
1 8 0.995805
1 12 0.955050
1 16 0.948468
1 17 0.977330
1 19 0.988027
2 1 0.968314
2 8 0.983151
2 19 0.965379
3 1 0.969792
3 8 0.982520
4 17 0.500000
5 1 0.871074
5 8 0.914799
8 1 0.995805
8 2 0.983151
8 3 0.982520
8 5 0.914799
8 12 0.974860
8 13 0.925023
8 14 0.970672
8 15 0.881373
8 16 0.970539
8 17 0.990979
8 19 0.995670
10 19 0.500000
12 1 0.955050
12 8 0.974860
13 8 0.925023
14 8 0.970672
15 8 0.881373
16 1 0.948468
16 8 0.970539
17 1 0.977330
17 4 0.500000
17 8 0.990979
17 19 0.982327
18 19 0.969458
19 1 0.988027
19 2 0.965379
19 8 0.995670
19 10 0.500000
19 17 0.982327
19 18 0.969458
1 1 0.991015
1 4 0.500000
1 6 0.996994
1 7 0.501554
1 9 0.628129
1 10 0.500000
1 11 0.660211
1 13 0.867513
1 14 0.916373
1 15 0.828946
1 18 0.946511
2 2 0.934264
2 3 0.928689
2 4 0.500000
2 5 0.823889
2 6 0.988332
2 7 0.501365
2 9 0.600349
2 10 0.500000
2 11 0.633652
2 12 0.907512
2 13 0.799687
2 14 0.872116
2 15 0.771950
2 16 0.899519
2 17 0.944044
2 18 0.898760
3 2 0.928689
3 3 0.932568
3 4 0.500000
3 5 0.815100
3 6 0.987915
3 7 0.501199
3 9 0.591549
3 10 0.500000
3 11 0.642453
3 12 0.906542
3 13 0.778500
3 14 0.855169
3 15 0.765084
3 16 0.896886
3 17 0.940015
3 18 0.879837
3 19 0.962661
4 1 0.500000
4 2 0.500000
4 3 0.500000
4 4 0.500000
4 5 0.500000
4 6 0.500000
4 7 0.500000
4 8 0.500000
4 9 0.500000
4 10 0.500000
4 11 0.500000
4 12 0.500000
4 13 0.500000
4 14 0.500000
4 15 0.500000
4 16 0.500000
4 18 0.500000
4 19 0.500000
5 2 0.823889
5 3 0.815100
5 4 0.500000
5 5 0.739881
5 6 0.866816
5 7 0.500984
5 9 0.557390
5 10 0.500000
5 11 0.604184
5 12 0.792895
5 13 0.635801
5 14 0.771176
5 15 0.677261
5 16 0.781134
5 17 0.845472
5 18 0.772233
5 19 0.879764
6 1 0.996994
6 2 0.988332
6 3 0.987915
6 4 0.500000
6 5 0.866816
6 6 1.000000
6 7 0.500939
6 8 0.999158
6 9 0.736157
6 10 0.500000
6 11 0.767883
6 12 0.968713
6 13 0.995879
6 14 0.977100
6 15 0.893611
6 16 0.967927
6 17 0.988675
6 18 0.998095
6 19 0.994686
7 1 0.501554
7 2 0.501365
7 3 0.501199
7 4 0.500000
7 5 0.500984
7 6 0.500939
7 7 0.500013
7 8 0.501682
7 9 0.500172
7 10 0.500000
7 11 0.500451
7 12 0.500993
7 13 0.500178
7 14 0.500359
7 15 0.500493
7 16 0.500930
7 17 0.501105
7 18 0.499457
7 19 0.501369
8 4 0.500000
8 6 0.999158
8 7 0.501682
8 8 0.998826
8 9 0.666954
8 10 0.500000
8 11 0.677485
8 18 0.982963
9 1 0.628129
9 2 0.600349
9 3 0.591549
9 4 0.500000
9 5 0.557390
9 6 0.736157
9 7 0.500172
9 8 0.666954
9 9 0.530364
9 10 0.500000
9 11 0.519683
9 12 0.586095
9 13 0.596742
9 14 0.599920
9 15 0.552817
9 16 0.586169
9 17 0.627111
9 18 0.642750
9 19 0.641668
10 1 0.500000
10 2 0.500000
10 3 0.500000
10 4 0.500000
10 5 0.500000
10 6 0.500000
10 7 0.500000
10 8 0.500000
10 9 0.500000
10 10 0.500000
10 11 0.500000
10 12 0.500000
10 13 0.500000
10 14 0.500000
10 15 0.500000
10 16 0.500000
10 17 0.500000
10 18 0.500000
11 1 0.660211
11 2 0.633652
11 3 0.642453
11 4 0.500000
11 5 0.604184
11 6 0.767883
11 7 0.500451
11 8 0.677485
11 9 0.519683
11 10 0.500000
11 11 0.618223
11 12 0.606948
11 13 0.558662
11 14 0.556778
11 15 0.561089
11 16 0.601055
11 17 0.621889
11 18 0.575087
11 19 0.647983
12 2 0.907512
12 3 0.906542
12 4 0.500000
12 5 0.792895
12 6 0.968713
12 7 0.500993
12 9 0.586095
12 10 0.500000
12 11 0.606948
12 12 0.886146
12 13 0.765141
12 14 0.852676
12 15 0.746873
12 16 0.875970
12 17 0.928688
12 18 0.886288
12 19 0.952511
13 1 0.867513
13 2 0.799687
13 3 0.778500
13 4 0.500000
13 5 0.635801
13 6 0.995879
13 7 0.500178
13 9 0.596742
13 10 0.500000
13 11 0.558662
13 12 0.765141
13 13 0.932808
13 14 0.837937
13 15 0.681773
13 16 0.769403
13 17 0.836308
13 18 0.941079
13 19 0.863461
14 1 0.916373
14 2 0.872116
14 3 0.855169
14 4 0.500000
14 5 0.771176
14 6 0.977100
14 7 0.500359
14 9 0.599920
14 10 0.500000
14 11 0.556778
14 12 0.852676
14 13 0.837937
14 14 0.936570
14 15 0.754411
14 16 0.847212
14 17 0.915920
14 18 0.940172
14 19 0.937259
15 1 0.828946
15 2 0.771950
15 3 0.765084
15 4 0.500000
15 5 0.677261
15 6 0.893611
15 7 0.500493
15 9 0.552817
15 10 0.500000
15 11 0.561089
15 12 0.746873
15 13 0.681773
15 14 0.754411
15 15 0.649237
15 16 0.738290
15 17 0.803340
15 18 0.781078
15 19 0.835750
16 2 0.899519
16 3 0.896886
16 4 0.500000
16 5 0.781134
16 6 0.967927
16 7 0.500930
16 9 0.586169
16 10 0.500000
16 11 0.601055
16 12 0.875970
16 13 0.769403
16 14 0.847212
16 15 0.738290
16 16 0.867203
16 17 0.919653
16 18 0.881002
16 19 0.945413
17 2 0.944044
17 3 0.940015
17 5 0.845472
17 6 0.988675
17 7 0.501105
17 9 0.627111
17 10 0.500000
17 11 0.621889
17 12 0.928688
17 13 0.836308
17 14 0.915920
17 15 0.803340
17 16 0.919653
17 17 0.971233
17 18 0.957680
18 1 0.946511
18 2 0.898760
18 3 0.879837
18 4 0.500000
18 5 0.772233
18 6 0.998095
18 7 0.499457
18 8 0.982963
18 9 0.642750
18 10 0.500000
18 11 0.575087
18 12 0.886288
18 13 0.941079
18 14 0.940172
18 15 0.781078
18 16 0.881002
18 17 0.957680
18 18 0.995444
19 3 0.962661
19 4 0.500000
19 5 0.879764
19 6 0.994686
19 7 0.501369
19 9 0.641668
19 11 0.647983
19 12 0.952511
19 13 0.863461
19 14 0.937259
19 15 0.835750
19 16 0.945413
19 19 0.990222
