1 2 0.932169
1 3 0.903482
1 5 0.917642
1 8 0.959285
1 12 0.767518
1 16 0.867611
1 17 0.872218
1 19 0.970679
2 1 0.932169
2 8 0.926522
2 19 0.953207
3 1 0.903482
3 8 0.893699
4 17 0.500000
5 1 0.917642
5 8 0.909516
8 1 0.959285
8 2 0.926522
8 3 0.893699
8 5 0.909516
8 12 0.780124
8 13 0.828484
8 14 0.900505
8 15 0.500000
8 16 0.862011
8 17 0.860848
8 19 0.965068
10 19 0.500000
12 1 0.767518
12 8 0.780124
13 8 0.828484
14 8 0.900505
15 8 0.500000
16 1 0.867611
16 8 0.862011
17 1 0.872218
17 4 0.500000
17 8 0.860848
17 19 0.929250
18 19 0.913867
19 1 0.970679
19 2 0.953207
19 8 0.965068
19 10 0.500000
19 17 0.929250
19 18 0.913867
1 1 0.964307
1 4 0.500000
1 6 0.976206
1 7 0.501728
1 9 0.618025
1 10 0.500000
1 11 0.748043
1 13 0.831270
1 14 0.885293
1 15 0.500000
1 18 0.854692
2 2 0.906033
2 3 0.857376
2 4 0.500000
2 5 0.869317
2 6 0.924184
2 7 0.501574
2 9 0.589340
2 10 0.500000
2 11 0.691297
2 12 0.727655
2 13 0.783777
2 14 0.855645
2 15 0.500000
2 16 0.820813
2 17 0.836616
2 18 0.820747
3 2 0.857376
3 3 0.827546
3 4 0.500000
3 5 0.832684
3 6 0.916585
3 7 0.501206
3 9 0.576427
3 10 0.500000
3 11 0.678018
3 12 0.690372
3 13 0.752060
3 14 0.803309
3 15 0.500000
3 16 0.784505
3 17 0.786212
3 18 0.771763
3 19 0.916262
4 1 0.500000
4 2 0.500000
4 3 0.500000
4 4 0.500000
4 5 0.500000
4 6 0.500000
4 7 0.500000
4 8 0.500000
4 9 0.500000
4 10 0.500000
4 11 0.500000
4 12 0.500000
4 13 0.500000
4 14 0.500000
4 15 0.500000
4 16 0.500000
4 18 0.500000
4 19 0.500000
5 2 0.869317
5 3 0.832684
5 4 0.500000
5 5 0.877257
5 6 0.945966
5 7 0.501617
5 9 0.591821
5 10 0.500000
5 11 0.716401
5 12 0.707515
5 13 0.775941
5 14 0.828717
5 15 0.500000
5 16 0.800541
5 17 0.794240
5 18 0.781927
5 19 0.928027
6 1 0.976206
6 2 0.924184
6 3 0.916585
6 4 0.500000
6 5 0.945966
6 6 0.999955
6 7 0.501885
6 8 0.977474
6 9 0.697615
6 10 0.500000
6 11 0.816708
6 12 0.831319
6 13 0.828705
6 14 0.892935
6 15 0.500000
6 16 0.877060
6 17 0.861825
6 18 0.771595
6 19 0.952360
7 1 0.501728
7 2 0.501574
7 3 0.501206
7 4 0.500000
7 5 0.501617
7 6 0.501885
7 7 0.500016
7 8 0.501976
7 9 0.500288
7 10 0.500000
7 11 0.500887
7 12 0.500999
7 13 0.501192
7 14 0.502051
7 15 0.500000
7 16 0.501106
7 17 0.501212
7 18 0.501063
7 19 0.502256
8 4 0.500000
8 6 0.977474
8 7 0.501976
8 8 0.959394
8 9 0.622260
8 10 0.500000
8 11 0.750050
8 18 0.834399
9 1 0.618025
9 2 0.589340
9 3 0.576427
9 4 0.500000
9 5 0.591821
9 6 0.697615
9 7 0.500288
9 8 0.622260
9 9 0.531088
9 10 0.500000
9 11 0.558354
9 12 0.553051
9 13 0.555536
9 14 0.580190
9 15 0.500000
9 16 0.562960
9 17 0.576862
9 18 0.553642
9 19 0.618338
10 1 0.500000
10 2 0.500000
10 3 0.500000
10 4 0.500000
10 5 0.500000
10 6 0.500000
10 7 0.500000
10 8 0.500000
10 9 0.500000
10 10 0.500000
10 11 0.500000
10 12 0.500000
10 13 0.500000
10 14 0.500000
10 15 0.500000
10 16 0.500000
10 17 0.500000
10 18 0.500000
11 1 0.748043
11 2 0.691297
11 3 0.678018
11 4 0.500000
11 5 0.716401
11 6 0.816708
11 7 0.500887
11 8 0.750050
11 9 0.558354
11 10 0.500000
11 11 0.666703
11 12 0.611912
11 13 0.647860
11 14 0.691788
11 15 0.500000
11 16 0.647975
11 17 0.647416
11 18 0.627778
11 19 0.750603
12 2 0.727655
12 3 0.690372
12 4 0.500000
12 5 0.707515
12 6 0.831319
12 7 0.500999
12 9 0.553051
12 10 0.500000
12 11 0.611912
12 12 0.634622
12 13 0.650103
12 14 0.725550
12 15 0.500000
12 16 0.669004
12 17 0.671176
12 18 0.642195
12 19 0.780880
13 1 0.831270
13 2 0.783777
13 3 0.752060
13 4 0.500000
13 5 0.775941
13 6 0.828705
13 7 0.501192
13 9 0.555536
13 10 0.500000
13 11 0.647860
13 12 0.650103
13 13 0.712483
13 14 0.768548
13 15 0.500000
13 16 0.725863
13 17 0.697700
13 18 0.693590
13 19 0.842266
14 1 0.885293
14 2 0.855645
14 3 0.803309
14 4 0.500000
14 5 0.828717
14 6 0.892935
14 7 0.502051
14 9 0.580190
14 10 0.500000
14 11 0.691788
14 12 0.725550
14 13 0.768548
14 14 0.873589
14 15 0.500000
14 16 0.784937
14 17 0.752074
14 18 0.730820
14 19 0.902470
15 1 0.500000
15 2 0.500000
15 3 0.500000
15 4 0.500000
15 5 0.500000
15 6 0.500000
15 7 0.500000
15 9 0.500000
15 10 0.500000
15 11 0.500000
15 12 0.500000
15 13 0.500000
15 14 0.500000
15 15 0.500000
15 16 0.500000
15 17 0.500000
15 18 0.500000
15 19 0.500000
16 2 0.820813
16 3 0.784505
16 4 0.500000
16 5 0.800541
16 6 0.877060
16 7 0.501106
16 9 0.562960
16 10 0.500000
16 11 0.647975
16 12 0.669004
16 13 0.725863
16 14 0.784937
16 15 0.500000
16 16 0.756621
16 17 0.725160
16 18 0.719949
16 19 0.873542
17 2 0.836616
17 3 0.786212
17 5 0.794240
17 6 0.861825
17 7 0.501212
17 9 0.576862
17 10 0.500000
17 11 0.647416
17 12 0.671176
17 13 0.697700
17 14 0.752074
17 15 0.500000
17 16 0.725160
17 17 0.847223
17 18 0.804995
18 1 0.854692
18 2 0.820747
18 3 0.771763
18 4 0.500000
18 5 0.781927
18 6 0.771595
18 7 0.501063
18 8 0.834399
18 9 0.553642
18 10 0.500000
18 11 0.627778
18 12 0.642195
18 13 0.693590
18 14 0.730820
18 15 0.500000
18 16 0.719949
18 17 0.804995
18 18 0.796325
19 3 0.916262
19 4 0.500000
19 5 0.928027
19 6 0.952360
19 7 0.502256
19 9 0.618338
19 11 0.750603
19 12 0.780880
19 13 0.842266
19 14 0.902470
19 15 0.500000
19 16 0.873542
19 19 0.987725
