3.903079
4.435188
3.191139
6.245391
3.140417
3.477631
3.144489
3.579428
3.364594
2.324138
3.536269
3.475337
1.898118
4.094605
4.853553
2.891557
3.000076
2.471162
2.826855
4.332660
3.115457
1.958124
3.230885
2.153389
3.384657
3.989709
2.910704
2.842996
4.839457
2.596887
2.485680
5.271652
2.352329
2.207972
4.264335
3.540834
3.237203
3.203951
3.486041
2.712306
1.740086
3.695538
3.469273
2.514959
3.523675
1.915425
2.633703
2.090152
3.500201
2.963657
2.842566
2.516485
2.171506
4.754031
2.743262
2.692266
2.468706
2.199757
2.658521
3.459049
3.297724
3.755617
2.407594
2.839270
3.523074
3.512650
3.570129
2.850956
4.327102
3.858829
2.403093
2.342250
3.182870
2.793770
3.067770
2.829690
1.842626
3.290390
2.963801
2.539987
3.359721
2.216133
2.420091
3.314715
3.010931
2.141624
3.281976
2.861068
2.351683
2.216976
2.719458
2.685338
2.763690
2.381677
3.266697
2.152682
2.834253
2.274352
2.948387
2.117926
2.795540
2.561417
1.977726
2.329096
3.620623
2.503077
3.039304
3.184871
1.957816
2.473990
2.585844
2.166575
2.262489
1.954893
2.596800
2.824379
2.519449
1.982037
4.936419
2.832619
2.828941
1.819853
2.394137
1.802818
2.750470
2.469658
2.521746
2.428021
2.652211
3.342853
2.561364
2.323015
4.733571
3.503895
2.148066
2.711786
3.119475
2.502325
2.362505
3.170299
2.331546
3.021661
2.301707
2.886950
2.187483
2.496745
1.934074
2.473038
2.146986
1.654149
3.984448
2.538771
2.043118
1.785458
3.253211
2.490131
2.205437
3.007841
3.445228
2.467296
2.824891
2.874686
2.879645
2.451174
2.112752
2.767477
2.093815
2.932690
2.482996
2.363326
4.739175
1.922592
2.323871
2.845993
3.952783
3.064536
2.147763
2.162236
2.913411
3.138724
2.618267
2.892899
2.098717
2.776717
3.091968
2.677132
2.350727
3.572765
2.336081
2.071465
3.036012
2.637476
2.136418
3.255213
2.035387
2.040004
1.803816
2.103122
2.674164
3.038594
2.673946
2.048444
2.056255
2.835742
2.037508
2.229746
2.778364
2.285721
2.049815
2.605521
2.753984
2.096707
2.038500
2.923671
2.950730
2.300063
2.490897
2.277830
2.905749
2.352082
1.520276
2.467504
2.502319
1.394247
2.325024
1.898246
2.355375
1.832394
2.341244
2.462663
1.948716
2.572048
1.979479
2.257886
2.247108
3.170532
1.906442
1.559542
1.824215
2.223997
4.954079
1.814606
2.156564
2.318087
2.193344
1.954892
