3.768101
4.101912
3.371814
3.065417
2.851408
3.004491
3.696785
4.211515
2.798171
2.939350
4.056025
2.959416
3.621603
2.550225
2.538481
4.892509
2.949584
1.901336
2.844080
2.190265
4.733926
2.088614
3.973299
3.391287
2.827447
3.222408
4.555767
3.008022
2.642080
2.678927
3.123559
2.949090
2.179569
2.974271
3.335414
3.457793
2.968903
3.179883
3.524845
2.309111
2.871864
2.846356
3.219553
3.369476
2.757927
3.200111
2.981170
2.735636
3.315859
2.782245
2.732716
2.818625
2.501265
3.788348
2.494133
2.092340
3.006652
2.474237
2.624225
3.089594
2.413109
1.987074
3.041102
2.902120
3.259509
3.181585
3.297834
2.923122
2.326638
3.949960
2.153354
3.211333
3.858455
4.053909
3.716065
2.343009
3.466290
2.665110
2.709027
2.718525
2.269325
3.236084
2.769745
3.862951
3.419861
2.758480
2.506376
3.532972
2.654909
2.084057
3.255443
3.311107
3.548899
1.766180
2.886045
2.873018
3.194692
3.075682
2.603719
2.133747
3.497792
4.141829
3.850885
2.568788
2.316649
2.994699
3.295855
2.568729
3.234913
2.584242
2.055504
2.269983
2.793854
2.718701
2.581909
4.092565
3.091385
3.372834
3.007271
2.781287
2.854028
2.080530
2.604920
2.338641
2.543607
3.139411
3.022002
2.733236
2.672597
3.215229
2.644881
2.796556
3.423253
2.935762
2.673828
3.296242
1.884990
3.288271
2.751275
2.603812
2.180142
1.969951
2.142861
2.486383
2.055547
2.845722
2.311759
3.132581
2.151294
2.417519
2.301696
2.593063
2.494554
2.924198
2.893250
