3.416776
2.159719
2.681889
3.194250
2.182976
2.978460
2.226981
4.453772
2.945500
2.360731
3.636542
2.083182
2.591582
2.600759
3.104238
2.352013
2.817562
2.212748
2.340454
2.147662
2.652189
1.677561
2.443144
2.571708
2.281960
2.375688
2.610472
1.908229
1.827177
2.435040
2.842399
2.141454
2.355043
2.730898
1.691295
2.108561
2.377791
2.774452
2.689930
3.350826
3.226945
2.633754
2.913109
2.374850
2.413615
3.069477
1.834469
2.279777
1.771004
2.821708
2.999216
2.606586
2.827143
2.339283
2.208467
2.288140
2.465340
1.917842
2.358718
2.808013
1.780364
1.918465
1.873220
4.519922
2.510988
2.606979
2.668407
1.465525
3.084265
2.076677
3.105776
2.039951
2.213726
2.051649
1.727292
2.231570
1.513450
2.093615
3.847132
2.605002
2.452986
2.562751
2.407532
2.363279
2.085780
2.986285
2.491982
2.215869
2.475559
2.302732
2.776606
2.625489
1.981086
2.068986
2.052171
2.114951
2.143944
2.043957
2.154169
3.102327
2.586423
2.291405
2.462997
1.710019
2.449531
2.723638
2.188491
1.853593
2.023694
1.888305
1.781552
2.998303
2.570450
2.761388
1.914211
2.170578
1.709435
1.703651
2.657104
1.972164
1.976514
1.972019
2.830421
2.500121
2.882524
2.491377
2.017276
2.303351
2.717394
2.234386
1.797028
2.121114
1.523876
2.049690
2.035484
2.577929
2.263289
1.654406
2.868613
1.909492
2.995485
1.813919
2.429209
1.719836
2.036741
3.853194
2.618146
2.492920
2.010907
2.691650
1.802972
2.193683
2.716543
2.161659
1.779753
2.052213
1.985730
1.767060
2.311713
2.795294
1.304217
2.052141
2.186236
1.812823
2.010684
2.373825
1.898542
2.405525
2.031617
1.767429
2.327568
2.137838
2.248835
1.915246
2.213318
2.557317
3.247132
1.771464
2.100694
2.533042
1.952139
2.121793
2.755038
2.417736
2.457404
2.531723
1.718416
2.908316
2.411688
2.118652
1.733661
2.067235
1.680165
2.321478
1.950563
1.979972
1.922387
2.113553
2.233505
2.921666
2.550375
2.071019
1.905250
1.909692
2.175745
2.614564
1.767084
1.866720
2.015788
2.172291
2.873487
2.510050
1.937429
1.934327
2.226443
1.814938
2.604534
2.269917
2.119979
2.519300
2.207979
2.077727
1.804773
2.683025
2.282603
2.334470
2.013747
2.465981
2.198760
1.581169
2.587080
2.605110
2.191555
2.402887
3.057142
1.962670
1.828487
2.627388
2.458217
2.108960
2.750839
2.326277
1.513712
3.127091
1.733062
2.334169
2.192000
2.263666
1.708180
1.926968
1.919294
2.097282
2.221661
2.737666
1.996423
2.211745
1.887046
2.716511
1.841675
2.543569
2.233133
1.888732
2.230205
2.198865
2.116812
2.697477
1.850398
3.736680
2.508487
1.834784
1.861621
2.062413
1.947157
2.365961
2.907758
2.137880
2.378125
2.628948
2.086130
2.725875
2.077688
1.826706
1.925150
1.660567
2.043285
2.236976
2.208472
1.984509
2.487630
1.728193
2.268175
2.167194
2.073925
2.067243
1.762096
2.272273
2.048178
1.656302
1.991603
1.657133
2.011395
1.957427
1.829717
1.553344
2.382692
2.048850
2.232977
2.340636
1.943965
2.736640
2.197324
2.341969
2.620312
2.299382
1.923963
2.211437
1.951840
1.825979
1.538693
1.530486
2.606385
1.958789
1.910526
1.872088
2.173611
2.298781
2.362654
1.686610
2.701446
1.489048
2.184279
1.816293
2.080920
1.982223
2.156626
1.979335
2.264362
1.654122
1.710561
3.754937
1.631096
1.824032
2.457048
2.528443
2.569888
2.434371
3.356781
1.757561
2.329415
2.631074
2.818916
2.248206
2.520133
1.672242
2.380205
1.396155
2.597592
1.908480
2.403238
1.832176
2.757341
1.449277
1.770773
2.823173
2.547332
1.901860
2.303097
1.749563
1.934311
2.312408
2.064065
1.835575
1.795748
1.483428
2.068938
1.572259
1.887396
2.101583
1.922080
2.013631
2.002149
1.439782
1.683522
1.444162
2.084982
2.446306
1.730577
1.614107
1.481888
2.095044
2.357105
2.230337
1.673774
1.991486
2.682310
2.103269
2.056576
2.159751
2.633860
1.905985
1.993603
1.517238
2.260206
1.876662
2.060278
2.436319
2.369235
1.856161
2.739129
2.447132
1.563047
1.700568
2.203392
1.868513
1.888948
2.176887
1.914351
2.257972
2.204957
2.139403
2.484785
1.933067
1.933739
1.639702
2.323376
2.248489
2.589583
1.953196
1.763121
2.206592
1.876864
1.785088
2.162636
2.252281
1.620458
2.546241
1.829476
1.807745
1.826103
2.285755
1.643962
1.547527
2.550593
1.896929
1.526855
2.079017
1.538835
2.531024
2.278991
1.382074
1.726101
1.857235
2.087816
1.674692
1.673660
1.981839
2.361739
1.851081
1.767592
1.379068
2.118187
2.146549
2.003373
1.662634
1.755775
1.482425
1.872124
1.581278
2.606387
1.793791
2.460682
1.635846
2.433829
1.345957
2.403590
2.048564
1.748760
1.958943
2.172975
1.988036
1.471539
1.732407
2.146073
2.047159
1.700860
2.154459
2.411454
2.927064
2.195325
1.730680
1.728913
2.423205
1.649710
1.832203
2.654722
2.172014
1.983421
1.717857
2.263479
2.373684
2.138058
2.181705
1.839450
1.461223
2.404554
1.678831
1.945596
1.949706
2.493057
