2.141479
2.017406
3.093655
2.018209
2.243194
2.424762
2.332440
2.348919
1.775424
2.209943
2.291178
1.980568
1.989751
2.417707
2.394872
2.284049
1.904902
2.251817
2.060721
1.498414
1.827505
2.273073
2.418703
2.513720
2.528172
1.663484
1.995052
2.615542
1.834093
2.375347
1.890963
2.059504
1.995966
2.662032
2.226535
2.681805
2.008732
2.005358
3.049770
2.228437
1.557418
2.829726
1.656787
2.411216
2.225371
2.139962
1.944847
2.145920
2.042790
2.230396
1.667217
2.492599
2.155734
2.357007
2.245629
2.340712
1.732499
2.148836
2.099942
2.091331
2.299757
2.194165
2.206359
1.925704
1.780622
1.507803
2.416314
2.309089
1.845739
2.011173
1.589726
1.984659
1.676506
2.142781
1.932593
2.382902
1.795023
2.498029
1.809257
1.743819
2.123220
2.164171
1.871387
1.942375
1.882188
1.845022
1.880916
2.027912
1.804380
2.272670
2.246385
2.199494
1.927735
2.376882
2.661126
1.804419
1.951926
1.739066
1.754375
1.891644
1.842901
1.958830
2.542166
1.614305
2.273305
2.243228
1.606162
1.852939
2.073120
2.328654
1.813605
1.805294
1.712968
1.554109
2.015565
1.525018
1.619269
1.950497
2.141515
2.056036
2.006658
2.400518
1.876890
3.124822
1.608549
1.924982
1.845668
1.722042
1.866858
1.823941
1.881492
2.156646
2.110626
2.310311
1.691756
1.964229
2.083038
1.373794
1.670694
2.252120
1.568601
1.595437
2.169359
1.728560
2.260304
1.508346
1.439985
2.217604
1.846897
2.433499
1.933545
1.929210
2.251060
1.732957
1.620825
1.639910
1.802320
1.817879
1.739834
2.082372
1.375367
1.915473
2.258233
2.172398
2.207337
1.771004
1.744550
2.098645
1.982456
1.206971
2.137814
2.479098
2.158180
2.006278
1.659723
1.952500
1.846431
1.979869
2.352862
1.484941
2.481139
1.753264
1.667785
2.198584
1.789583
1.646796
1.792446
1.649027
2.304166
2.098063
2.028004
1.702252
1.484045
1.386027
1.744915
1.887681
1.455635
1.545363
1.472883
1.650339
2.286896
2.381273
1.356406
1.752097
1.914449
1.865923
2.467653
2.177593
1.700920
1.529227
2.432954
2.262659
1.451191
1.782121
2.086796
1.758486
1.673975
1.576056
1.572447
1.683539
2.061419
1.772168
1.753797
1.581723
2.207221
1.527392
1.591286
3.109538
2.211343
2.184018
2.249303
1.775330
1.813531
1.598256
1.373947
1.992745
1.498346
1.573734
1.780756
2.122041
1.831151
