2.506914
2.042899
1.913998
2.248157
1.859848
1.817174
2.555661
2.012728
2.231380
2.105308
2.931193
1.959074
2.403162
2.204968
2.266917
1.921769
3.081923
2.180794
2.415991
2.217738
3.806299
2.304996
3.061024
1.842464
2.134259
2.764085
1.867756
2.270963
2.711768
3.009830
2.592251
1.873530
2.534475
1.873377
1.727338
1.695000
2.183782
1.465660
2.319252
2.727531
2.688226
2.757708
1.492074
2.188192
2.313560
2.546646
2.131524
2.388143
2.650926
1.862286
3.050436
2.323959
2.439499
1.925482
2.090445
2.077320
2.439274
2.522031
2.119411
2.187838
2.285727
2.591865
3.829387
2.086883
1.905318
2.806423
2.342796
2.085196
2.289921
2.175908
2.608396
2.494275
2.286988
2.597248
3.228607
2.113145
1.396925
3.251439
1.701855
2.277916
2.834893
2.466224
1.835245
2.485864
1.724488
1.718181
1.884093
2.011502
1.722876
2.138360
1.937538
2.292828
2.360658
2.625688
1.632699
2.170859
2.082291
1.630767
2.247549
1.739542
1.734595
1.613501
2.051493
2.187909
2.177003
1.785814
2.839751
2.348953
2.939642
2.232950
1.876144
2.093649
2.014069
1.845878
2.186571
1.955274
2.470121
3.591542
1.803517
2.468010
2.166018
2.496491
2.536440
1.838741
1.915055
2.376702
2.968216
2.018427
2.242136
2.177198
2.594171
2.069249
1.893264
1.843460
2.113571
1.834461
2.915758
2.028602
2.139298
1.835959
1.600227
1.832433
3.119707
1.818946
1.561486
1.783419
2.064119
2.160595
2.549197
2.560701
1.577802
1.615632
2.008065
2.009295
2.589572
2.296042
2.544759
2.032925
1.401503
2.165328
1.680195
1.865012
1.800172
1.705299
2.019766
2.099182
2.136064
2.383906
2.127235
2.243532
2.317852
2.355838
2.161503
2.773376
2.084662
1.873636
1.498865
2.165878
2.211037
1.460693
1.914709
2.170606
1.845506
1.526585
2.015456
2.020033
2.298623
1.711731
1.507920
1.630337
2.172072
1.546256
1.854680
1.781420
1.758027
2.655499
2.137626
1.932551
1.623680
1.501717
2.742223
1.656148
1.774824
1.577057
1.589676
2.369092
1.641455
2.259819
2.582478
1.780937
1.573428
1.591920
3.070338
2.072941
2.084252
1.813410
1.497628
1.799655
1.854865
1.843224
1.550475
1.817327
2.654868
1.996922
1.947066
1.612576
1.760635
1.940556
2.417686
2.344903
1.906440
2.233070
2.119886
1.540725
1.665957
1.574187
2.757620
1.656654
1.786147
1.642830
1.484511
2.250456
2.773826
1.636494
2.551672
2.036955
2.767353
1.454908
2.191517
1.720428
