2.848472
3.555778
3.060134
4.728110
2.916822
2.064468
2.922599
2.643055
2.363981
2.548954
3.916411
3.321012
3.887164
3.067251
4.258738
4.007474
3.250226
2.364256
2.922526
2.664922
2.405626
2.466352
2.660977
2.873247
1.898842
3.629129
2.474007
3.268497
1.902527
2.647714
3.479927
3.654626
3.624458
2.016639
3.394076
1.980028
3.402716
2.509330
2.729136
2.098582
2.397919
2.883591
2.886102
1.869961
3.566482
2.807087
2.735406
2.852826
4.067125
2.326830
2.327070
3.423727
3.405092
2.167662
2.499190
3.749630
2.148144
2.934987
3.016867
2.317352
1.943498
2.165385
1.925617
2.846580
4.110940
2.198889
2.631197
2.201693
2.666306
2.829068
2.792563
2.788037
3.425001
3.795875
3.052599
2.443798
3.359161
2.649226
2.130916
2.128323
2.186947
2.117970
2.920150
2.816767
2.238994
2.377941
2.693722
2.264630
2.869902
2.777648
2.289042
2.208830
3.003952
1.916800
1.916008
1.905542
1.779487
2.287926
1.985620
2.460906
1.864888
2.290104
2.363785
1.965781
2.227205
2.217310
2.283149
2.528075
2.008796
2.298332
2.249566
2.889222
1.952109
2.291225
2.702241
2.862246
2.966186
2.498195
3.892384
2.987547
2.183005
2.800891
2.285207
2.127077
2.013180
1.564036
2.056711
1.832727
2.657600
2.476937
3.594056
2.983665
2.260446
1.586030
2.359333
2.380047
2.205265
2.741755
1.768559
2.889039
2.507009
1.906980
2.750680
2.273968
2.004136
2.475195
2.143592
2.263375
2.015770
1.718843
2.169990
2.078732
2.224135
2.212545
2.159998
2.164681
2.727865
2.836704
