2.073642
1.742614
2.148571
1.902274
1.976144
2.265524
1.813862
2.316786
1.908924
1.762327
2.407920
1.898680
2.065477
3.224235
2.392154
3.330513
2.304312
2.327402
1.519313
1.799881
2.041441
2.056589
2.526286
2.138889
2.649576
1.906925
2.074675
2.331648
2.262732
1.678849
2.200343
2.572186
3.061639
1.899320
1.763296
3.379895
2.624706
2.669972
1.833726
2.288865
1.647310
2.308783
2.901774
1.807265
2.338436
3.354820
2.244707
2.312834
2.771241
1.962018
1.841941
2.783406
2.990922
1.702379
2.303916
1.713659
2.035851
2.221913
2.355697
2.262430
2.573407
1.568015
2.414663
1.932309
2.005996
1.895214
1.544499
2.392607
1.935167
1.619282
3.286783
3.771482
2.071135
2.548235
1.861880
1.337217
2.223426
1.473432
2.804737
1.984516
2.451168
1.674004
2.286827
3.934242
2.737550
1.669539
1.631206
2.288204
1.735245
1.611508
2.504961
2.338444
2.153534
2.008212
3.317565
1.870762
2.438555
3.235279
2.362084
2.028368
1.976541
2.943918
2.082735
2.224210
3.132249
2.142505
2.283784
2.494366
1.755063
1.568406
3.490937
2.191225
2.141403
1.707870
1.990471
1.918520
2.325729
1.730494
1.609806
2.058404
1.809804
1.548982
2.327403
1.774587
1.658084
1.885416
2.115991
1.863463
2.005502
2.545017
1.811627
2.491596
1.917081
1.715012
1.968697
1.454739
2.143462
1.933748
1.628999
1.804800
1.369036
1.471539
1.506485
2.281641
1.611141
1.932923
1.878799
1.929768
2.365423
1.768965
2.897085
2.038977
1.985971
1.645294
2.015237
1.696398
1.688769
1.220528
1.636480
2.277411
2.148810
1.424024
2.040071
1.851985
2.227505
2.115452
2.799627
1.743460
1.856398
1.209608
1.644045
2.075695
1.840788
1.607378
1.818233
1.844260
1.917888
1.713537
1.788290
2.902455
2.150028
2.193898
1.862825
1.661235
1.578065
1.557366
1.766237
2.025110
1.585308
1.918664
1.691956
2.021442
1.703693
1.750020
1.642252
1.680973
2.068506
2.072814
1.334987
3.021935
1.773212
1.893014
2.519162
1.981676
