2.270625
2.006928
2.345914
3.440744
4.425324
2.166715
2.681093
3.117341
2.866757
3.272187
3.278621
2.311124
1.821153
2.298998
2.558879
2.391053
1.646931
3.681701
3.116047
2.424819
2.332414
1.708868
3.475717
2.865616
2.432903
3.796020
2.731844
2.638614
2.707990
2.299144
2.432908
2.951310
1.935830
3.075745
2.596484
3.006604
2.149743
2.486617
2.004385
2.741027
2.589205
2.752980
2.956739
2.677797
5.166580
3.431163
2.149987
2.418568
2.552782
3.212050
2.327683
2.696262
2.852722
2.654659
2.042933
2.095731
2.756657
2.744047
2.051505
3.334115
2.099707
1.965551
2.283198
3.027810
1.510727
2.630832
2.442068
2.457280
2.748125
2.891045
2.356591
1.766535
2.267298
2.119989
2.352964
2.678318
1.722395
2.105803
1.959019
1.587572
2.312536
2.334667
4.054139
2.342273
2.249707
2.065918
2.120870
2.331587
2.263656
1.877262
1.665910
2.792562
2.084312
2.667748
2.483996
2.042017
2.470715
3.239727
2.368062
4.183939
2.618661
2.483627
1.359344
2.805345
2.241989
2.031384
2.191036
2.707664
1.959246
1.814431
2.764426
1.906544
1.205507
3.133077
1.987833
2.272770
2.189951
3.393512
1.416145
2.595474
2.303233
2.112996
2.236042
1.910946
1.937654
2.128973
1.810504
2.590371
1.960068
1.948692
1.651384
2.741105
2.204765
2.296021
2.438468
2.024287
2.299888
2.052830
2.340431
2.595237
2.925909
2.160742
1.690436
2.432331
2.865993
2.465115
1.769474
1.635361
1.705296
2.719532
3.713212
1.994813
2.639128
1.710047
2.295160
2.618961
1.686357
1.920871
2.120928
2.417517
1.521826
1.970705
2.500203
1.889540
3.507820
2.008074
2.329260
2.028636
3.251839
1.775135
2.863849
2.637646
1.597848
1.916788
1.947911
2.256361
1.533986
2.011271
1.855958
3.310881
3.047465
2.452472
3.107020
2.118315
1.987562
2.406975
1.873251
3.379211
2.190892
1.341734
3.260685
2.637001
1.685100
2.730560
2.038329
2.032067
2.614614
1.722258
2.119341
1.947288
2.030440
2.561040
2.914026
2.568780
2.402334
1.513910
3.044900
2.040882
1.632061
1.488188
2.266484
1.947689
2.177904
2.151120
2.107828
2.231035
1.684387
1.487449
2.298345
2.721030
1.372730
3.523841
2.377083
2.239808
1.888185
1.744754
1.587762
2.161216
2.703924
1.359115
2.167475
1.936233
1.671411
2.247335
2.023137
1.554203
2.407635
2.376563
2.375210
2.452692
2.092068
2.161130
2.090254
1.849928
1.787106
1.847107
2.416034
1.524031
1.391374
2.388253
1.439042
2.429564
1.470523
1.731084
3.177535
2.856353
2.012819
1.846698
2.073755
1.761435
2.071526
1.682553
2.614212
2.865105
2.082281
2.531159
1.821321
1.727644
