1.770506
1.791993
4.342432
2.860321
3.669554
2.954806
2.404269
4.350886
2.260189
4.015049
2.912808
1.976328
2.058447
3.927483
1.843542
1.335029
1.889796
4.478745
1.396635
3.948104
6.750389
1.266285
3.291307
2.184597
2.255222
2.159727
1.990229
1.564203
1.937568
2.146751
1.894597
2.836853
2.736050
2.087892
1.744595
2.005429
2.265302
1.992043
1.627198
1.428812
4.175688
2.688573
2.356164
1.837500
3.148988
1.524532
3.061408
1.473589
2.682635
2.517414
2.735938
3.715541
1.983707
1.917507
2.505008
1.953716
3.013583
1.655689
1.595586
2.111346
2.969397
1.314854
1.776501
3.125363
2.945330
2.978748
1.316920
3.262773
2.646478
2.148804
5.089633
3.484890
1.207279
3.137804
1.370856
3.296906
2.499508
2.077550
2.772393
1.736852
2.422814
3.244666
4.454012
1.919340
1.877311
4.260167
1.433008
2.530650
1.826859
1.779628
1.376150
2.994514
1.984680
1.577393
2.459249
2.990119
1.278809
2.010266
1.414280
2.387653
4.659380
1.622387
4.660235
2.191391
2.566381
2.482907
1.316242
1.994241
1.618074
1.554968
1.725323
1.247287
2.001062
1.168591
1.823909
2.364540
2.664691
1.773561
1.975299
2.615555
2.766319
1.867638
2.387785
2.380691
2.358223
2.961361
1.786940
1.503547
1.280509
1.508489
1.598795
3.834051
2.047081
1.948498
1.698719
1.412479
4.540174
5.046721
1.885013
1.473637
1.658787
2.082425
2.046181
1.165683
3.099837
3.115997
2.997030
1.319913
5.278246
3.188280
1.906273
1.212420
1.543913
1.303698
1.284172
1.242591
3.094110
1.743565
1.541334
1.842242
2.224369
1.633785
2.135993
2.543881
2.127677
3.106597
1.660035
1.170260
2.069774
2.300597
2.072986
1.216226
2.411253
5.473375
2.298470
2.047378
1.530576
1.776883
1.863872
1.717710
1.437191
1.466363
1.695625
2.139521
1.078470
4.697772
1.212489
2.060264
1.794828
1.802936
1.265197
2.931801
1.468654
3.422685
1.643327
2.870400
2.245084
1.363837
1.949641
2.901181
1.940596
1.542031
1.228190
2.507630
1.931355
2.754044
1.419678
1.962090
2.837146
3.549544
2.473799
2.019474
2.981619
2.402033
2.672132
1.681915
2.341901
2.265047
1.717536
3.598293
3.040968
1.551765
2.264299
1.169397
2.738488
2.144394
3.098701
1.647380
3.082909
2.982128
2.005059
2.141855
1.852960
2.047578
1.207234
2.159910
2.519979
1.628904
1.087418
1.834743
1.241351
2.332578
4.111075
2.071887
1.990755
1.023864
1.166861
2.391033
2.280941
5.011705
4.340151
2.174703
2.562313
1.355805
3.078565
2.444547
2.411518
1.242320
2.154931
3.998996
2.252324
3.215905
1.233779
1.369716
1.962952
1.977803
1.477415
2.049056
1.226053
3.676598
1.174838
1.616884
4.029459
2.485984
2.221735
2.978139
1.917527
3.164658
2.125412
2.480918
1.338837
2.565942
1.598950
4.600701
1.924138
2.117088
2.001914
1.731134
2.862551
2.336885
3.253900
2.542463
1.666075
1.176457
1.190720
1.286670
1.583779
2.028388
1.663201
1.281169
2.353938
1.874684
1.609998
3.949795
2.785716
2.044455
2.132284
1.145128
1.991226
1.577165
1.884877
2.483749
2.278734
1.606770
4.182233
2.042926
1.616343
1.479238
1.050037
1.791555
1.478752
2.960046
2.306375
1.690848
1.202786
2.555160
1.571355
1.713258
1.299002
2.216454
3.067736
1.523593
1.595217
2.299397
2.756393
1.418761
1.618226
1.293887
3.138404
2.652214
2.395586
2.265734
1.729296
2.468658
3.856477
2.024271
2.840201
2.517483
1.867141
2.352012
2.812375
2.085260
2.943768
2.476825
0.973815
1.511268
1.604231
2.382155
1.413907
2.044600
2.308256
3.428240
1.863274
1.347166
1.193037
2.477263
1.126978
2.278877
2.209912
1.088701
2.114261
5.046014
2.794186
1.733922
1.169716
1.354640
1.938938
1.976224
2.403133
1.920009
2.721440
1.166375
1.511707
1.829605
2.205598
1.313181
1.992272
1.630734
2.696090
1.071813
1.506335
1.740157
1.605327
1.282891
2.009681
2.449428
1.662430
2.784231
2.030788
2.232224
4.026816
2.224859
1.893265
1.225456
2.205636
1.563332
2.010490
1.299510
1.902933
1.609404
3.247787
2.086892
1.618890
3.548328
1.368814
2.406419
1.654161
2.285918
1.041601
2.954393
2.201595
3.230941
1.476846
1.918974
2.329958
3.851691
1.569902
1.560566
1.920952
1.546185
2.681242
2.303431
1.357328
2.181114
1.773511
2.305700
2.359089
1.979570
1.706163
2.920890
3.234377
3.293208
1.410934
1.415823
1.560602
1.868721
3.466855
1.134354
2.296284
2.302426
1.612882
1.931171
1.949325
2.274711
2.851856
2.058069
1.672832
1.198528
2.573223
1.671710
2.781678
1.667550
1.887616
2.282809
2.759682
1.639888
2.807928
1.518038
1.450497
2.601847
1.462729
2.170899
1.847186
1.173561
2.405084
1.704680
1.246551
2.751645
2.062304
1.244858
3.786146
2.017127
2.742859
2.316077
2.373951
1.301610
1.325806
1.551130
1.419093
1.939298
2.058143
1.329013
1.118342
1.275813
1.906780
2.164307
1.518545
1.693385
1.581393
1.587767
2.214503
2.692914
1.216327
1.586117
1.909250
2.213648
2.142901
1.146054
1.363251
1.963845
1.538550
1.934378
3.443241
1.899569
1.345071
3.578885
1.354102
1.926320
1.924873
1.075304
2.736795
3.941092
2.728410
1.523996
2.017260
1.165668
1.240559
2.422646
2.696285
2.355495
1.997652
1.788601
1.722703
1.637412
1.513012
1.897287
2.003508
1.838190
2.082008
1.262887
1.955358
1.388776
1.102910
1.840369
1.367397
1.187615
1.928728
1.644096
1.798213
1.855473
2.012419
1.240119
6.282337
1.503310
1.577798
2.393689
2.989284
1.978412
1.891685
2.126562
1.693666
1.211953
2.648305
2.330994
2.294590
1.847993
2.016533
1.459854
1.284680
1.826504
2.382714
2.276497
1.832296
1.776691
2.105427
2.793912
1.457240
1.952690
1.277438
3.721921
2.570912
2.032303
2.221070
4.156541
1.344621
2.070500
2.388768
2.548780
1.733009
2.495819
2.612782
3.772985
1.526614
3.606494
1.099259
1.600069
2.137989
1.621504
1.884752
2.052526
3.205353
1.533102
1.272774
1.214566
3.405057
1.952981
1.358757
1.534809
1.909012
1.794694
1.406566
1.291262
1.749216
2.265417
2.343096
2.290082
2.328557
2.458451
1.499780
2.663076
1.754305
2.424001
2.223853
2.494300
1.339361
2.025586
2.234265
2.123364
1.928908
2.334810
1.616725
1.839894
2.476810
1.591464
3.141909
1.994382
1.723336
1.561192
2.294931
1.394641
1.563928
2.712556
2.377937
1.084511
2.437961
2.495865
1.375689
1.699514
2.322603
2.174891
3.714883
2.386707
1.555300
1.214671
1.533925
2.258540
1.312251
1.399821
1.650711
2.156484
1.393995
1.621617
1.776976
1.487442
1.612324
1.506912
2.119615
1.854502
1.686486
1.149901
1.165065
1.648651
2.643371
1.817026
2.180199
2.064192
1.722850
1.833882
2.734095
2.009198
1.848144
1.394808
1.004506
2.638345
2.479000
2.091688
2.803849
1.482784
2.542257
2.662570
1.565000
2.258898
1.442816
2.623602
1.942907
1.845444
1.097579
2.694430
1.115246
1.579870
2.386983
1.165025
1.722119
2.334146
1.476241
1.806768
1.639959
2.288198
2.192318
2.180066
4.072739
1.725707
1.810401
1.558974
2.280685
1.995384
2.782325
1.433754
2.063096
2.287830
2.553885
1.163185
1.500298
2.746264
1.835725
2.732043
1.925394
1.559294
1.123094
1.477346
1.133418
1.755606
2.005476
2.008706
1.544818
1.721641
1.852286
1.440707
2.499406
1.887880
1.396479
1.246809
1.879136
1.269025
1.170296
4.104885
2.525111
2.500383
2.363344
1.789384
1.840231
1.821717
1.925367
1.324138
1.678594
1.557384
2.570394
2.412419
1.147449
1.668531
1.649243
1.307213
1.764981
1.263605
1.685875
1.819514
1.498331
1.815296
1.568602
2.583163
1.300978
2.391600
2.621805
3.149744
1.436436
