1.854113
1.050375
2.699243
1.883580
2.568855
3.054109
1.972200
2.481390
2.762638
2.286899
3.014269
3.562952
2.191180
1.974478
1.383750
2.221303
4.526508
1.892821
1.526167
2.282216
3.162469
1.841879
2.348316
2.248780
2.783793
1.860101
2.321181
1.938299
1.524147
1.473212
1.363993
1.958205
1.997447
3.093491
1.834075
2.356257
2.463013
1.208834
1.555670
2.200416
3.335352
2.042963
2.360637
2.065219
1.962896
1.493483
2.553359
1.510268
3.483155
1.047238
1.864321
1.746111
2.783634
2.130285
1.284728
1.799060
2.935201
1.781752
1.356561
2.221590
2.419887
1.465677
2.977690
1.259254
3.438730
1.756681
1.573113
1.621190
2.247641
4.392163
1.141316
2.731355
1.332966
2.093771
1.950962
1.019930
2.625305
1.303011
1.075625
1.824101
1.733653
1.807632
1.318210
2.978909
1.861736
1.839174
2.814013
1.950186
2.241174
2.006577
2.574287
2.166190
2.125413
2.397053
3.875047
1.830006
1.265687
3.353693
2.337914
1.605655
2.272450
2.143551
1.870201
2.549380
2.179730
1.855720
2.064890
1.683593
1.577607
1.332560
1.676180
1.876834
1.286105
1.769515
1.591604
1.989431
1.656571
1.797352
2.044993
1.622843
1.660330
2.018265
2.171937
1.996931
2.923964
1.497582
1.146965
2.230546
1.353137
1.731546
1.440084
3.334866
2.336105
2.116585
1.654901
1.294843
1.841709
2.063299
2.220657
2.004698
2.379926
1.753941
1.771300
2.861783
2.495430
1.433587
1.317428
1.822701
2.263582
1.603696
1.582272
1.855644
3.046153
2.779949
1.365585
1.884781
2.198876
2.605878
1.496760
2.868399
1.895980
1.509078
3.080004
2.554537
1.452993
1.275116
1.907154
1.062320
