1.750633
2.947129
2.004969
2.078574
1.564237
2.024749
2.353813
1.509284
1.073532
3.503487
1.737324
2.008279
2.154813
1.008302
1.247551
1.561149
1.205885
2.722977
1.510694
1.627304
1.997997
1.084371
1.164340
4.665193
2.687863
2.514271
1.029873
1.993010
1.683147
1.412079
1.684133
2.104968
1.737146
1.005619
1.812274
1.982436
0.926397
1.450482
1.213710
0.900796
1.683480
2.060586
1.156769
1.480640
4.567483
3.169842
2.133482
1.598549
1.593086
1.387112
1.696736
2.310358
1.754951
1.416543
1.587099
2.708546
1.152493
3.365678
1.161560
3.499317
2.186266
1.238347
1.043833
1.910557
1.691986
1.673972
1.759576
1.608519
1.517323
1.473301
1.432519
2.318289
3.069730
2.012555
1.731600
1.859827
1.495571
3.329652
1.496274
1.056696
2.202549
1.200714
1.212427
1.819957
1.441342
2.776946
1.141900
1.306036
2.433673
2.019467
2.622982
1.371756
2.078044
1.068030
2.423258
2.243948
1.255604
1.880287
1.304553
1.092830
1.659284
1.901013
1.682329
1.458698
0.971689
1.183812
1.513973
1.450918
1.332740
1.252011
1.271783
1.203236
1.559224
1.365018
1.541048
2.180818
2.296443
1.433941
2.115129
2.022755
1.235234
1.154202
2.809416
1.587349
1.885005
1.616719
1.084703
2.457529
2.112257
1.280595
1.522488
1.191559
0.931743
1.633276
1.571767
1.582003
1.859874
0.927695
1.907941
1.817552
1.552013
1.608081
1.061392
1.238777
1.087591
1.330885
2.281282
1.360062
1.426324
0.885296
0.877342
1.376420
1.903494
1.341260
1.530316
1.108438
1.257860
1.372986
1.311221
2.484290
2.833282
1.905184
1.316288
2.097921
1.295047
1.498145
1.241513
2.783852
2.154525
2.055829
2.582904
2.215511
2.415102
1.479045
1.516429
1.646813
1.538525
0.975237
1.195909
1.267719
1.629606
1.443617
2.141725
3.131435
1.281699
1.863153
1.290599
1.104867
0.960317
1.737190
1.782541
1.649476
2.060208
1.006350
1.187228
1.402918
1.100992
2.930470
1.785537
1.490407
2.333406
1.616572
2.197753
1.964303
1.524992
1.816957
1.483500
1.325991
1.124575
1.340607
2.465373
1.042294
0.983368
2.530281
2.523422
1.854122
1.813953
2.043673
1.379349
1.621975
1.985806
1.572989
1.557123
1.569475
1.551722
2.518251
3.289356
2.485830
1.310016
2.731539
1.371031
1.828134
1.338654
1.085573
1.489224
1.023285
1.122651
1.079141
2.261911
1.934415
1.245097
1.224627
1.123687
1.107042
3.647829
1.990786
1.909614
1.797671
1.330346
2.144724
1.878513
1.387112
2.481221
1.066978
1.302188
2.095815
1.950591
2.193876
1.530816
0.994371
2.775724
1.615539
2.209501
1.401636
