1.373099
1.084548
1.517892
2.337569
1.657058
1.360414
1.344216
1.806011
1.645967
0.994169
1.994112
1.713746
2.017830
1.436052
3.060467
1.818723
1.758240
2.235050
1.834033
1.154027
1.564433
1.782809
1.734180
2.821626
1.261444
1.587751
1.581654
2.351457
1.955691
1.582921
2.593699
2.270974
3.026392
1.684418
1.411221
1.553324
2.820194
1.469522
2.511704
1.990508
1.335786
1.444616
2.866195
1.388945
1.186520
1.780010
1.622945
1.468398
0.923192
1.880340
1.911905
1.387162
1.992059
1.631630
2.595419
1.329241
1.127563
4.032848
1.188737
2.280614
1.837952
1.674851
1.273268
1.326057
2.172507
1.832337
1.445485
1.416545
2.607614
1.250515
1.404544
1.982256
1.951055
1.357302
1.828439
1.293704
2.116033
2.078168
1.097440
3.030646
2.143389
3.064944
1.903468
1.512851
1.579682
2.600980
1.853690
2.511641
1.486985
1.787592
1.934008
1.980025
2.802417
1.335062
2.221213
1.054721
1.345486
1.196014
1.042936
1.879711
3.485104
2.379513
1.392639
1.283284
1.447430
1.744186
2.207129
3.103470
1.662347
2.218015
1.388103
2.611998
1.976456
1.576788
2.417065
1.998870
2.361362
1.796989
1.152702
1.903067
1.701026
1.510755
1.787067
1.596058
1.282955
2.360672
1.747097
2.076158
2.093276
2.224819
1.428675
2.018414
1.455978
2.909148
2.607698
1.241335
1.844165
1.359929
1.843446
1.890002
1.355102
1.471740
1.989702
1.275912
2.131463
1.437356
2.501555
2.049559
3.311589
2.262441
1.724600
1.783615
2.528280
2.697411
2.161132
2.009618
3.027970
1.573589
1.636653
1.896430
2.677848
1.690924
1.844777
2.013856
1.230523
2.317440
1.399639
1.922461
1.510476
1.365577
1.434691
2.627982
2.180977
1.550283
2.664520
2.002806
2.131342
1.585064
2.834393
1.410535
1.246508
1.200448
1.020641
1.689744
2.252455
2.230180
1.352336
1.900052
2.517440
1.546067
1.858209
1.606515
2.282156
1.714088
2.152773
1.627202
1.177119
1.776174
2.465888
2.125800
1.211094
1.362130
1.476735
2.687639
1.026112
1.188461
