1.279681
1.111955
1.358484
1.675350
1.894239
2.348088
1.343200
1.919704
1.875751
1.294316
2.044387
1.091669
2.151914
1.889542
0.913167
2.326867
1.992702
2.555218
2.524277
1.127345
1.106358
1.447053
1.088186
2.608258
0.933559
1.087439
1.476553
2.100067
2.196923
2.199750
1.610822
3.121890
1.081952
1.837751
1.650081
1.388180
2.276864
1.920610
1.156061
1.686504
1.177801
2.722398
0.941812
1.782020
1.768629
1.917392
1.943513
1.382487
1.100350
1.839224
2.087967
1.603000
1.134300
1.630361
2.516222
1.360534
1.695035
1.322954
1.867428
1.776738
3.454764
1.605865
2.130614
1.000411
2.490802
2.425713
1.489963
2.723328
1.136511
1.024959
3.134803
1.579837
1.013333
1.649305
1.196750
2.324007
0.968412
1.951391
1.357503
1.480337
2.083123
1.688690
2.131919
1.538626
0.921899
1.410012
1.423942
2.252670
2.137838
2.001377
1.160557
1.626096
3.002774
1.426655
1.675660
1.434010
1.899649
1.278530
1.614139
0.996256
1.504968
2.151346
2.065913
1.163594
1.058256
1.031152
2.416307
2.408146
1.571709
1.839371
1.255483
1.260751
2.666958
1.533955
1.456676
