1.713789
1.379637
1.320652
2.263062
1.542336
2.174336
2.590400
1.793736
1.193427
1.835565
1.582760
1.058046
1.201284
1.475398
1.698525
1.108418
1.242884
2.072443
1.477793
1.467418
1.371064
1.763142
1.709203
1.891888
2.809859
1.111883
1.005178
2.659896
1.060276
1.217414
1.365720
1.764764
1.055622
2.508595
1.733985
1.032493
1.220244
1.593316
1.794903
2.345856
1.302331
1.070197
1.236240
1.534209
2.197625
1.458719
1.911272
2.012916
1.803085
0.977055
1.416970
1.721961
1.745940
1.178628
1.599430
1.460696
2.211040
1.158890
1.369411
1.655751
1.817707
1.853050
2.191036
1.021282
0.953645
1.788850
1.238072
2.081089
2.607937
1.056013
1.339380
1.155161
1.548219
2.324259
1.496477
1.095484
1.468713
1.025559
0.979331
1.594073
1.108911
1.384598
1.598928
2.075096
1.930767
1.391447
2.029300
1.568212
2.276328
1.545006
1.620670
2.231151
1.793539
1.168540
1.378108
1.071952
1.738165
1.079650
2.289190
1.580364
1.490502
1.569289
1.372707
