1.248075
1.334503
1.395901
1.177707
2.109088
2.016655
1.226822
1.240000
1.051178
1.529176
1.387441
1.912598
1.877485
1.902619
1.286519
1.439323
1.703797
0.883501
1.222581
1.242991
1.541372
2.070816
1.678781
1.694579
1.911625
1.763730
1.332178
1.422632
0.842736
2.741417
1.342346
1.737603
1.789290
2.531978
1.389371
0.987469
1.225362
1.174240
1.150315
1.758990
1.104106
2.003633
1.071270
1.744772
1.311903
1.309404
1.625985
2.264762
2.500757
1.118170
1.184679
1.296557
1.739973
1.356394
1.649128
1.278877
0.953238
2.418797
1.323506
1.182563
0.939605
1.860025
2.012620
1.873913
1.485277
1.091714
2.018037
0.938181
1.453882
1.429284
1.311042
2.015866
1.035317
1.228284
2.389996
1.362959
1.377495
2.230491
1.875296
1.347459
1.287639
1.635402
1.120658
1.284401
1.840428
1.806765
1.492174
1.136334
1.625341
1.000437
2.066196
1.894772
1.003554
2.001084
1.155543
1.731888
1.436422
1.235391
1.919294
1.341180
1.012948
1.786623
2.100592
2.270879
1.423412
1.628326
1.649159
1.556280
1.711629
1.327826
1.798812
1.246477
1.347787
1.174808
0.847177
1.498527
1.350371
0.924137
1.916327
1.252738
1.654833
1.183844
1.765267
1.947159
1.330531
1.544201
0.982841
2.166533
1.856012
1.103258
1.189553
1.347605
1.770350
1.076756
1.563771
1.800888
1.207690
1.196216
1.277544
1.157825
1.284764
1.522234
1.927495
1.615974
1.333419
1.394098
1.813726
1.410276
1.531140
1.167385
1.181971
1.579198
1.369617
1.385502
0.959194
1.934261
1.617790
1.584125
1.518666
1.806074
1.300041
1.557454
1.404001
1.603175
1.936460
1.153647
1.278751
1.976444
1.871826
1.221976
1.502943
1.481718
1.375748
1.015469
1.979463
1.527966
1.443421
1.305554
1.429131
2.413811
1.522640
1.685767
1.751481
1.546334
1.602926
0.902182
1.066581
1.260364
1.590101
1.245502
2.889446
1.052502
1.347200
1.730029
1.350913
1.814114
1.481854
1.346232
1.766019
1.656991
1.195239
2.002394
1.801911
1.429753
2.358846
1.198419
