1 2 0.583049
1 4 0.589482
1 5 0.565197
1 6 0.626800
1 7 0.599974
1 8 0.596079
1 9 0.568412
1 11 0.558389
1 13 0.579786
1 14 0.500000
2 1 0.583049
4 1 0.589482
4 14 0.500000
5 1 0.565197
6 1 0.626800
7 1 0.599974
7 14 0.500000
8 1 0.596079
8 14 0.500000
9 1 0.568412
11 1 0.558389
11 14 0.500000
13 1 0.579786
13 14 0.500000
14 1 0.500000
14 4 0.500000
14 7 0.500000
14 8 0.500000
14 11 0.500000
14 13 0.500000
1 1 0.659110
1 3 0.500000
1 10 0.518346
1 12 0.500000
2 2 0.549822
2 3 0.500000
2 4 0.537820
2 5 0.533434
2 6 0.518355
2 7 0.543616
2 8 0.553764
2 9 0.514780
2 10 0.508998
2 11 0.532492
2 12 0.500000
2 13 0.545119
2 14 0.500000
3 1 0.500000
3 2 0.500000
3 3 0.500000
3 4 0.500000
3 5 0.500000
3 6 0.500000
3 7 0.500000
3 8 0.500000
3 9 0.500000
3 10 0.500000
3 11 0.500000
3 12 0.500000
3 13 0.500000
3 14 0.500000
4 2 0.537820
4 3 0.500000
4 4 0.564075
4 5 0.532224
4 6 0.601635
4 7 0.581791
4 8 0.539711
4 9 0.569025
4 10 0.510082
4 11 0.528371
4 12 0.500000
4 13 0.539546
5 2 0.533434
5 3 0.500000
5 4 0.532224
5 5 0.538181
5 6 0.568513
5 7 0.509887
5 8 0.549453
5 9 0.508393
5 10 0.508184
5 11 0.525679
5 12 0.500000
5 13 0.530795
5 14 0.500000
6 2 0.518355
6 3 0.500000
6 4 0.601635
6 5 0.568513
6 6 0.969812
6 7 0.529713
6 8 0.589711
6 9 0.670210
6 10 0.523530
6 11 0.534655
6 12 0.500000
6 13 0.526172
6 14 0.500000
7 2 0.543616
7 3 0.500000
7 4 0.581791
7 5 0.509887
7 6 0.529713
7 7 0.761061
7 8 0.510614
7 9 0.543562
7 10 0.502404
7 11 0.528934
7 12 0.500000
7 13 0.544123
8 2 0.553764
8 3 0.500000
8 4 0.539711
8 5 0.549453
8 6 0.589711
8 7 0.510614
8 8 0.584865
8 9 0.530110
8 10 0.506597
8 11 0.538336
8 12 0.500000
8 13 0.549963
9 2 0.514780
9 3 0.500000
9 4 0.569025
9 5 0.508393
9 6 0.670210
9 7 0.543562
9 8 0.530110
9 9 0.724005
9 10 0.496995
9 11 0.509427
9 12 0.500000
9 13 0.524691
9 14 0.500000
10 1 0.518346
10 2 0.508998
10 3 0.500000
10 4 0.510082
10 5 0.508184
10 6 0.523530
10 7 0.502404
10 8 0.506597
10 9 0.496995
10 10 0.509440
10 11 0.506559
10 12 0.500000
10 13 0.508757
10 14 0.500000
11 2 0.532492
11 3 0.500000
11 4 0.528371
11 5 0.525679
11 6 0.534655
11 7 0.528934
11 8 0.538336
11 9 0.509427
11 10 0.506559
11 11 0.522679
11 12 0.500000
11 13 0.529955
12 1 0.500000
12 2 0.500000
12 3 0.500000
12 4 0.500000
12 5 0.500000
12 6 0.500000
12 7 0.500000
12 8 0.500000
12 9 0.500000
12 10 0.500000
12 11 0.500000
12 12 0.500000
12 13 0.500000
12 14 0.500000
13 2 0.545119
13 3 0.500000
13 4 0.539546
13 5 0.530795
13 6 0.526172
13 7 0.544123
13 8 0.549963
13 9 0.524691
13 10 0.508757
13 11 0.529955
13 12 0.500000
13 13 0.542693
14 2 0.500000
14 3 0.500000
14 5 0.500000
14 6 0.500000
14 9 0.500000
14 10 0.500000
14 12 0.500000
14 14 0.500000
