1 2 0.604305
1 4 0.677320
1 5 0.690829
1 6 0.822756
1 7 0.748992
1 8 0.640925
1 9 0.662906
1 11 0.500000
1 13 0.598171
1 14 0.500000
2 1 0.604305
4 1 0.677320
4 14 0.500000
5 1 0.690829
6 1 0.822756
7 1 0.748992
7 14 0.500000
8 1 0.640925
8 14 0.500000
9 1 0.662906
11 1 0.500000
11 14 0.500000
13 1 0.598171
13 14 0.500000
14 1 0.500000
14 4 0.500000
14 7 0.500000
14 8 0.500000
14 11 0.500000
14 13 0.500000
1 1 0.757649
1 3 0.500000
1 10 0.504543
1 12 0.500000
2 2 0.544906
2 3 0.500000
2 4 0.561773
2 5 0.571146
2 6 0.679587
2 7 0.598659
2 8 0.548024
2 9 0.571427
2 10 0.501025
2 11 0.500000
2 12 0.500000
2 13 0.537526
2 14 0.500000
3 1 0.500000
3 2 0.500000
3 3 0.500000
3 4 0.500000
3 5 0.500000
3 6 0.500000
3 7 0.500000
3 8 0.500000
3 9 0.500000
3 10 0.500000
3 11 0.500000
3 12 0.500000
3 13 0.500000
3 14 0.500000
4 2 0.561773
4 3 0.500000
4 4 0.674860
4 5 0.631936
4 6 0.710145
4 7 0.667494
4 8 0.601582
4 9 0.593553
4 10 0.503377
4 11 0.500000
4 12 0.500000
4 13 0.567263
5 2 0.571146
5 3 0.500000
5 4 0.631936
5 5 0.652364
5 6 0.695009
5 7 0.692953
5 8 0.606799
5 9 0.619947
5 10 0.498782
5 11 0.500000
5 12 0.500000
5 13 0.569279
5 14 0.500000
6 2 0.679587
6 3 0.500000
6 4 0.710145
6 5 0.695009
6 6 0.999411
6 7 0.843379
6 8 0.647471
6 9 0.729558
6 10 0.543040
6 11 0.500000
6 12 0.500000
6 13 0.650649
6 14 0.500000
7 2 0.598659
7 3 0.500000
7 4 0.667494
7 5 0.692953
7 6 0.843379
7 7 0.912279
7 8 0.633248
7 9 0.615786
7 10 0.503900
7 11 0.500000
7 12 0.500000
7 13 0.582170
8 2 0.548024
8 3 0.500000
8 4 0.601582
8 5 0.606799
8 6 0.647471
8 7 0.633248
8 8 0.587366
8 9 0.572456
8 10 0.504477
8 11 0.500000
8 12 0.500000
8 13 0.549592
9 2 0.571427
9 3 0.500000
9 4 0.593553
9 5 0.619947
9 6 0.729558
9 7 0.615786
9 8 0.572456
9 9 0.635522
9 10 0.496288
9 11 0.500000
9 12 0.500000
9 13 0.557860
9 14 0.500000
10 1 0.504543
10 2 0.501025
10 3 0.500000
10 4 0.503377
10 5 0.498782
10 6 0.543040
10 7 0.503900
10 8 0.504477
10 9 0.496288
10 10 0.504154
10 11 0.500000
10 12 0.500000
10 13 0.501784
10 14 0.500000
11 2 0.500000
11 3 0.500000
11 4 0.500000
11 5 0.500000
11 6 0.500000
11 7 0.500000
11 8 0.500000
11 9 0.500000
11 10 0.500000
11 11 0.500000
11 12 0.500000
11 13 0.500000
12 1 0.500000
12 2 0.500000
12 3 0.500000
12 4 0.500000
12 5 0.500000
12 6 0.500000
12 7 0.500000
12 8 0.500000
12 9 0.500000
12 10 0.500000
12 11 0.500000
12 12 0.500000
12 13 0.500000
12 14 0.500000
13 2 0.537526
13 3 0.500000
13 4 0.567263
13 5 0.569279
13 6 0.650649
13 7 0.582170
13 8 0.549592
13 9 0.557860
13 10 0.501784
13 11 0.500000
13 12 0.500000
13 13 0.539326
14 2 0.500000
14 3 0.500000
14 5 0.500000
14 6 0.500000
14 9 0.500000
14 10 0.500000
14 12 0.500000
14 14 0.500000
