1 2 0.555553
1 4 0.644778
1 5 0.650460
1 6 0.624813
1 7 0.606189
1 8 0.554968
1 9 0.602600
1 11 0.564855
1 13 0.585304
1 14 0.500000
2 1 0.555553
4 1 0.644778
4 14 0.500000
5 1 0.650460
6 1 0.624813
7 1 0.606189
7 14 0.500000
8 1 0.554968
8 14 0.500000
9 1 0.602600
11 1 0.564855
11 14 0.500000
13 1 0.585304
13 14 0.500000
14 1 0.500000
14 4 0.500000
14 7 0.500000
14 8 0.500000
14 11 0.500000
14 13 0.500000
1 1 0.715488
1 3 0.500000
1 10 0.522987
1 12 0.500000
2 2 0.544304
2 3 0.500000
2 4 0.517559
2 5 0.546714
2 6 0.528883
2 7 0.517857
2 8 0.511268
2 9 0.530663
2 10 0.509404
2 11 0.513502
2 12 0.500000
2 13 0.522014
2 14 0.500000
3 1 0.500000
3 2 0.500000
3 3 0.500000
3 4 0.500000
3 5 0.500000
3 6 0.500000
3 7 0.500000
3 8 0.500000
3 9 0.500000
3 10 0.500000
3 11 0.500000
3 12 0.500000
3 13 0.500000
3 14 0.500000
4 2 0.517559
4 3 0.500000
4 4 0.645181
4 5 0.675945
4 6 0.567862
4 7 0.560276
4 8 0.541572
4 9 0.568601
4 10 0.510824
4 11 0.547903
4 12 0.500000
4 13 0.553525
5 2 0.546714
5 3 0.500000
5 4 0.675945
5 5 0.986348
5 6 0.556420
5 7 0.525566
5 8 0.572346
5 9 0.572142
5 10 0.509972
5 11 0.563286
5 12 0.500000
5 13 0.539159
5 14 0.500000
6 2 0.528883
6 3 0.500000
6 4 0.567862
6 5 0.556420
6 6 0.595189
6 7 0.564663
6 8 0.534805
6 9 0.557915
6 10 0.514322
6 11 0.537927
6 12 0.500000
6 13 0.548942
6 14 0.500000
7 2 0.517857
7 3 0.500000
7 4 0.560276
7 5 0.525566
7 6 0.564663
7 7 0.567201
7 8 0.521581
7 9 0.544296
7 10 0.509966
7 11 0.527508
7 12 0.500000
7 13 0.537956
8 2 0.511268
8 3 0.500000
8 4 0.541572
8 5 0.572346
8 6 0.534805
8 7 0.521581
8 8 0.522291
8 9 0.522218
8 10 0.506649
8 11 0.518651
8 12 0.500000
8 13 0.521241
9 2 0.530663
9 3 0.500000
9 4 0.568601
9 5 0.572142
9 6 0.557915
9 7 0.544296
9 8 0.522218
9 9 0.559313
9 10 0.512830
9 11 0.529133
9 12 0.500000
9 13 0.536938
9 14 0.500000
10 1 0.522987
10 2 0.509404
10 3 0.500000
10 4 0.510824
10 5 0.509972
10 6 0.514322
10 7 0.509966
10 8 0.506649
10 9 0.512830
10 10 0.509552
10 11 0.505815
10 12 0.500000
10 13 0.507800
10 14 0.500000
11 2 0.513502
11 3 0.500000
11 4 0.547903
11 5 0.563286
11 6 0.537927
11 7 0.527508
11 8 0.518651
11 9 0.529133
11 10 0.505815
11 11 0.520693
11 12 0.500000
11 13 0.524896
12 1 0.500000
12 2 0.500000
12 3 0.500000
12 4 0.500000
12 5 0.500000
12 6 0.500000
12 7 0.500000
12 8 0.500000
12 9 0.500000
12 10 0.500000
12 11 0.500000
12 12 0.500000
12 13 0.500000
12 14 0.500000
13 2 0.522014
13 3 0.500000
13 4 0.553525
13 5 0.539159
13 6 0.548942
13 7 0.537956
13 8 0.521241
13 9 0.536938
13 10 0.507800
13 11 0.524896
13 12 0.500000
13 13 0.535286
14 2 0.500000
14 3 0.500000
14 5 0.500000
14 6 0.500000
14 9 0.500000
14 10 0.500000
14 12 0.500000
14 14 0.500000
