1 2 0.664509
1 4 0.847165
1 5 0.794831
1 6 0.842882
1 7 0.768220
1 8 0.698432
1 9 0.734383
1 11 0.735406
1 13 0.733792
1 14 0.500000
2 1 0.664509
4 1 0.847165
4 14 0.500000
5 1 0.794831
6 1 0.842882
7 1 0.768220
7 14 0.500000
8 1 0.698432
8 14 0.500000
9 1 0.734383
11 1 0.735406
11 14 0.500000
13 1 0.733792
13 14 0.500000
14 1 0.500000
14 4 0.500000
14 7 0.500000
14 8 0.500000
14 11 0.500000
14 13 0.500000
1 1 0.945691
1 3 0.500000
1 10 0.521672
1 12 0.500000
2 2 0.559715
2 3 0.500000
2 4 0.595890
2 5 0.582106
2 6 0.578219
2 7 0.586136
2 8 0.562457
2 9 0.571565
2 10 0.502423
2 11 0.557947
2 12 0.500000
2 13 0.561301
2 14 0.500000
3 1 0.500000
3 2 0.500000
3 3 0.500000
3 4 0.500000
3 5 0.500000
3 6 0.500000
3 7 0.500000
3 8 0.500000
3 9 0.500000
3 10 0.500000
3 11 0.500000
3 12 0.500000
3 13 0.500000
3 14 0.500000
4 2 0.595890
4 3 0.500000
4 4 0.766499
4 5 0.738430
4 6 0.740667
4 7 0.656352
4 8 0.643241
4 9 0.630443
4 10 0.502229
4 11 0.646615
4 12 0.500000
4 13 0.641910
5 2 0.582106
5 3 0.500000
5 4 0.738430
5 5 0.944487
5 6 0.665147
5 7 0.591791
5 8 0.678422
5 9 0.543513
5 10 0.500430
5 11 0.606720
5 12 0.500000
5 13 0.616540
5 14 0.500000
6 2 0.578219
6 3 0.500000
6 4 0.740667
6 5 0.665147
6 6 0.777366
6 7 0.645058
6 8 0.637412
6 9 0.625629
6 10 0.511013
6 11 0.647887
6 12 0.500000
6 13 0.641219
6 14 0.500000
7 2 0.586136
7 3 0.500000
7 4 0.656352
7 5 0.591791
7 6 0.645058
7 7 0.662945
7 8 0.566567
7 9 0.632493
7 10 0.514083
7 11 0.606283
7 12 0.500000
7 13 0.601993
8 2 0.562457
8 3 0.500000
8 4 0.643241
8 5 0.678422
8 6 0.637412
8 7 0.566567
8 8 0.851455
8 9 0.509852
8 10 0.529533
8 11 0.556548
8 12 0.500000
8 13 0.562915
9 2 0.571565
9 3 0.500000
9 4 0.630443
9 5 0.543513
9 6 0.625629
9 7 0.632493
9 8 0.509852
9 9 0.636002
9 10 0.510740
9 11 0.589138
9 12 0.500000
9 13 0.591520
9 14 0.500000
10 1 0.521672
10 2 0.502423
10 3 0.500000
10 4 0.502229
10 5 0.500430
10 6 0.511013
10 7 0.514083
10 8 0.529533
10 9 0.510740
10 10 0.519792
10 11 0.505592
10 12 0.500000
10 13 0.503211
10 14 0.500000
11 2 0.557947
11 3 0.500000
11 4 0.646615
11 5 0.606720
11 6 0.647887
11 7 0.606283
11 8 0.556548
11 9 0.589138
11 10 0.505592
11 11 0.593503
11 12 0.500000
11 13 0.589886
12 1 0.500000
12 2 0.500000
12 3 0.500000
12 4 0.500000
12 5 0.500000
12 6 0.500000
12 7 0.500000
12 8 0.500000
12 9 0.500000
12 10 0.500000
12 11 0.500000
12 12 0.500000
12 13 0.500000
12 14 0.500000
13 2 0.561301
13 3 0.500000
13 4 0.641910
13 5 0.616540
13 6 0.641219
13 7 0.601993
13 8 0.562915
13 9 0.591520
13 10 0.503211
13 11 0.589886
13 12 0.500000
13 13 0.596140
14 2 0.500000
14 3 0.500000
14 5 0.500000
14 6 0.500000
14 9 0.500000
14 10 0.500000
14 12 0.500000
14 14 0.500000
