1 2 0.613964
1 4 0.669670
1 5 0.720334
1 6 0.694774
1 7 0.700008
1 8 0.636960
1 9 0.635739
1 11 0.594329
1 13 0.611328
1 14 0.500000
2 1 0.613964
4 1 0.669670
4 14 0.500000
5 1 0.720334
6 1 0.694774
7 1 0.700008
7 14 0.500000
8 1 0.636960
8 14 0.500000
9 1 0.635739
11 1 0.594329
11 14 0.500000
13 1 0.611328
13 14 0.500000
14 1 0.500000
14 4 0.500000
14 7 0.500000
14 8 0.500000
14 11 0.500000
14 13 0.500000
1 1 0.756103
1 3 0.500000
1 10 0.528771
1 12 0.500000
2 2 0.550023
2 3 0.500000
2 4 0.567602
2 5 0.586449
2 6 0.588848
2 7 0.585187
2 8 0.553181
2 9 0.556258
2 10 0.511233
2 11 0.540221
2 12 0.500000
2 13 0.547988
2 14 0.500000
3 1 0.500000
3 2 0.500000
3 3 0.500000
3 4 0.500000
3 5 0.500000
3 6 0.500000
3 7 0.500000
3 8 0.500000
3 9 0.500000
3 10 0.500000
3 11 0.500000
3 12 0.500000
3 13 0.500000
3 14 0.500000
4 2 0.567602
4 3 0.500000
4 4 0.668851
4 5 0.738221
4 6 0.603391
4 7 0.584056
4 8 0.605708
4 9 0.599595
4 10 0.534883
4 11 0.558950
4 12 0.500000
4 13 0.566433
5 2 0.586449
5 3 0.500000
5 4 0.738221
5 5 0.972742
5 6 0.627927
5 7 0.542597
5 8 0.644349
5 9 0.695376
5 10 0.579227
5 11 0.578377
5 12 0.500000
5 13 0.572468
5 14 0.500000
6 2 0.588848
6 3 0.500000
6 4 0.603391
6 5 0.627927
6 6 0.668394
6 7 0.661412
6 8 0.588915
6 9 0.594850
6 10 0.514714
6 11 0.571831
6 12 0.500000
6 13 0.580650
6 14 0.500000
7 2 0.585187
7 3 0.500000
7 4 0.584056
7 5 0.542597
7 6 0.661412
7 7 0.824283
7 8 0.599646
7 9 0.565539
7 10 0.505010
7 11 0.570117
7 12 0.500000
7 13 0.580943
8 2 0.553181
8 3 0.500000
8 4 0.605708
8 5 0.644349
8 6 0.588915
8 7 0.599646
8 8 0.583676
8 9 0.569575
8 10 0.518520
8 11 0.545876
8 12 0.500000
8 13 0.556506
9 2 0.556258
9 3 0.500000
9 4 0.599595
9 5 0.695376
9 6 0.594850
9 7 0.565539
9 8 0.569575
9 9 0.593805
9 10 0.518562
9 11 0.547248
9 12 0.500000
9 13 0.549936
9 14 0.500000
10 1 0.528771
10 2 0.511233
10 3 0.500000
10 4 0.534883
10 5 0.579227
10 6 0.514714
10 7 0.505010
10 8 0.518520
10 9 0.518562
10 10 0.512119
10 11 0.509903
10 12 0.500000
10 13 0.511323
10 14 0.500000
11 2 0.540221
11 3 0.500000
11 4 0.558950
11 5 0.578377
11 6 0.571831
11 7 0.570117
11 8 0.545876
11 9 0.547248
11 10 0.509903
11 11 0.532949
11 12 0.500000
11 13 0.538687
12 1 0.500000
12 2 0.500000
12 3 0.500000
12 4 0.500000
12 5 0.500000
12 6 0.500000
12 7 0.500000
12 8 0.500000
12 9 0.500000
12 10 0.500000
12 11 0.500000
12 12 0.500000
12 13 0.500000
12 14 0.500000
13 2 0.547988
13 3 0.500000
13 4 0.566433
13 5 0.572468
13 6 0.580650
13 7 0.580943
13 8 0.556506
13 9 0.549936
13 10 0.511323
13 11 0.538687
13 12 0.500000
13 13 0.555394
14 2 0.500000
14 3 0.500000
14 5 0.500000
14 6 0.500000
14 9 0.500000
14 10 0.500000
14 12 0.500000
14 14 0.500000
