1 2 0.858603
1 4 0.996854
1 5 0.936146
1 6 0.937150
1 7 0.900062
1 8 0.916962
1 9 0.940040
1 11 0.500000
1 13 0.586994
1 14 0.500000
2 1 0.858603
4 1 0.996854
4 14 0.500000
5 1 0.936146
6 1 0.937150
7 1 0.900062
7 14 0.500000
8 1 0.916962
8 14 0.500000
9 1 0.940040
11 1 0.500000
11 14 0.500000
13 1 0.586994
13 14 0.500000
14 1 0.500000
14 4 0.500000
14 7 0.500000
14 8 0.500000
14 11 0.500000
14 13 0.500000
1 1 0.981980
1 3 0.500000
1 10 0.509974
1 12 0.500000
2 2 0.696367
2 3 0.500000
2 4 0.930681
2 5 0.770702
2 6 0.771057
2 7 0.713099
2 8 0.749182
2 9 0.775387
2 10 0.501567
2 11 0.500000
2 12 0.500000
2 13 0.533580
2 14 0.500000
3 1 0.500000
3 2 0.500000
3 3 0.500000
3 4 0.500000
3 5 0.500000
3 6 0.500000
3 7 0.500000
3 8 0.500000
3 9 0.500000
3 10 0.500000
3 11 0.500000
3 12 0.500000
3 13 0.500000
3 14 0.500000
4 2 0.930681
4 3 0.500000
4 4 0.999999
4 5 0.972799
4 6 0.989496
4 7 0.942154
4 8 0.978602
4 9 0.965102
4 10 0.564348
4 11 0.500000
4 12 0.500000
4 13 0.584764
5 2 0.770702
5 3 0.500000
5 4 0.972799
5 5 0.873032
5 6 0.863739
5 7 0.834010
5 8 0.830868
5 9 0.861206
5 10 0.490016
5 11 0.500000
5 12 0.500000
5 13 0.540352
5 14 0.500000
6 2 0.771057
6 3 0.500000
6 4 0.989496
6 5 0.863739
6 6 0.890086
6 7 0.847003
6 8 0.838765
6 9 0.839465
6 10 0.513082
6 11 0.500000
6 12 0.500000
6 13 0.573999
6 14 0.500000
7 2 0.713099
7 3 0.500000
7 4 0.942154
7 5 0.834010
7 6 0.847003
7 7 0.968291
7 8 0.761960
7 9 0.804893
7 10 0.525040
7 11 0.500000
7 12 0.500000
7 13 0.716748
8 2 0.749182
8 3 0.500000
8 4 0.978602
8 5 0.830868
8 6 0.838765
8 7 0.761960
8 8 0.817245
8 9 0.833613
8 10 0.505795
8 11 0.500000
8 12 0.500000
8 13 0.531686
9 2 0.775387
9 3 0.500000
9 4 0.965102
9 5 0.861206
9 6 0.839465
9 7 0.804893
9 8 0.833613
9 9 0.890986
9 10 0.510487
9 11 0.500000
9 12 0.500000
9 13 0.568137
9 14 0.500000
10 1 0.509974
10 2 0.501567
10 3 0.500000
10 4 0.564348
10 5 0.490016
10 6 0.513082
10 7 0.525040
10 8 0.505795
10 9 0.510487
10 10 0.526118
10 11 0.500000
10 12 0.500000
10 13 0.551373
10 14 0.500000
11 2 0.500000
11 3 0.500000
11 4 0.500000
11 5 0.500000
11 6 0.500000
11 7 0.500000
11 8 0.500000
11 9 0.500000
11 10 0.500000
11 11 0.500000
11 12 0.500000
11 13 0.500000
12 1 0.500000
12 2 0.500000
12 3 0.500000
12 4 0.500000
12 5 0.500000
12 6 0.500000
12 7 0.500000
12 8 0.500000
12 9 0.500000
12 10 0.500000
12 11 0.500000
12 12 0.500000
12 13 0.500000
12 14 0.500000
13 2 0.533580
13 3 0.500000
13 4 0.584764
13 5 0.540352
13 6 0.573999
13 7 0.716748
13 8 0.531686
13 9 0.568137
13 10 0.551373
13 11 0.500000
13 12 0.500000
13 13 0.693941
14 2 0.500000
14 3 0.500000
14 5 0.500000
14 6 0.500000
14 9 0.500000
14 10 0.500000
14 12 0.500000
14 14 0.500000
