5.950041
2.113296
1.310953
2.203261
2.148929
1.750336
2.080216
2.024119
1.715444
2.143910
1.269560
2.544694
1.922607
3.068313
2.383470
1.862018
1.702366
4.129225
4.499222
1.345510
1.228438
1.113876
2.287711
2.185796
2.358593
2.041617
1.342323
2.681343
1.347952
4.679945
1.478543
1.478420
2.072023
1.298829
2.049468
2.705477
2.890318
2.634724
3.738708
3.139341
2.099547
3.553483
2.349215
3.141120
1.178407
3.166987
1.538546
1.970160
2.325907
1.321782
1.464344
2.302761
5.077086
1.071108
1.631302
1.303583
2.044030
1.729930
2.207013
1.078080
1.770333
3.141484
1.528066
2.302095
1.814191
2.517710
2.429428
1.824227
3.860117
2.652782
1.524753
2.625621
1.329806
1.869424
1.873175
1.740687
1.020217
2.664543
3.907228
1.440955
2.370566
2.631316
3.054343
1.518270
1.491552
3.497139
2.525867
3.438954
1.983132
2.756609
3.001644
1.568857
2.054529
3.149449
1.757448
1.357352
2.099408
2.775820
2.208785
2.543125
1.074364
2.128158
1.926050
3.254009
1.246042
2.018256
2.697952
2.180109
1.245661
1.758574
1.858559
2.076062
1.464923
1.185667
1.933458
1.374644
1.280885
1.839805
1.348735
1.080746
2.048159
1.352933
3.352719
1.323039
2.727085
1.476000
3.069493
2.296832
1.980257
2.663368
1.280385
1.795147
1.811080
3.240407
1.953826
2.497151
2.412213
1.984338
2.348677
1.745925
1.665651
1.960299
2.068856
2.556345
1.600054
2.804152
2.389387
2.111558
2.848752
1.176871
2.413336
1.499504
1.818927
1.770112
2.446269
2.596982
2.225463
1.779609
2.021049
1.716368
1.344970
2.362020
1.997262
1.511186
1.876895
1.143943
1.411609
1.668887
2.186719
1.467177
1.941542
1.913503
2.043301
1.264271
1.524732
1.810246
1.974437
2.545119
1.703388
1.250767
1.982753
4.032244
1.241741
2.419075
1.547585
3.029673
1.787689
1.488564
1.214120
1.669506
1.919045
1.359575
1.662028
1.658978
3.297643
1.476244
1.329155
1.341224
1.739589
1.840675
1.285984
1.641467
1.615838
1.552980
2.105823
1.669650
1.609835
1.801392
1.851990
1.396444
3.023518
2.335402
1.665527
1.504969
1.898399
