2.127484
2.060206
1.344167
1.477123
1.708164
2.582378
3.478789
2.260317
1.820470
1.488238
1.740310
3.459130
2.121234
1.399345
1.347035
1.851503
2.246545
1.578375
2.227348
3.151569
1.835880
2.100569
1.820153
1.808130
2.539295
2.012561
1.784585
1.719692
3.017877
1.946403
1.343491
2.117146
3.236562
1.762722
2.606705
2.285823
2.215981
1.744316
4.639153
2.746220
2.808984
2.093127
2.349667
2.074122
1.361792
1.595713
3.783842
2.468831
1.813519
1.734546
2.391208
2.727270
1.529195
2.157653
1.270833
1.887281
1.980962
2.471535
1.693831
2.336818
1.362589
1.236558
1.918493
2.272197
1.483625
1.960911
2.465598
2.661063
3.302863
1.931219
1.630964
1.541726
1.990147
2.137590
2.240257
2.675312
1.371469
2.506273
1.300693
2.737952
2.504880
2.454702
2.036184
1.942021
1.735098
4.302688
2.164494
1.430117
3.107882
1.960222
1.478277
2.095295
1.495030
2.497091
1.350243
1.304619
2.371728
2.422879
1.932302
1.789942
1.768484
1.570252
1.673098
1.593892
2.312510
2.217239
1.033620
1.519218
1.261842
1.143734
1.733908
2.453918
2.065965
2.490863
2.590861
1.760252
1.475229
2.716076
1.581562
1.707895
1.414195
1.523342
1.665432
1.111392
1.602237
1.959071
2.218421
2.560786
1.395612
2.115521
1.744478
1.154770
3.241998
1.127586
2.811298
1.751881
1.320339
2.210313
1.141632
2.084014
1.171197
1.528137
1.969260
1.531147
1.840170
2.428833
1.742209
1.313677
1.289496
1.777358
1.460694
2.552778
1.082024
1.504439
1.570783
3.557356
1.677617
2.699662
3.451185
2.310093
1.976683
2.006245
1.385254
1.913888
1.979501
1.477188
1.322455
1.334223
1.371895
2.106690
1.606944
1.062165
2.355259
1.945936
1.152144
1.477331
1.071223
3.780875
1.584216
1.940028
1.602605
1.433764
1.553473
1.983849
2.275765
1.644716
2.319518
1.130482
2.087370
1.857690
1.634645
1.035373
2.524987
1.390053
0.984272
1.349490
2.123576
3.551708
2.133746
2.170172
2.052680
1.028683
2.031715
2.058982
1.472600
3.904577
1.837613
1.538472
1.327109
1.168366
1.151175
2.155316
1.571980
1.275637
1.165361
3.357793
2.016726
1.475817
1.244092
1.542224
1.509445
1.637218
0.686004
1.846539
1.033514
2.207269
2.305062
1.838503
2.154583
3.243870
1.088599
1.542430
2.257203
2.016379
1.492603
1.395165
1.295048
1.732348
2.024436
2.320684
1.318976
1.769655
2.189066
2.700191
1.054108
3.411437
1.230659
1.712112
1.845457
1.454217
1.142913
2.413219
1.866179
1.169907
3.399920
2.063382
1.451762
1.667971
1.664879
1.368697
2.131180
2.343099
2.613153
1.619060
1.562371
2.127895
1.790091
2.821731
1.770998
2.396417
1.599515
1.502482
2.193220
1.176722
2.287929
1.509502
2.138565
1.122549
1.229152
2.574372
