1.334608
2.669819
1.338238
4.029199
2.991059
1.947441
1.652821
2.679242
1.964052
1.958352
2.241581
2.731292
3.033307
9.711153
2.185218
2.381936
2.137164
1.393721
1.608979
1.804990
3.408221
2.644246
3.252015
1.478059
1.273927
1.626685
3.446460
1.649933
3.664383
3.522414
1.539070
1.540468
1.538323
1.626588
1.412324
2.624285
1.389677
3.353966
2.150426
7.477667
2.662075
1.860276
5.481177
1.697068
2.170132
6.939741
6.606507
1.655563
2.738399
2.050840
2.194283
1.098535
2.690553
1.614586
2.241051
2.954024
3.053560
9.997514
1.244540
1.118721
2.132864
3.063829
7.029812
2.566147
1.621832
2.217772
1.918122
2.253683
1.900357
1.270707
1.495921
1.895973
2.814399
2.154100
1.790414
3.466312
1.192425
2.268137
1.520033
8.550762
3.363293
2.334116
1.932347
1.012286
8.141966
2.277845
1.840887
1.628349
2.795969
1.277738
1.544541
2.115556
1.740870
4.724143
2.056853
4.773818
2.765137
1.251306
2.256269
2.252639
2.747366
2.416222
2.310392
6.202952
2.763584
1.932331
2.672345
3.346076
2.538354
2.160524
1.884744
1.850168
2.296105
1.357049
2.014662
2.454293
1.730834
2.185830
2.050522
1.443679
1.007738
1.040974
1.015249
2.316115
1.128194
2.067714
2.217052
4.733654
3.979909
1.519792
1.587357
2.376646
1.150312
1.487530
1.871355
4.610216
1.762953
3.176873
1.942215
1.887286
1.770559
2.050975
4.331694
2.223711
1.310894
1.781005
1.116011
1.702396
3.292977
2.452201
2.118807
3.429735
2.754201
1.707260
1.146665
1.593694
1.237852
2.463347
1.340497
2.604932
2.270889
1.760752
1.550671
1.726908
1.745910
1.691827
4.749165
1.245703
1.247226
1.319358
2.014638
1.941576
1.861552
2.269355
4.358956
1.518647
1.186343
3.174193
2.069197
1.515319
1.682382
2.415866
1.997925
1.053753
1.377046
2.349070
2.401806
1.304547
2.822314
1.579543
1.422858
2.731932
1.959264
3.649778
2.462676
2.190425
3.347013
2.325330
1.052467
1.583338
3.370433
1.491235
3.891199
1.926053
5.186440
1.763528
3.578322
3.239942
0.995754
2.119518
2.083088
2.625258
1.604455
2.665063
2.483109
2.187526
1.362620
2.728916
1.866612
1.219059
1.311048
4.634027
3.903625
3.432190
1.857328
1.439718
2.487220
1.582703
1.336773
6.005427
6.649492
2.976146
1.186599
1.636763
2.622011
1.186423
1.994110
2.789318
2.967516
1.284178
2.230258
2.942034
1.858931
3.626314
2.495329
1.462471
2.786128
3.012645
2.712422
2.020638
3.142819
2.448398
1.380016
4.456841
1.544559
3.272405
2.564087
3.730787
1.349722
6.158305
1.939038
3.313803
1.341208
2.749012
1.271822
2.681734
1.253170
1.680228
