1.861316
1.148350
1.358868
1.838926
1.339890
2.312524
1.361474
1.471020
1.484777
1.146462
1.949298
1.424764
1.171461
1.241258
2.561043
1.493668
1.055193
1.506215
1.202684
1.007620
1.432291
1.778871
1.407999
1.682906
1.450548
1.403940
1.385515
1.758965
1.340653
1.161900
1.483363
2.168878
1.203749
1.341771
1.563395
1.067153
1.731579
1.176117
1.856572
0.935944
1.646712
1.151156
1.723654
1.564470
1.248689
1.194768
1.228285
2.466404
1.354920
2.101022
1.873408
1.189220
1.351451
1.219830
1.513210
1.279529
1.130162
3.262469
1.059340
1.089132
2.322418
1.420825
0.974348
1.080259
1.963343
3.297224
2.003772
2.033499
1.679918
2.058263
1.237503
1.150561
1.463157
1.079885
1.775237
4.238891
2.340992
1.513968
1.196378
2.175626
1.643101
2.566347
2.292759
1.105541
1.544864
1.502803
1.147834
1.200822
1.822220
1.937453
1.861683
2.295929
1.911414
2.511194
1.680131
1.612457
1.149891
1.780567
1.376210
1.102451
1.543800
2.107173
1.890502
2.284230
1.554579
1.133987
1.272418
2.165286
1.533196
1.727801
1.918267
1.715003
1.716208
1.398059
1.421278
1.793420
1.206540
2.137969
1.271815
1.131613
1.423990
1.603782
1.353909
1.047202
1.835597
1.390910
1.695460
1.540813
1.631098
1.100093
1.240357
1.103876
1.623335
1.026105
2.550396
1.469190
1.835184
1.270552
1.561644
1.636363
1.234403
2.026155
2.523385
1.570542
1.326197
1.262123
1.531259
2.081803
1.338238
1.962861
1.357947
1.682876
1.925968
1.214861
1.514256
2.342680
1.699225
1.305400
1.665862
1.263086
2.037660
1.501265
0.996549
1.473203
2.750808
1.150652
0.974056
1.036415
2.664092
1.198496
1.145190
2.748334
1.983271
1.071181
1.863780
1.567128
1.031211
1.556654
2.608690
1.658601
1.047130
1.207929
1.112709
1.457020
1.915395
1.327060
1.330521
1.183849
2.547240
1.032150
1.754654
3.202063
1.208264
1.644842
1.313085
1.914722
1.171754
