1.290609
1.928255
0.962988
2.117361
1.761359
1.459859
2.155092
1.406941
1.554113
2.033572
1.328419
1.822280
1.428575
1.598598
1.309583
1.180349
1.837104
1.141977
1.143913
1.631733
1.584078
1.994966
1.680580
0.998313
1.328612
1.542562
1.683480
1.459317
1.130355
1.005849
2.283221
2.443374
1.810474
1.642511
1.636534
1.713600
2.316873
1.006760
2.356661
1.300150
0.960005
1.630865
1.701049
1.612406
2.601828
0.944883
1.722493
1.672245
1.061478
1.121266
1.359049
1.835859
2.150827
1.286184
2.618790
1.461924
3.550155
1.685986
1.365048
2.572816
1.800963
1.028879
1.085178
2.905266
2.041741
1.783092
1.379154
2.136389
1.436035
1.413015
0.964883
2.310859
2.055331
1.161024
1.336051
1.777397
2.457397
1.260437
3.437305
1.578583
1.222707
1.647792
1.878096
1.100603
1.208855
2.034546
1.026972
1.136912
1.217539
1.272822
1.902439
0.974279
1.458247
1.201639
1.657350
2.064763
1.802067
1.065342
2.372359
1.158185
1.436648
1.806799
1.370663
1.909999
2.159941
1.223415
1.464284
2.358255
1.134328
1.845202
1.652929
2.707988
1.363299
1.018769
2.078240
1.958588
1.212374
1.522969
2.299741
1.226455
1.029660
1.567374
1.080234
