3.636060
3.493555
2.480476
1.917433
1.380754
2.555677
4.189362
2.694071
1.324576
3.808460
3.893510
2.737591
1.783246
2.895349
7.785431
3.551464
2.387992
7.858576
3.611315
1.963380
3.734111
1.539387
1.638888
1.237620
1.692183
2.043047
5.337279
1.427948
1.735049
1.324261
2.212777
1.933605
1.659122
1.551958
1.647440
2.455687
2.096180
1.325147
5.967805
1.773327
4.726418
2.410717
3.548821
1.551174
1.941692
3.097342
3.066988
2.023254
1.481930
1.355576
2.845193
2.512326
2.074420
1.386281
1.932564
1.652111
3.385048
2.414777
3.136336
6.651921
4.749325
1.674332
2.496378
1.416889
1.134744
2.696001
1.578250
2.204888
1.580321
1.398649
0.965746
1.568404
1.493281
1.880229
2.307816
4.379636
1.854516
2.660226
1.229578
2.588986
2.247363
2.315426
1.816164
1.379625
1.222460
4.011143
1.369803
4.415174
1.476969
2.374551
1.179927
0.947214
1.342738
1.635661
1.282120
1.192299
3.409427
4.122705
4.922232
2.953719
5.151193
1.053249
2.621364
1.537789
2.139761
2.556113
1.279930
4.372193
1.396343
2.184555
1.572696
2.195266
1.761996
2.248083
1.954167
1.961757
5.067230
1.686031
2.205409
1.138921
2.494543
2.048298
2.086280
1.662890
2.327356
2.022181
1.879438
2.771216
2.083516
2.474281
2.082012
1.946628
1.002484
1.830258
1.920375
1.317165
2.226445
1.941330
2.423578
3.017290
2.742221
1.214242
3.702697
1.767919
1.677186
1.825763
2.798315
4.543910
1.395322
2.325248
1.944138
0.987325
2.583027
2.012914
3.066131
2.061219
1.174711
1.487931
1.101314
1.639013
3.439730
2.081969
2.657287
1.622955
1.721743
0.977068
1.972640
2.306124
1.036714
2.879061
2.645047
1.655647
2.319726
1.600389
2.026852
1.290258
1.552141
2.189690
1.075016
1.767532
1.813942
1.107952
2.273680
1.478055
3.356974
1.931821
2.216948
1.139808
1.615950
1.895396
2.829834
1.473228
1.657252
2.095162
3.323749
2.869731
3.159729
2.284499
1.028552
1.485507
1.871025
1.305584
3.309502
1.695200
3.052218
1.830714
1.645265
1.717776
2.350841
1.174305
1.513155
1.278639
3.430088
3.085490
2.566454
2.296231
2.726218
1.660019
1.823091
1.520209
1.895211
1.556269
2.440448
0.994097
1.336323
1.187768
1.771328
1.229037
1.334268
1.797092
2.558255
1.644877
