1.771204
1.555914
1.072629
1.579053
2.149750
1.856328
2.473647
1.302711
1.462295
1.796101
1.873742
0.952561
1.609107
1.894581
2.145805
1.083414
2.178760
0.983027
1.415155
2.651230
1.478163
3.838139
1.857954
1.126998
1.192686
1.768979
2.121758
1.780550
1.435525
2.526181
2.569252
1.495295
1.147495
1.521942
1.324453
1.599210
2.438596
1.273762
2.485734
0.948903
2.201011
1.695987
1.107428
1.333426
1.835262
2.224335
2.550977
1.777635
1.952214
1.522543
2.901056
2.284048
1.317124
2.933308
1.445404
1.910352
1.790480
1.371254
1.182238
1.347247
1.558223
2.207060
2.214228
2.095649
1.538120
1.869744
1.831107
1.104514
1.079977
2.397452
1.078215
1.016153
1.699577
3.677957
2.223129
1.265562
1.942247
1.690770
1.899045
1.929306
1.045915
1.895076
1.385846
1.806610
1.050867
1.612615
1.317332
1.948629
1.227336
2.590848
1.273258
0.989391
1.644039
1.081609
1.558185
1.932336
1.157632
1.398636
0.931178
1.785943
1.267827
1.852550
1.694485
1.435353
1.162425
1.972561
1.918617
1.895713
0.959734
1.940566
1.100984
1.453319
3.368817
1.788862
1.305001
2.363023
1.771316
1.356750
1.410805
1.329478
1.775074
2.034543
1.528794
0.930273
3.230556
1.744798
1.101980
2.291061
1.592345
1.278163
1.436051
1.110682
1.392037
1.119020
1.787976
2.302274
1.140427
0.961085
1.141105
