1.359343
2.196176
1.334076
1.713075
1.850954
1.558682
1.090414
1.608034
1.870625
1.685957
2.354721
1.903452
1.843188
1.430658
2.134228
3.062335
1.258009
2.107573
1.147561
1.480630
1.549419
1.223180
1.395445
1.423660
0.963745
2.074082
1.034331
1.593197
1.162827
2.539378
1.994118
1.522790
2.860962
1.426469
2.019555
1.774594
1.917309
1.543108
2.672942
2.580863
1.189365
2.335345
1.770270
1.210546
2.780792
2.580332
1.486193
1.663634
1.868743
1.322943
1.471999
3.952898
1.057262
1.365901
2.443238
1.844066
1.902184
1.667370
1.908655
3.418195
3.086613
0.880745
1.508544
1.659470
1.749183
1.484071
1.045738
2.960167
2.280198
1.168411
3.392142
2.164801
1.414745
1.915966
2.407692
1.757515
1.014784
2.224804
1.746543
1.425201
2.484322
1.136024
1.832855
1.420137
2.136955
1.343207
1.294744
1.680540
3.104539
2.236915
1.143728
3.081328
1.896485
2.173435
1.681042
2.448568
1.765606
2.520533
2.540960
1.774957
2.451964
1.285974
1.069451
1.477384
1.781399
1.568377
1.660597
2.187671
1.727879
1.772349
1.812165
1.576025
1.605771
0.908183
1.137135
1.163849
1.971141
2.020896
1.639403
1.683241
1.989736
1.621736
1.164994
1.524416
