1.905652
1.049818
2.276849
1.850705
1.523137
2.939355
1.764652
1.775291
2.531304
3.476921
1.323377
1.312714
1.578532
1.408898
1.763832
1.897866
1.554810
1.664555
1.675050
1.528781
1.565674
1.847651
2.743338
2.055940
1.600468
1.633725
1.828344
1.861139
1.798743
1.958241
1.601393
1.675395
1.755464
2.225226
1.497704
1.693157
2.574398
1.131138
1.344319
2.345487
1.042409
1.988586
1.777923
1.983516
1.875988
2.077432
1.333744
1.690518
1.452701
1.166176
1.325593
1.524406
2.080469
1.806025
2.165715
1.179067
1.475153
2.417559
1.610022
1.679008
1.860579
1.047435
1.622888
2.088148
1.387046
1.618909
1.461921
1.267054
1.250466
1.910814
1.317286
1.647107
2.179924
1.032851
1.826584
1.543215
2.581711
2.229597
2.208814
1.366661
1.747633
1.702809
1.637856
2.880591
1.624657
1.826233
2.669902
2.223613
1.607347
1.056971
1.877987
2.365207
2.157439
2.281862
1.627041
1.920003
1.549851
1.861407
1.595876
1.064764
1.985481
2.207042
1.042484
3.044714
1.492802
1.927498
1.442064
1.116749
1.914783
1.041532
1.214906
1.286036
1.818293
1.227941
1.385054
1.628234
2.264357
1.469554
1.080390
1.836560
1.819114
3.198829
1.054423
1.575941
1.238352
1.999408
1.025868
1.637057
1.612278
1.350855
1.811920
1.137563
1.211810
1.742893
2.250187
1.439045
1.943083
2.154025
2.026993
2.132376
2.176842
2.337284
2.290837
1.140731
2.582223
1.150344
1.606441
2.291793
1.913456
1.791413
1.767309
1.263716
1.986383
1.186883
1.620418
