1 2 0.700838
1 4 0.798101
1 5 0.728660
1 6 0.816470
1 7 0.795567
1 8 0.746708
1 9 0.699434
1 11 0.500000
1 13 0.636879
1 14 0.500000
2 1 0.700838
4 1 0.798101
4 14 0.500000
5 1 0.728660
6 1 0.816470
7 1 0.795567
7 14 0.500000
8 1 0.746708
8 14 0.500000
9 1 0.699434
11 1 0.500000
11 14 0.500000
13 1 0.636879
13 14 0.500000
14 1 0.500000
14 4 0.500000
14 7 0.500000
14 8 0.500000
14 11 0.500000
14 13 0.500000
1 1 0.904010
1 3 0.500000
1 10 0.510618
1 12 0.500000
2 2 0.587448
2 3 0.500000
2 4 0.627490
2 5 0.594366
2 6 0.644494
2 7 0.629205
2 8 0.607920
2 9 0.580674
2 10 0.504614
2 11 0.500000
2 12 0.500000
2 13 0.556959
2 14 0.500000
3 1 0.500000
3 2 0.500000
3 3 0.500000
3 4 0.500000
3 5 0.500000
3 6 0.500000
3 7 0.500000
3 8 0.500000
3 9 0.500000
3 10 0.500000
3 11 0.500000
3 12 0.500000
3 13 0.500000
3 14 0.500000
4 2 0.627490
4 3 0.500000
4 4 0.780180
4 5 0.612709
4 6 0.700555
4 7 0.680984
4 8 0.648880
4 9 0.607890
4 10 0.506043
4 11 0.500000
4 12 0.500000
4 13 0.562268
5 2 0.594366
5 3 0.500000
5 4 0.612709
5 5 0.642434
5 6 0.650855
5 7 0.647413
5 8 0.627119
5 9 0.599638
5 10 0.503375
5 11 0.500000
5 12 0.500000
5 13 0.590660
5 14 0.500000
6 2 0.644494
6 3 0.500000
6 4 0.700555
6 5 0.650855
6 6 0.785734
6 7 0.721952
6 8 0.663986
6 9 0.624165
6 10 0.508302
6 11 0.500000
6 12 0.500000
6 13 0.573506
6 14 0.500000
7 2 0.629205
7 3 0.500000
7 4 0.680984
7 5 0.647413
7 6 0.721952
7 7 0.716066
7 8 0.656009
7 9 0.628291
7 10 0.505114
7 11 0.500000
7 12 0.500000
7 13 0.578236
8 2 0.607920
8 3 0.500000
8 4 0.648880
8 5 0.627119
8 6 0.663986
8 7 0.656009
8 8 0.653565
8 9 0.611386
8 10 0.503708
8 11 0.500000
8 12 0.500000
8 13 0.553242
9 2 0.580674
9 3 0.500000
9 4 0.607890
9 5 0.599638
9 6 0.624165
9 7 0.628291
9 8 0.611386
9 9 0.604950
9 10 0.503973
9 11 0.500000
9 12 0.500000
9 13 0.543974
9 14 0.500000
10 1 0.510618
10 2 0.504614
10 3 0.500000
10 4 0.506043
10 5 0.503375
10 6 0.508302
10 7 0.505114
10 8 0.503708
10 9 0.503973
10 10 0.502250
10 11 0.500000
10 12 0.500000
10 13 0.509500
10 14 0.500000
11 2 0.500000
11 3 0.500000
11 4 0.500000
11 5 0.500000
11 6 0.500000
11 7 0.500000
11 8 0.500000
11 9 0.500000
11 10 0.500000
11 11 0.500000
11 12 0.500000
11 13 0.500000
12 1 0.500000
12 2 0.500000
12 3 0.500000
12 4 0.500000
12 5 0.500000
12 6 0.500000
12 7 0.500000
12 8 0.500000
12 9 0.500000
12 10 0.500000
12 11 0.500000
12 12 0.500000
12 13 0.500000
12 14 0.500000
13 2 0.556959
13 3 0.500000
13 4 0.562268
13 5 0.590660
13 6 0.573506
13 7 0.578236
13 8 0.553242
13 9 0.543974
13 10 0.509500
13 11 0.500000
13 12 0.500000
13 13 0.652783
14 2 0.500000
14 3 0.500000
14 5 0.500000
14 6 0.500000
14 9 0.500000
14 10 0.500000
14 12 0.500000
14 14 0.500000
