1 2 0.697544
1 4 0.881234
1 5 0.748038
1 6 0.786420
1 7 0.784669
1 8 0.729973
1 9 0.807443
1 11 0.688063
1 13 0.556452
1 14 0.500000
2 1 0.697544
4 1 0.881234
4 14 0.500000
5 1 0.748038
6 1 0.786420
7 1 0.784669
7 14 0.500000
8 1 0.729973
8 14 0.500000
9 1 0.807443
11 1 0.688063
11 14 0.500000
13 1 0.556452
13 14 0.500000
14 1 0.500000
14 4 0.500000
14 7 0.500000
14 8 0.500000
14 11 0.500000
14 13 0.500000
1 1 0.904185
1 3 0.500000
1 10 0.578942
1 12 0.500000
2 2 0.581550
2 3 0.500000
2 4 0.694132
2 5 0.597036
2 6 0.626269
2 7 0.613099
2 8 0.597272
2 9 0.621368
2 10 0.528699
2 11 0.574625
2 12 0.500000
2 13 0.528804
2 14 0.500000
3 1 0.500000
3 2 0.500000
3 3 0.500000
3 4 0.500000
3 5 0.500000
3 6 0.500000
3 7 0.500000
3 8 0.500000
3 9 0.500000
3 10 0.500000
3 11 0.500000
3 12 0.500000
3 13 0.500000
3 14 0.500000
4 2 0.694132
4 3 0.500000
4 4 0.999043
4 5 0.674699
4 6 0.691164
4 7 0.788264
4 8 0.791874
4 9 0.789976
4 10 0.584162
4 11 0.677097
4 12 0.500000
4 13 0.659624
5 2 0.597036
5 3 0.500000
5 4 0.674699
5 5 0.650157
5 6 0.666215
5 7 0.653977
5 8 0.606109
5 9 0.687573
5 10 0.541920
5 11 0.596067
5 12 0.500000
5 13 0.514958
5 14 0.500000
6 2 0.626269
6 3 0.500000
6 4 0.691164
6 5 0.666215
6 6 0.739866
6 7 0.658768
6 8 0.623179
6 9 0.669513
6 10 0.548563
6 11 0.616780
6 12 0.500000
6 13 0.524306
6 14 0.500000
7 2 0.613099
7 3 0.500000
7 4 0.788264
7 5 0.653977
7 6 0.658768
7 7 0.698996
7 8 0.642525
7 9 0.708895
7 10 0.547431
7 11 0.612000
7 12 0.500000
7 13 0.532209
8 2 0.597272
8 3 0.500000
8 4 0.791874
8 5 0.606109
8 6 0.623179
8 7 0.642525
8 8 0.645428
8 9 0.648136
8 10 0.531045
8 11 0.589633
8 12 0.500000
8 13 0.551342
9 2 0.621368
9 3 0.500000
9 4 0.789976
9 5 0.687573
9 6 0.669513
9 7 0.708895
9 8 0.648136
9 9 0.777767
9 10 0.555663
9 11 0.623171
9 12 0.500000
9 13 0.519813
9 14 0.500000
10 1 0.578942
10 2 0.528699
10 3 0.500000
10 4 0.584162
10 5 0.541920
10 6 0.548563
10 7 0.547431
10 8 0.531045
10 9 0.555663
10 10 0.514989
10 11 0.528246
10 12 0.500000
10 13 0.509079
10 14 0.500000
11 2 0.574625
11 3 0.500000
11 4 0.677097
11 5 0.596067
11 6 0.616780
11 7 0.612000
11 8 0.589633
11 9 0.623171
11 10 0.528246
11 11 0.570732
11 12 0.500000
11 13 0.522819
12 1 0.500000
12 2 0.500000
12 3 0.500000
12 4 0.500000
12 5 0.500000
12 6 0.500000
12 7 0.500000
12 8 0.500000
12 9 0.500000
12 10 0.500000
12 11 0.500000
12 12 0.500000
12 13 0.500000
12 14 0.500000
13 2 0.528804
13 3 0.500000
13 4 0.659624
13 5 0.514958
13 6 0.524306
13 7 0.532209
13 8 0.551342
13 9 0.519813
13 10 0.509079
13 11 0.522819
13 12 0.500000
13 13 0.571023
14 2 0.500000
14 3 0.500000
14 5 0.500000
14 6 0.500000
14 9 0.500000
14 10 0.500000
14 12 0.500000
14 14 0.500000
