1 2 0.641714
1 4 0.782530
1 5 0.732363
1 6 0.741699
1 7 0.816688
1 8 0.668812
1 9 0.748752
1 11 0.639003
1 13 0.616957
1 14 0.500000
2 1 0.641714
4 1 0.782530
4 14 0.500000
5 1 0.732363
6 1 0.741699
7 1 0.816688
7 14 0.500000
8 1 0.668812
8 14 0.500000
9 1 0.748752
11 1 0.639003
11 14 0.500000
13 1 0.616957
13 14 0.500000
14 1 0.500000
14 4 0.500000
14 7 0.500000
14 8 0.500000
14 11 0.500000
14 13 0.500000
1 1 0.824793
1 3 0.500000
1 10 0.558571
1 12 0.500000
2 2 0.556778
2 3 0.500000
2 4 0.606088
2 5 0.594203
2 6 0.599722
2 7 0.623208
2 8 0.567325
2 9 0.601939
2 10 0.520189
2 11 0.555450
2 12 0.500000
2 13 0.545595
2 14 0.500000
3 1 0.500000
3 2 0.500000
3 3 0.500000
3 4 0.500000
3 5 0.500000
3 6 0.500000
3 7 0.500000
3 8 0.500000
3 9 0.500000
3 10 0.500000
3 11 0.500000
3 12 0.500000
3 13 0.500000
3 14 0.500000
4 2 0.606088
4 3 0.500000
4 4 0.955782
4 5 0.727871
4 6 0.681894
4 7 0.874300
4 8 0.658734
4 9 0.707430
4 10 0.562751
4 11 0.605883
4 12 0.500000
4 13 0.650578
5 2 0.594203
5 3 0.500000
5 4 0.727871
5 5 0.681736
5 6 0.663804
5 7 0.689771
5 8 0.619908
5 9 0.665021
5 10 0.543487
5 11 0.593929
5 12 0.500000
5 13 0.578060
5 14 0.500000
6 2 0.599722
6 3 0.500000
6 4 0.681894
6 5 0.663804
6 6 0.719011
6 7 0.708293
6 8 0.620296
6 9 0.679709
6 10 0.531388
6 11 0.599598
6 12 0.500000
6 13 0.551858
6 14 0.500000
7 2 0.623208
7 3 0.500000
7 4 0.874300
7 5 0.689771
7 6 0.708293
7 7 0.976863
7 8 0.640995
7 9 0.728281
7 10 0.569109
7 11 0.610481
7 12 0.500000
7 13 0.706056
8 2 0.567325
8 3 0.500000
8 4 0.658734
8 5 0.619908
8 6 0.620296
8 7 0.640995
8 8 0.593683
8 9 0.623100
8 10 0.528999
8 11 0.566317
8 12 0.500000
8 13 0.543598
9 2 0.601939
9 3 0.500000
9 4 0.707430
9 5 0.665021
9 6 0.679709
9 7 0.728281
9 8 0.623100
9 9 0.692895
9 10 0.539544
9 11 0.601607
9 12 0.500000
9 13 0.567970
9 14 0.500000
10 1 0.558571
10 2 0.520189
10 3 0.500000
10 4 0.562751
10 5 0.543487
10 6 0.531388
10 7 0.569109
10 8 0.528999
10 9 0.539544
10 10 0.516735
10 11 0.519975
10 12 0.500000
10 13 0.516506
10 14 0.500000
11 2 0.555450
11 3 0.500000
11 4 0.605883
11 5 0.593929
11 6 0.599598
11 7 0.610481
11 8 0.566317
11 9 0.601607
11 10 0.519975
11 11 0.555127
11 12 0.500000
11 13 0.537888
12 1 0.500000
12 2 0.500000
12 3 0.500000
12 4 0.500000
12 5 0.500000
12 6 0.500000
12 7 0.500000
12 8 0.500000
12 9 0.500000
12 10 0.500000
12 11 0.500000
12 12 0.500000
12 13 0.500000
12 14 0.500000
13 2 0.545595
13 3 0.500000
13 4 0.650578
13 5 0.578060
13 6 0.551858
13 7 0.706056
13 8 0.543598
13 9 0.567970
13 10 0.516506
13 11 0.537888
13 12 0.500000
13 13 0.635128
14 2 0.500000
14 3 0.500000
14 5 0.500000
14 6 0.500000
14 9 0.500000
14 10 0.500000
14 12 0.500000
14 14 0.500000
