1 2 0.674250
1 4 0.742287
1 5 0.724456
1 6 0.811964
1 7 0.697003
1 8 0.695739
1 9 0.746417
1 11 0.500000
1 13 0.697441
1 14 0.500000
2 1 0.674250
4 1 0.742287
4 14 0.500000
5 1 0.724456
6 1 0.811964
7 1 0.697003
7 14 0.500000
8 1 0.695739
8 14 0.500000
9 1 0.746417
11 1 0.500000
11 14 0.500000
13 1 0.697441
13 14 0.500000
14 1 0.500000
14 4 0.500000
14 7 0.500000
14 8 0.500000
14 11 0.500000
14 13 0.500000
1 1 0.856488
1 3 0.500000
1 10 0.548151
1 12 0.500000
2 2 0.577435
2 3 0.500000
2 4 0.598979
2 5 0.609435
2 6 0.654682
2 7 0.583297
2 8 0.587117
2 9 0.608131
2 10 0.519999
2 11 0.500000
2 12 0.500000
2 13 0.584898
2 14 0.500000
3 1 0.500000
3 2 0.500000
3 3 0.500000
3 4 0.500000
3 5 0.500000
3 6 0.500000
3 7 0.500000
3 8 0.500000
3 9 0.500000
3 10 0.500000
3 11 0.500000
3 12 0.500000
3 13 0.500000
3 14 0.500000
4 2 0.598979
4 3 0.500000
4 4 0.707267
4 5 0.575453
4 6 0.718308
4 7 0.627437
4 8 0.602166
4 9 0.647038
4 10 0.526710
4 11 0.500000
4 12 0.500000
4 13 0.617068
5 2 0.609435
5 3 0.500000
5 4 0.575453
5 5 0.992866
5 6 0.876217
5 7 0.556635
5 8 0.608750
5 9 0.684801
5 10 0.512207
5 11 0.500000
5 12 0.500000
5 13 0.599060
5 14 0.500000
6 2 0.654682
6 3 0.500000
6 4 0.718308
6 5 0.876217
6 6 0.969573
6 7 0.638937
6 8 0.649827
6 9 0.711045
6 10 0.591376
6 11 0.500000
6 12 0.500000
6 13 0.646171
6 14 0.500000
7 2 0.583297
7 3 0.500000
7 4 0.627437
7 5 0.556635
7 6 0.638937
7 7 0.618443
7 8 0.592431
7 9 0.632265
7 10 0.515269
7 11 0.500000
7 12 0.500000
7 13 0.600635
8 2 0.587117
8 3 0.500000
8 4 0.602166
8 5 0.608750
8 6 0.649827
8 7 0.592431
8 8 0.603826
8 9 0.617059
8 10 0.521176
8 11 0.500000
8 12 0.500000
8 13 0.596750
9 2 0.608131
9 3 0.500000
9 4 0.647038
9 5 0.684801
9 6 0.711045
9 7 0.632265
9 8 0.617059
9 9 0.686473
9 10 0.531006
9 11 0.500000
9 12 0.500000
9 13 0.625346
9 14 0.500000
10 1 0.548151
10 2 0.519999
10 3 0.500000
10 4 0.526710
10 5 0.512207
10 6 0.591376
10 7 0.515269
10 8 0.521176
10 9 0.531006
10 10 0.528940
10 11 0.500000
10 12 0.500000
10 13 0.520420
10 14 0.500000
11 2 0.500000
11 3 0.500000
11 4 0.500000
11 5 0.500000
11 6 0.500000
11 7 0.500000
11 8 0.500000
11 9 0.500000
11 10 0.500000
11 11 0.500000
11 12 0.500000
11 13 0.500000
12 1 0.500000
12 2 0.500000
12 3 0.500000
12 4 0.500000
12 5 0.500000
12 6 0.500000
12 7 0.500000
12 8 0.500000
12 9 0.500000
12 10 0.500000
12 11 0.500000
12 12 0.500000
12 13 0.500000
12 14 0.500000
13 2 0.584898
13 3 0.500000
13 4 0.617068
13 5 0.599060
13 6 0.646171
13 7 0.600635
13 8 0.596750
13 9 0.625346
13 10 0.520420
13 11 0.500000
13 12 0.500000
13 13 0.601436
14 2 0.500000
14 3 0.500000
14 5 0.500000
14 6 0.500000
14 9 0.500000
14 10 0.500000
14 12 0.500000
14 14 0.500000
