1.588489
1.604987
1.127068
1.751202
0.970488
1.488836
0.988414
1.605979
1.643893
1.404942
1.236958
1.334077
1.889255
1.106188
1.985598
1.865751
1.742417
2.378069
1.200178
1.371251
1.459813
2.074677
1.598495
1.292898
1.708489
1.688860
1.931514
1.215864
1.484355
1.271991
1.349230
1.544830
1.594670
1.060642
1.036370
0.977879
4.022799
0.907734
1.629877
1.580783
1.044638
1.668289
1.652483
1.183242
1.537497
1.528005
1.024045
1.135391
1.988507
2.277239
1.252108
1.267117
2.019420
1.900510
1.826383
1.832792
1.967688
1.018230
1.424869
1.658937
2.038822
1.147195
2.091609
1.140452
2.145851
1.385787
1.225359
1.465150
1.995727
1.789236
1.481515
1.241034
0.764838
1.927799
2.311142
1.761852
1.058839
1.560990
1.992263
2.191759
1.809874
1.426054
1.619694
1.060070
1.388726
0.876545
0.654660
1.744369
1.396781
1.567671
0.963336
1.243846
1.855732
1.443250
1.956983
1.587068
1.725569
1.752183
1.359250
1.122283
1.175002
1.064751
1.411441
1.103625
1.432594
2.925358
1.647127
1.943466
1.091630
1.814664
1.985443
1.769488
1.415387
1.111288
