3.628831
1.079557
1.812184
2.819152
6.406295
1.154687
1.897020
3.507436
2.696288
1.438390
2.305357
3.235086
1.982623
2.703990
3.285940
2.142508
1.885625
1.684629
3.242346
3.548100
2.594413
2.233803
2.500079
5.844487
2.598485
3.019707
3.369869
1.561743
1.712191
1.742300
1.657631
2.213848
1.372045
2.975917
2.060259
4.175440
1.652582
1.313771
2.242262
1.483878
3.535816
2.037652
7.044230
3.022375
2.508544
3.279102
4.030347
3.581468
2.402183
1.971909
1.855535
4.476712
3.110452
1.985863
3.050771
1.872662
1.687274
4.669482
5.603121
3.609418
1.302172
2.318293
2.547069
4.210722
2.041196
3.432398
1.763990
2.398381
2.733950
1.783064
4.133193
1.827974
1.375649
2.412623
3.101683
2.184144
1.502066
3.086587
5.090148
3.353919
4.399250
1.114529
3.414559
2.270491
1.692516
1.313943
2.992949
1.518488
1.347804
1.633292
1.413621
4.218288
1.389778
3.625022
2.239019
2.560892
2.442823
3.324199
2.001168
1.538167
3.251015
2.418567
2.228825
4.600107
1.861972
3.022098
4.483356
3.592877
2.131914
2.047654
1.548932
2.781885
1.655288
1.521235
3.111641
2.955736
1.161645
2.907888
1.623743
1.767887
2.480337
2.155547
2.219048
2.008506
2.710163
1.647092
2.048948
2.482527
2.523205
4.191259
1.957470
1.869077
2.332024
2.955058
2.775081
1.887390
2.044127
1.498000
1.747644
1.686144
1.601481
1.624855
0.936720
5.491661
1.420961
4.993520
3.790637
0.911005
2.087634
1.000630
1.122432
1.850865
3.086589
4.069357
3.203583
3.423384
1.994360
2.290986
3.151921
3.478858
2.665893
1.668231
6.250184
2.800983
1.174842
1.513663
1.822915
1.914646
1.929250
2.094278
2.665877
2.766230
1.934551
2.279694
3.290163
1.111241
1.565064
1.342278
1.685421
4.172047
3.815524
2.196504
4.602551
1.789961
3.939605
2.133772
2.349788
2.605690
2.420532
2.347647
2.333204
2.706082
1.452838
1.693668
2.316940
1.664635
2.015502
1.465529
1.737215
2.456138
3.249465
3.259119
1.699784
1.399470
1.788366
2.044170
1.954795
1.696668
1.468765
2.190303
1.510471
1.470901
1.267971
2.177971
1.250893
2.992090
1.681693
1.794782
1.202191
1.369439
1.850280
1.188562
2.090730
2.187635
2.044944
1.714116
3.601979
1.408885
2.170444
1.782974
3.652887
1.094542
2.033190
3.870493
2.878260
1.052874
1.436624
2.213118
2.467985
1.686507
2.248037
2.938882
1.803307
2.329335
4.722582
1.169670
1.808077
3.411361
2.500710
1.620978
2.778294
2.143418
2.228169
1.078764
2.023087
3.658221
1.282994
2.519157
1.669979
4.491769
2.968882
3.608899
2.015509
2.648440
1.431098
1.918297
2.378091
2.383330
1.508582
1.363567
2.558592
1.423277
3.265674
1.880082
3.227071
2.208709
2.425882
1.965377
1.743372
1.132626
1.675299
2.540605
2.815409
2.523629
0.924593
1.816674
2.905283
1.046791
2.212240
1.512316
1.230558
3.282413
2.649055
1.943250
2.088938
1.310829
1.555133
1.023179
3.876294
1.247425
1.356030
1.669851
2.338474
2.261179
1.293600
3.519844
3.246619
4.012589
1.464987
1.649509
2.772888
1.740363
1.371314
5.544521
1.205095
1.594030
2.597085
0.979138
2.149412
1.419046
3.279983
3.196747
1.053732
2.006913
