1.786116
1.050757
2.001741
1.480369
1.725472
1.622418
1.648510
1.495813
1.843853
1.311903
2.706422
1.620266
1.651150
1.054457
2.285742
2.137946
3.302650
1.574279
1.512692
1.527668
1.393502
1.499071
1.164265
1.571352
1.554430
2.060320
1.790749
2.081005
1.032554
1.061803
1.630955
2.119990
2.005895
1.785772
3.246400
1.586588
1.694116
1.636072
2.289920
1.665495
1.434678
2.561737
2.490833
1.931878
1.342175
0.967021
0.983288
1.218065
1.444892
1.453879
1.148601
2.258908
1.303380
1.821452
1.830749
1.167847
1.204999
3.089740
1.223446
1.827148
1.450628
1.164730
2.500342
1.222980
2.876598
1.144984
1.520115
1.130317
1.066353
2.192068
1.124862
1.378783
1.918437
1.079351
2.173873
1.849876
1.619572
1.331062
1.189969
1.741005
1.178213
1.472602
1.122686
1.638800
1.524354
1.635830
1.535681
1.762293
1.355471
1.632595
1.760189
2.015890
1.365489
3.003223
1.318646
2.167993
1.375144
1.361051
0.783770
1.682453
2.149728
1.631256
1.018536
1.207281
1.437560
1.379643
3.907864
1.563077
1.146746
1.948074
1.258403
1.432141
1.840634
0.988264
2.590900
1.530119
1.315974
1.620808
1.405263
1.225218
1.924576
2.185798
1.909273
1.654488
1.673609
1.303753
2.368315
1.407581
2.293628
2.283614
1.563422
1.674719
0.880562
2.276771
1.807148
1.603716
1.854122
1.752661
2.775523
1.183994
1.397327
1.174623
1.736857
1.408209
1.695572
2.386769
2.614489
1.946545
1.562797
1.497312
1.345761
1.486818
2.199624
1.734980
1.343639
0.903821
1.662648
1.431118
1.198261
1.262300
1.310935
1.488774
1.720629
1.218956
1.663351
0.843112
