1.779185
3.468661
2.087925
2.834206
2.070150
2.213272
1.614498
1.808074
1.638032
2.214753
1.371390
1.531640
1.906232
1.353381
2.226975
2.142446
2.572478
1.782707
1.650511
1.954527
2.338924
1.293002
1.955373
2.929492
1.437558
1.099646
1.793325
1.962758
1.619450
1.287382
2.413846
1.466087
1.793939
1.835659
1.694911
2.368680
3.394796
2.202691
1.996898
2.403573
2.075658
1.538132
2.341387
1.848116
3.595713
2.620090
1.743353
1.433884
2.254578
1.215220
1.916164
2.382949
1.192127
2.351721
2.922763
1.655566
1.295448
1.863433
1.547725
1.871756
2.459743
1.384176
1.127976
2.502693
2.010540
1.474524
2.735738
2.043909
1.704808
2.053039
1.354802
3.837863
2.341503
2.589923
2.644474
2.377829
2.915711
1.759068
3.420210
1.211110
1.495586
1.467826
2.569835
1.830046
1.306212
1.633260
2.890901
1.431700
2.082938
2.135916
1.601538
2.338388
2.477870
1.108406
1.644775
1.858316
1.429872
1.405083
2.401886
1.367903
3.774101
1.588086
1.562477
1.573478
2.157659
2.365707
1.989872
2.325080
1.898316
1.532082
1.451332
2.370400
1.887181
1.507529
2.055724
1.863724
2.108011
2.353953
1.741678
1.755942
1.943921
1.577874
3.579269
1.444352
1.379214
4.123065
2.187744
2.547711
2.256389
1.262599
2.123710
1.377180
2.121122
2.873675
3.463042
1.512725
1.514444
2.428770
2.175292
2.114287
1.434605
2.096523
1.269261
1.341409
1.091325
3.791581
2.985761
1.624988
1.708419
1.153158
2.018301
1.842546
2.097065
1.550103
2.677594
1.349643
2.046553
1.049280
1.709707
2.516893
2.317480
1.731809
1.255323
1.338289
1.429007
1.455744
1.563039
2.503975
2.782781
1.921464
2.776773
1.740975
1.792589
2.078591
1.633652
1.537578
2.054135
1.288438
1.063505
1.371503
3.877607
1.332847
2.040504
2.116704
1.395794
2.294909
1.319319
2.695591
2.291559
1.567593
1.477058
2.486489
2.362815
1.802114
2.446087
1.498417
2.290505
1.453789
1.816277
1.558731
1.710507
1.513216
1.726003
1.144384
2.215121
1.051962
0.865528
1.531365
0.983574
1.552532
2.155306
1.569000
2.349627
1.439954
1.785958
