1.869217
2.021671
1.880934
1.692172
2.058900
3.634671
2.219239
2.476424
1.373281
2.070951
2.061494
2.386012
2.754013
1.658281
2.163213
2.268654
1.375668
2.512264
3.167771
2.323418
1.468924
1.722668
3.838722
2.664162
2.029543
1.939202
1.803917
1.175521
1.639748
3.011254
4.652055
2.422624
2.262377
2.705041
1.395874
2.325638
2.498039
1.717344
2.126271
2.537266
1.265669
2.361415
3.366275
2.938422
1.782043
2.006557
2.610410
2.038456
2.549608
3.211767
2.000833
2.553518
1.796385
1.901455
2.511479
3.650017
1.144825
2.123451
3.439000
2.044206
2.276356
2.313550
1.748071
3.306932
2.018615
1.301121
2.120596
1.530927
3.226680
2.247653
1.855696
2.094423
1.414850
1.518343
4.114080
1.183529
3.510507
3.249957
3.590980
1.598523
1.468342
1.757458
2.393867
1.786573
1.334575
1.704143
2.020517
2.760182
2.246075
1.712027
1.402306
3.281318
1.982217
2.018137
1.627858
2.745938
1.699673
3.847846
1.821108
1.414166
2.734867
2.605285
1.428975
1.735353
1.126782
2.404872
2.229637
1.382289
1.788544
1.921331
3.595802
1.300211
1.645996
1.563827
1.427007
1.637556
3.309717
2.469802
2.038414
1.892232
3.239489
3.001433
2.522357
2.110191
1.534971
2.571154
2.635820
2.288094
1.779741
2.460276
2.803067
1.871920
1.728733
1.623242
1.712483
2.058503
1.448288
3.172920
2.965226
2.166341
2.179510
1.543459
1.901327
2.151972
2.549791
2.780533
1.920906
2.379049
1.712350
1.785942
1.472821
3.138607
4.963690
1.462864
4.035854
4.360880
1.688764
1.583285
1.774613
2.968879
2.926792
2.155892
3.325069
2.342588
2.128244
1.438604
1.661546
1.478805
3.016262
2.313076
1.554182
1.376070
1.416042
1.262868
2.818532
1.704164
1.575602
1.679495
1.927856
1.621488
1.711360
1.493516
1.975916
1.688701
2.579776
1.925501
2.152301
1.567615
3.251021
2.129864
1.341787
1.667793
4.365589
2.040939
2.634679
1.688436
1.495763
1.268294
1.048790
1.573211
1.452405
1.798364
1.099599
2.711561
1.088039
1.322920
2.636989
3.105633
1.099404
1.682595
2.183701
2.618511
1.997483
2.082602
1.255215
2.168530
1.448826
1.477927
1.688864
1.526037
2.161477
2.102890
1.575420
1.868303
1.199704
2.695707
1.625014
2.149251
2.257451
1.778921
2.208225
1.337926
2.855765
2.602844
1.657423
2.269636
2.217883
2.775583
1.587805
1.651188
1.182086
1.164536
1.613240
1.750395
3.221685
2.213510
2.697377
1.735105
2.161323
1.745303
1.891057
2.853755
1.204500
1.872991
1.628267
2.035268
1.238417
1.693823
2.074591
1.665696
2.072396
1.830852
2.893783
