1.334111
1.347657
5.100471
4.387720
3.628487
3.516707
1.367323
1.828185
1.792148
1.404483
2.467243
1.624731
3.442922
3.558616
2.207081
2.870023
2.878147
1.900724
3.019746
1.447058
1.661943
2.629230
1.814447
1.983996
5.850364
1.775019
3.383795
2.051229
2.320630
3.297582
1.723815
2.012131
3.829576
3.040701
2.433256
2.338079
2.034608
2.270335
2.259811
1.824082
2.386237
2.191267
2.298742
2.517839
2.491414
1.988376
2.913818
1.637607
2.508829
2.506500
2.042182
1.712405
1.344541
1.218590
4.796037
1.647801
2.864331
3.042855
2.593164
1.752143
2.868525
2.115719
2.400012
1.811391
2.147404
1.727328
1.690896
3.783456
3.173805
2.135121
2.806795
4.722049
2.972421
2.818813
2.254159
2.709254
1.918472
3.271479
2.664514
5.533758
2.581843
2.328193
1.346686
2.139569
1.973318
1.620676
2.458319
1.979486
2.754383
2.589413
2.473357
1.704865
1.226267
2.140933
1.257643
2.630498
2.494041
2.021516
1.916318
2.325855
1.608088
1.490487
1.838034
2.443171
2.531969
2.028245
2.635138
2.110738
2.914147
2.316904
1.673509
1.718172
2.929795
1.731889
3.089126
2.676837
5.767593
2.822696
3.496000
1.766381
2.169108
3.080486
1.806803
2.595526
1.688495
1.466316
2.162737
1.275859
1.601065
2.323283
1.682206
1.853302
1.962487
2.138970
1.846924
1.935538
2.410751
1.488015
4.038893
2.007342
1.407521
1.913770
2.923118
2.758677
1.511019
1.997673
3.491401
1.892077
2.634351
2.342718
2.523010
1.893743
1.809581
2.452932
2.118151
2.942294
1.898797
1.358895
1.551794
1.902921
2.464439
1.385613
2.781082
2.401247
2.562588
2.043493
2.442844
3.240777
1.675889
1.342724
1.251589
2.362415
2.981390
1.769307
1.618169
4.450911
1.579171
2.222291
1.405633
2.627353
1.237853
2.840928
1.732243
3.780871
1.904511
2.560890
3.122854
2.462364
2.327243
3.088770
2.973321
2.219584
2.012733
1.940857
1.858854
1.971472
2.387897
2.047240
1.638358
1.711441
2.029539
2.525856
2.043529
1.628955
1.897024
3.643659
3.601266
1.951142
1.185862
2.363061
2.231540
1.136734
2.102693
1.383866
2.036407
1.667143
1.669063
2.403581
2.103128
3.000158
1.703596
