1.504434
2.805322
2.374618
2.761789
3.552284
1.565647
1.624181
2.155396
2.679430
1.651893
1.113280
3.266889
1.600791
1.248150
2.381974
2.775115
2.054045
1.832544
1.722580
1.914787
1.804160
2.265769
2.040808
2.096748
2.578545
4.143165
2.930035
2.190034
1.751906
3.220521
2.703072
1.984406
2.524608
1.221519
2.223247
1.783638
1.742815
1.959527
0.955694
1.579960
0.999465
1.327867
1.358546
1.608363
1.871424
1.747407
2.833876
2.650068
2.022231
2.137397
2.602714
1.821282
1.421332
3.773543
1.858370
1.742001
3.039382
1.977397
1.599874
2.071284
3.067948
3.165776
2.674179
1.928635
1.250705
2.429821
1.568692
0.947982
2.032004
1.467334
1.979256
1.746003
2.006644
1.753313
2.133003
1.501122
3.509351
1.595985
3.097210
1.765065
2.346027
1.999000
1.849028
1.489823
2.814491
1.862535
2.488844
1.990363
1.999205
1.707787
2.421626
1.528939
0.829276
1.998132
2.321761
1.310419
1.615709
2.312173
1.092547
2.283143
1.694780
1.495675
1.343809
1.741292
2.690340
1.641295
1.335146
1.725906
2.112103
1.330750
1.749672
2.131112
1.840494
1.563130
2.727762
0.931394
1.430444
1.983614
1.374601
1.297171
1.371588
1.959179
1.445908
3.230916
1.309447
1.578909
3.113179
1.114388
1.951406
1.945574
1.931439
2.418765
1.732720
2.814572
1.526981
1.618247
2.440876
2.110770
1.460406
1.645999
2.313587
1.173680
4.212049
1.738970
1.189212
1.944354
1.945958
3.545393
1.126792
1.705496
2.224088
1.245834
1.583545
1.550077
1.626336
3.387903
1.408582
2.115495
1.455160
1.101112
1.569899
1.004093
3.361575
1.866858
1.215308
2.336405
1.473392
1.532484
2.299518
2.225672
1.987879
1.794291
1.143766
1.470905
1.821939
1.868750
2.811806
1.416785
1.198062
1.892605
2.621991
1.719482
2.480459
1.198329
2.293810
2.723539
1.133464
1.492358
1.916740
4.458619
1.682087
1.961406
3.072630
1.315412
2.985926
2.042501
2.361777
1.795614
1.671406
1.816517
2.709075
1.502860
1.972309
1.545229
2.004603
2.586223
1.807037
1.339270
1.778003
2.812952
1.358686
1.993128
1.539402
2.491602
2.106221
2.500793
2.796266
1.351698
4.816644
1.381164
1.635881
1.976405
1.177761
1.527117
2.416032
2.180323
3.478543
2.089680
1.374600
1.045226
2.282740
1.948350
1.564526
1.217710
1.014502
2.907364
2.737882
2.961185
1.029822
3.125633
1.389003
1.795801
1.357001
1.163380
1.865655
3.064214
1.199387
1.927293
1.345654
1.733220
2.337616
2.084137
1.330232
1.233618
1.711002
1.481089
2.204434
1.670784
1.516025
2.058999
2.233174
1.994425
2.054873
1.220512
1.719098
2.892190
1.715419
1.551429
2.127453
1.669616
1.831790
