1 2 0.574356
1 4 0.655440
1 5 0.668651
1 6 0.638386
1 7 0.648579
1 8 0.558408
1 9 0.614916
1 11 0.609621
1 13 0.613446
1 14 0.500000
2 1 0.574356
4 1 0.655440
4 14 0.500000
5 1 0.668651
6 1 0.638386
7 1 0.648579
7 14 0.500000
8 1 0.558408
8 14 0.500000
9 1 0.614916
11 1 0.609621
11 14 0.500000
13 1 0.613446
13 14 0.500000
14 1 0.500000
14 4 0.500000
14 7 0.500000
14 8 0.500000
14 11 0.500000
14 13 0.500000
1 1 0.758044
1 3 0.500000
1 10 0.508596
1 12 0.500000
2 2 0.539679
2 3 0.500000
2 4 0.529383
2 5 0.568525
2 6 0.534627
2 7 0.543308
2 8 0.528097
2 9 0.545831
2 10 0.508176
2 11 0.526875
2 12 0.500000
2 13 0.524909
2 14 0.500000
3 1 0.500000
3 2 0.500000
3 3 0.500000
3 4 0.500000
3 5 0.500000
3 6 0.500000
3 7 0.500000
3 8 0.500000
3 9 0.500000
3 10 0.500000
3 11 0.500000
3 12 0.500000
3 13 0.500000
3 14 0.500000
4 2 0.529383
4 3 0.500000
4 4 0.661060
4 5 0.582831
4 6 0.593342
4 7 0.592905
4 8 0.552115
4 9 0.528233
4 10 0.492128
4 11 0.564681
4 12 0.500000
4 13 0.562554
5 2 0.568525
5 3 0.500000
5 4 0.582831
5 5 0.975746
5 6 0.492009
5 7 0.597175
5 8 0.634985
5 9 0.652082
5 10 0.533512
5 11 0.555155
5 12 0.500000
5 13 0.574946
5 14 0.500000
6 2 0.534627
6 3 0.500000
6 4 0.593342
6 5 0.492009
6 6 0.625593
6 7 0.582790
6 8 0.488948
6 9 0.533672
6 10 0.498239
6 11 0.560352
6 12 0.500000
6 13 0.554940
6 14 0.500000
7 2 0.543308
7 3 0.500000
7 4 0.592905
7 5 0.597175
7 6 0.582790
7 7 0.601986
7 8 0.534948
7 9 0.557833
7 10 0.500490
7 11 0.563047
7 12 0.500000
7 13 0.557177
8 2 0.528097
8 3 0.500000
8 4 0.552115
8 5 0.634985
8 6 0.488948
8 7 0.534948
8 8 0.792196
8 9 0.565068
8 10 0.533122
8 11 0.515837
8 12 0.500000
8 13 0.525612
9 2 0.545831
9 3 0.500000
9 4 0.528233
9 5 0.652082
9 6 0.533672
9 7 0.557833
9 8 0.565068
9 9 0.597779
9 10 0.514311
9 11 0.540875
9 12 0.500000
9 13 0.543966
9 14 0.500000
10 1 0.508596
10 2 0.508176
10 3 0.500000
10 4 0.492128
10 5 0.533512
10 6 0.498239
10 7 0.500490
10 8 0.533122
10 9 0.514311
10 10 0.515757
10 11 0.503686
10 12 0.500000
10 13 0.506166
10 14 0.500000
11 2 0.526875
11 3 0.500000
11 4 0.564681
11 5 0.555155
11 6 0.560352
11 7 0.563047
11 8 0.515837
11 9 0.540875
11 10 0.503686
11 11 0.546123
11 12 0.500000
11 13 0.546403
12 1 0.500000
12 2 0.500000
12 3 0.500000
12 4 0.500000
12 5 0.500000
12 6 0.500000
12 7 0.500000
12 8 0.500000
12 9 0.500000
12 10 0.500000
12 11 0.500000
12 12 0.500000
12 13 0.500000
12 14 0.500000
13 2 0.524909
13 3 0.500000
13 4 0.562554
13 5 0.574946
13 6 0.554940
13 7 0.557177
13 8 0.525612
13 9 0.543966
13 10 0.506166
13 11 0.546403
13 12 0.500000
13 13 0.555781
14 2 0.500000
14 3 0.500000
14 5 0.500000
14 6 0.500000
14 9 0.500000
14 10 0.500000
14 12 0.500000
14 14 0.500000
