1 2 0.689959
1 4 0.866465
1 5 0.849583
1 6 0.831209
1 7 0.840946
1 8 0.828003
1 9 0.817558
1 11 0.748966
1 13 0.805668
1 14 0.500000
2 1 0.689959
4 1 0.866465
4 14 0.500000
5 1 0.849583
6 1 0.831209
7 1 0.840946
7 14 0.500000
8 1 0.828003
8 14 0.500000
9 1 0.817558
11 1 0.748966
11 14 0.500000
13 1 0.805668
13 14 0.500000
14 1 0.500000
14 4 0.500000
14 7 0.500000
14 8 0.500000
14 11 0.500000
14 13 0.500000
1 1 0.960389
1 3 0.500000
1 10 0.549297
1 12 0.500000
2 2 0.600203
2 3 0.500000
2 4 0.594839
2 5 0.620388
2 6 0.544203
2 7 0.643981
2 8 0.604130
2 9 0.600830
2 10 0.501185
2 11 0.564432
2 12 0.500000
2 13 0.590800
2 14 0.500000
3 1 0.500000
3 2 0.500000
3 3 0.500000
3 4 0.500000
3 5 0.500000
3 6 0.500000
3 7 0.500000
3 8 0.500000
3 9 0.500000
3 10 0.500000
3 11 0.500000
3 12 0.500000
3 13 0.500000
3 14 0.500000
4 2 0.594839
4 3 0.500000
4 4 0.784451
4 5 0.736529
4 6 0.743190
4 7 0.695277
4 8 0.709884
4 9 0.705819
4 10 0.526734
4 11 0.661864
4 12 0.500000
4 13 0.698540
5 2 0.620388
5 3 0.500000
5 4 0.736529
5 5 0.744055
5 6 0.664216
5 7 0.711419
5 8 0.701819
5 9 0.701754
5 10 0.522258
5 11 0.652267
5 12 0.500000
5 13 0.693414
5 14 0.500000
6 2 0.544203
6 3 0.500000
6 4 0.743190
6 5 0.664216
6 6 0.843024
6 7 0.463328
6 8 0.668271
6 9 0.596734
6 10 0.553519
6 11 0.618452
6 12 0.500000
6 13 0.637879
6 14 0.500000
7 2 0.643981
7 3 0.500000
7 4 0.695277
7 5 0.711419
7 6 0.463328
7 7 0.953189
7 8 0.706014
7 9 0.805569
7 10 0.508755
7 11 0.642977
7 12 0.500000
7 13 0.709234
8 2 0.604130
8 3 0.500000
8 4 0.709884
8 5 0.701819
8 6 0.668271
8 7 0.706014
8 8 0.696695
8 9 0.685659
8 10 0.519785
8 11 0.631692
8 12 0.500000
8 13 0.665150
9 2 0.600830
9 3 0.500000
9 4 0.705819
9 5 0.701754
9 6 0.596734
9 7 0.805569
9 8 0.685659
9 9 0.751447
9 10 0.514811
9 11 0.641105
9 12 0.500000
9 13 0.679606
9 14 0.500000
10 1 0.549297
10 2 0.501185
10 3 0.500000
10 4 0.526734
10 5 0.522258
10 6 0.553519
10 7 0.508755
10 8 0.519785
10 9 0.514811
10 10 0.517714
10 11 0.513959
10 12 0.500000
10 13 0.517777
10 14 0.500000
11 2 0.564432
11 3 0.500000
11 4 0.661864
11 5 0.652267
11 6 0.618452
11 7 0.642977
11 8 0.631692
11 9 0.641105
11 10 0.513959
11 11 0.600579
11 12 0.500000
11 13 0.627442
12 1 0.500000
12 2 0.500000
12 3 0.500000
12 4 0.500000
12 5 0.500000
12 6 0.500000
12 7 0.500000
12 8 0.500000
12 9 0.500000
12 10 0.500000
12 11 0.500000
12 12 0.500000
12 13 0.500000
12 14 0.500000
13 2 0.590800
13 3 0.500000
13 4 0.698540
13 5 0.693414
13 6 0.637879
13 7 0.709234
13 8 0.665150
13 9 0.679606
13 10 0.517777
13 11 0.627442
13 12 0.500000
13 13 0.668916
14 2 0.500000
14 3 0.500000
14 5 0.500000
14 6 0.500000
14 9 0.500000
14 10 0.500000
14 12 0.500000
14 14 0.500000
