1 2 0.550124
1 4 0.580173
1 5 0.565446
1 6 0.586166
1 7 0.580405
1 8 0.546155
1 9 0.637961
1 11 0.552959
1 13 0.508316
1 14 0.500000
2 1 0.550124
4 1 0.580173
4 14 0.500000
5 1 0.565446
6 1 0.586166
7 1 0.580405
7 14 0.500000
8 1 0.546155
8 14 0.500000
9 1 0.637961
11 1 0.552959
11 14 0.500000
13 1 0.508316
13 14 0.500000
14 1 0.500000
14 4 0.500000
14 7 0.500000
14 8 0.500000
14 11 0.500000
14 13 0.500000
1 1 0.639106
1 3 0.500000
1 10 0.508487
1 12 0.500000
2 2 0.525360
2 3 0.500000
2 4 0.530022
2 5 0.521997
2 6 0.483316
2 7 0.528283
2 8 0.520155
2 9 0.549648
2 10 0.502954
2 11 0.520648
2 12 0.500000
2 13 0.491513
2 14 0.500000
3 1 0.500000
3 2 0.500000
3 3 0.500000
3 4 0.500000
3 5 0.500000
3 6 0.500000
3 7 0.500000
3 8 0.500000
3 9 0.500000
3 10 0.500000
3 11 0.500000
3 12 0.500000
3 13 0.500000
3 14 0.500000
4 2 0.530022
4 3 0.500000
4 4 0.582654
4 5 0.536929
4 6 0.544978
4 7 0.539928
4 8 0.522108
4 9 0.562582
4 10 0.501027
4 11 0.529884
4 12 0.500000
4 13 0.502514
5 2 0.521997
5 3 0.500000
5 4 0.536929
5 5 0.533821
5 6 0.544258
5 7 0.537028
5 8 0.519397
5 9 0.562042
5 10 0.504023
5 11 0.524404
5 12 0.500000
5 13 0.503887
5 14 0.500000
6 2 0.483316
6 3 0.500000
6 4 0.544978
6 5 0.544258
6 6 0.984832
6 7 0.491578
6 8 0.576339
6 9 0.785201
6 10 0.515910
6 11 0.515061
6 12 0.500000
6 13 0.619015
6 14 0.500000
7 2 0.528283
7 3 0.500000
7 4 0.539928
7 5 0.537028
7 6 0.491578
7 7 0.561315
7 8 0.522011
7 9 0.532257
7 10 0.504161
7 11 0.530805
7 12 0.500000
7 13 0.503919
8 2 0.520155
8 3 0.500000
8 4 0.522108
8 5 0.519397
8 6 0.576339
8 7 0.522011
8 8 0.531372
8 9 0.572242
8 10 0.507908
8 11 0.518087
8 12 0.500000
8 13 0.503717
9 2 0.549648
9 3 0.500000
9 4 0.562582
9 5 0.562042
9 6 0.785201
9 7 0.532257
9 8 0.572242
9 9 0.962228
9 10 0.532075
9 11 0.553455
9 12 0.500000
9 13 0.536493
9 14 0.500000
10 1 0.508487
10 2 0.502954
10 3 0.500000
10 4 0.501027
10 5 0.504023
10 6 0.515910
10 7 0.504161
10 8 0.507908
10 9 0.532075
10 10 0.508360
10 11 0.503161
10 12 0.500000
10 13 0.503488
10 14 0.500000
11 2 0.520648
11 3 0.500000
11 4 0.529884
11 5 0.524404
11 6 0.515061
11 7 0.530805
11 8 0.518087
11 9 0.553455
11 10 0.503161
11 11 0.520928
11 12 0.500000
11 13 0.497695
12 1 0.500000
12 2 0.500000
12 3 0.500000
12 4 0.500000
12 5 0.500000
12 6 0.500000
12 7 0.500000
12 8 0.500000
12 9 0.500000
12 10 0.500000
12 11 0.500000
12 12 0.500000
12 13 0.500000
12 14 0.500000
13 2 0.491513
13 3 0.500000
13 4 0.502514
13 5 0.503887
13 6 0.619015
13 7 0.503919
13 8 0.503717
13 9 0.536493
13 10 0.503488
13 11 0.497695
13 12 0.500000
13 13 0.556561
14 2 0.500000
14 3 0.500000
14 5 0.500000
14 6 0.500000
14 9 0.500000
14 10 0.500000
14 12 0.500000
14 14 0.500000
