1 2 0.813091
1 4 0.941299
1 5 0.912720
1 6 0.929259
1 7 0.920584
1 8 0.825685
1 9 0.860339
1 11 0.500000
1 13 0.866880
1 14 0.500000
2 1 0.813091
4 1 0.941299
4 14 0.500000
5 1 0.912720
6 1 0.929259
7 1 0.920584
7 14 0.500000
8 1 0.825685
8 14 0.500000
9 1 0.860339
11 1 0.500000
11 14 0.500000
13 1 0.866880
13 14 0.500000
14 1 0.500000
14 4 0.500000
14 7 0.500000
14 8 0.500000
14 11 0.500000
14 13 0.500000
1 1 0.988001
1 3 0.500000
1 10 0.577270
1 12 0.500000
2 2 0.725834
2 3 0.500000
2 4 0.667951
2 5 0.664260
2 6 0.729714
2 7 0.674788
2 8 0.620290
2 9 0.634664
2 10 0.534983
2 11 0.500000
2 12 0.500000
2 13 0.660956
2 14 0.500000
3 1 0.500000
3 2 0.500000
3 3 0.500000
3 4 0.500000
3 5 0.500000
3 6 0.500000
3 7 0.500000
3 8 0.500000
3 9 0.500000
3 10 0.500000
3 11 0.500000
3 12 0.500000
3 13 0.500000
3 14 0.500000
4 2 0.667951
4 3 0.500000
4 4 0.999866
4 5 0.767154
4 6 0.873348
4 7 0.806947
4 8 0.729130
4 9 0.769136
4 10 0.557065
4 11 0.500000
4 12 0.500000
4 13 0.743498
5 2 0.664260
5 3 0.500000
5 4 0.767154
5 5 0.806654
5 6 0.774393
5 7 0.777047
5 8 0.705027
5 9 0.725687
5 10 0.533144
5 11 0.500000
5 12 0.500000
5 13 0.736132
5 14 0.500000
6 2 0.729714
6 3 0.500000
6 4 0.873348
6 5 0.774393
6 6 0.847723
6 7 0.801390
6 8 0.707159
6 9 0.738205
6 10 0.557690
6 11 0.500000
6 12 0.500000
6 13 0.746536
6 14 0.500000
7 2 0.674788
7 3 0.500000
7 4 0.806947
7 5 0.777047
7 6 0.801390
7 7 0.828578
7 8 0.709232
7 9 0.747014
7 10 0.551455
7 11 0.500000
7 12 0.500000
7 13 0.738657
8 2 0.620290
8 3 0.500000
8 4 0.729130
8 5 0.705027
8 6 0.707159
8 7 0.709232
8 8 0.651094
8 9 0.667505
8 10 0.528452
8 11 0.500000
8 12 0.500000
8 13 0.666404
9 2 0.634664
9 3 0.500000
9 4 0.769136
9 5 0.725687
9 6 0.738205
9 7 0.747014
9 8 0.667505
9 9 0.697346
9 10 0.536128
9 11 0.500000
9 12 0.500000
9 13 0.686408
9 14 0.500000
10 1 0.577270
10 2 0.534983
10 3 0.500000
10 4 0.557065
10 5 0.533144
10 6 0.557690
10 7 0.551455
10 8 0.528452
10 9 0.536128
10 10 0.516974
10 11 0.500000
10 12 0.500000
10 13 0.527736
10 14 0.500000
11 2 0.500000
11 3 0.500000
11 4 0.500000
11 5 0.500000
11 6 0.500000
11 7 0.500000
11 8 0.500000
11 9 0.500000
11 10 0.500000
11 11 0.500000
11 12 0.500000
11 13 0.500000
12 1 0.500000
12 2 0.500000
12 3 0.500000
12 4 0.500000
12 5 0.500000
12 6 0.500000
12 7 0.500000
12 8 0.500000
12 9 0.500000
12 10 0.500000
12 11 0.500000
12 12 0.500000
12 13 0.500000
12 14 0.500000
13 2 0.660956
13 3 0.500000
13 4 0.743498
13 5 0.736132
13 6 0.746536
13 7 0.738657
13 8 0.666404
13 9 0.686408
13 10 0.527736
13 11 0.500000
13 12 0.500000
13 13 0.701485
14 2 0.500000
14 3 0.500000
14 5 0.500000
14 6 0.500000
14 9 0.500000
14 10 0.500000
14 12 0.500000
14 14 0.500000
