1 2 0.702833
1 4 0.712413
1 5 0.875065
1 6 0.683409
1 7 0.632836
1 8 0.682223
1 9 0.671484
1 11 0.663078
1 13 0.721274
1 14 0.500000
2 1 0.702833
4 1 0.712413
4 14 0.500000
5 1 0.875065
6 1 0.683409
7 1 0.632836
7 14 0.500000
8 1 0.682223
8 14 0.500000
9 1 0.671484
11 1 0.663078
11 14 0.500000
13 1 0.721274
13 14 0.500000
14 1 0.500000
14 4 0.500000
14 7 0.500000
14 8 0.500000
14 11 0.500000
14 13 0.500000
1 1 0.863726
1 3 0.500000
1 10 0.534331
1 12 0.500000
2 2 0.603080
2 3 0.500000
2 4 0.608162
2 5 0.720853
2 6 0.590795
2 7 0.577949
2 8 0.580457
2 9 0.571257
2 10 0.512920
2 11 0.579311
2 12 0.500000
2 13 0.610887
2 14 0.500000
3 1 0.500000
3 2 0.500000
3 3 0.500000
3 4 0.500000
3 5 0.500000
3 6 0.500000
3 7 0.500000
3 8 0.500000
3 9 0.500000
3 10 0.500000
3 11 0.500000
3 12 0.500000
3 13 0.500000
3 14 0.500000
4 2 0.608162
4 3 0.500000
4 4 0.643668
4 5 0.724437
4 6 0.575448
4 7 0.577166
4 8 0.595372
4 9 0.565737
4 10 0.510818
4 11 0.578893
4 12 0.500000
4 13 0.620191
5 2 0.720853
5 3 0.500000
5 4 0.724437
5 5 0.992605
5 6 0.706206
5 7 0.592692
5 8 0.779350
5 9 0.741931
5 10 0.546895
5 11 0.675223
5 12 0.500000
5 13 0.739240
5 14 0.500000
6 2 0.590795
6 3 0.500000
6 4 0.575448
6 5 0.706206
6 6 0.626646
6 7 0.609517
6 8 0.565998
6 9 0.575638
6 10 0.511919
6 11 0.577687
6 12 0.500000
6 13 0.597793
6 14 0.500000
7 2 0.577949
7 3 0.500000
7 4 0.577166
7 5 0.592692
7 6 0.609517
7 7 0.906366
7 8 0.691168
7 9 0.535924
7 10 0.504365
7 11 0.570348
7 12 0.500000
7 13 0.579001
8 2 0.580457
8 3 0.500000
8 4 0.595372
8 5 0.779350
8 6 0.565998
8 7 0.691168
8 8 0.974966
8 9 0.652915
8 10 0.535815
8 11 0.580411
8 12 0.500000
8 13 0.600264
9 2 0.571257
9 3 0.500000
9 4 0.565737
9 5 0.741931
9 6 0.575638
9 7 0.535924
9 8 0.652915
9 9 0.627449
9 10 0.526144
9 11 0.565565
9 12 0.500000
9 13 0.588346
9 14 0.500000
10 1 0.534331
10 2 0.512920
10 3 0.500000
10 4 0.510818
10 5 0.546895
10 6 0.511919
10 7 0.504365
10 8 0.535815
10 9 0.526144
10 10 0.508969
10 11 0.511934
10 12 0.500000
10 13 0.516289
10 14 0.500000
11 2 0.579311
11 3 0.500000
11 4 0.578893
11 5 0.675223
11 6 0.577687
11 7 0.570348
11 8 0.580411
11 9 0.565565
11 10 0.511934
11 11 0.564474
11 12 0.500000
11 13 0.587052
12 1 0.500000
12 2 0.500000
12 3 0.500000
12 4 0.500000
12 5 0.500000
12 6 0.500000
12 7 0.500000
12 8 0.500000
12 9 0.500000
12 10 0.500000
12 11 0.500000
12 12 0.500000
12 13 0.500000
12 14 0.500000
13 2 0.610887
13 3 0.500000
13 4 0.620191
13 5 0.739240
13 6 0.597793
13 7 0.579001
13 8 0.600264
13 9 0.588346
13 10 0.516289
13 11 0.587052
13 12 0.500000
13 13 0.625939
14 2 0.500000
14 3 0.500000
14 5 0.500000
14 6 0.500000
14 9 0.500000
14 10 0.500000
14 12 0.500000
14 14 0.500000
