1.410057
1.547352
1.678316
1.136352
3.088043
1.288933
1.240453
1.378467
2.108089
1.175883
1.415277
1.937558
1.259492
2.684887
1.917741
1.759696
2.512858
1.297200
1.233125
1.183765
1.477870
1.783241
1.795070
1.681389
1.644069
2.010712
2.120565
1.864553
2.091733
1.170303
2.581521
0.920491
2.042417
1.175362
1.340971
1.341131
1.085236
1.507937
1.083910
1.718352
0.979548
1.497660
2.406501
2.800452
2.383426
0.903415
1.754142
2.110413
1.123300
1.661966
1.503184
2.160040
2.477164
1.390464
1.877854
1.023422
1.498780
1.770249
1.824981
1.684837
1.989828
1.716761
1.419868
1.886251
1.325203
1.002648
1.470263
2.225894
1.466000
1.555738
1.699653
2.188234
1.598240
1.492703
1.313325
2.176527
1.737475
0.885069
1.696972
2.830466
0.997387
1.298200
2.153584
2.491949
1.681173
1.729662
1.865735
1.817033
1.217359
1.754839
1.825053
1.693176
2.258934
1.782312
1.350890
1.113879
1.752197
1.443190
1.764465
1.741456
1.794743
1.435553
1.882612
1.288680
1.416471
1.929422
1.243469
