1.478355
0.933021
1.178278
1.614149
1.590560
2.234097
1.792307
1.063299
1.869896
2.153337
1.717686
1.577565
1.573485
1.641438
2.439718
1.464281
2.097505
1.895148
3.068665
1.848786
2.203010
1.433185
1.696823
4.098686
1.273669
1.009794
2.215129
1.413142
2.372381
1.552931
1.300650
1.152610
1.417542
2.680473
1.964620
1.872285
1.467750
1.939241
1.325288
1.520308
2.430779
2.958636
1.721791
1.260106
1.420807
2.356688
1.176621
1.050795
1.891254
4.034673
2.204523
3.158176
1.754736
1.074286
2.118932
1.305949
1.147239
1.323857
1.594679
1.552177
2.231311
1.927317
1.331472
1.436957
1.622532
1.497394
1.783656
2.577955
2.046444
1.300183
1.661406
1.511844
1.744891
1.153989
2.784462
1.189856
1.024172
1.784855
1.234517
2.356678
1.910942
1.535398
1.537224
3.146208
2.293586
1.581141
1.292212
2.396383
2.044562
1.331442
2.363740
2.145399
1.186627
1.317591
2.623573
1.548592
2.148439
1.970458
1.878542
0.866035
2.452522
2.534490
2.322863
4.433584
1.700202
1.397903
1.726301
1.040218
1.366982
1.424299
2.346175
1.298551
2.013563
2.682092
2.403692
1.787576
