2.176231
2.603083
1.286465
2.090976
1.646505
1.749970
1.676072
1.279984
1.345627
1.671028
1.457600
2.248784
1.714675
1.282067
1.616708
1.137215
1.543749
2.295874
1.543076
3.122130
2.541953
1.775811
1.131241
2.808893
1.507699
3.909625
1.035937
2.907581
1.553140
2.009215
1.981982
2.492623
1.314607
1.046427
1.337505
2.875908
1.501039
1.615562
1.397915
1.406363
2.704037
2.694953
1.047529
1.614615
1.234859
2.541159
1.346454
1.686421
2.364586
2.312208
1.822322
1.156472
1.642914
2.200342
1.311661
1.967949
2.248795
1.804971
1.814251
1.868658
2.235439
1.222797
1.609612
2.103842
1.318007
3.195715
1.677915
1.921269
1.594749
2.107311
1.740408
2.239491
2.931081
1.152811
3.448127
1.860975
3.294598
1.479131
1.842383
1.695435
1.210999
1.681283
1.240097
1.605466
3.039059
2.246058
1.519518
1.653355
2.825405
1.683210
1.199598
2.950976
1.559434
1.922325
1.301496
1.218320
1.594882
1.554527
1.406140
2.845736
1.998509
1.148064
1.095323
2.307113
2.629490
1.602088
1.616588
3.034658
1.052861
2.153228
1.670932
1.148126
2.130581
1.238374
1.744519
1.463118
0.888437
1.191196
1.718878
2.273918
0.991824
1.049329
1.283916
1.860816
2.033147
2.057574
1.146253
0.939908
2.700532
1.579337
1.688499
1.242448
2.512841
1.724728
1.340116
1.856426
1.795138
1.206946
1.962327
1.672973
1.872021
1.173676
1.418782
1.985705
2.058279
1.353342
1.411061
2.681699
1.488887
1.814999
1.449225
1.678110
1.972590
1.616353
1.283472
1.688746
1.411462
1.461995
1.476319
1.326794
1.476314
1.378777
1.778912
3.105229
1.339767
2.000302
1.517730
1.302912
1.546818
1.980529
2.102618
1.375387
1.674297
1.296125
1.600327
2.546364
1.230943
1.969118
2.423477
1.536197
1.261157
1.548371
1.521624
1.487302
2.658068
1.609044
1.535514
