1.460245
2.129901
1.397781
1.598348
1.892026
2.030312
2.040066
1.931326
2.128004
2.637095
1.101419
2.368357
1.580389
3.983530
1.564323
1.892290
2.343295
1.511962
1.346697
1.856108
1.640812
2.249858
1.448374
1.573839
1.795334
1.252213
1.504815
1.496887
1.614200
1.963355
1.742692
1.502702
1.127631
2.497359
1.314261
1.262135
1.747938
2.068981
1.741288
1.701519
1.736346
2.638580
1.811535
2.037129
1.606019
1.291406
2.846369
1.366163
1.803703
1.471907
1.406103
1.751121
1.403583
2.109551
1.853624
1.587446
1.292317
1.793857
1.839602
2.220769
1.626441
2.617520
3.236920
1.736131
1.590079
2.326989
1.798258
2.681031
2.106061
1.383331
2.049634
1.506232
1.871278
1.222140
1.943300
2.044717
1.862669
1.678874
2.262512
1.897866
2.418334
2.210870
1.943496
2.226017
1.807242
1.346448
2.565568
1.654436
1.934046
1.801935
1.975571
2.360857
1.329243
1.437037
1.870221
1.806585
1.475393
1.990961
1.944926
1.643539
2.088464
2.915400
3.544641
0.890542
1.172871
1.278977
1.346799
1.263546
1.477067
2.252702
2.323266
