2.164850
1.733573
2.357038
2.996043
2.003327
1.590244
1.873132
1.919115
2.058501
2.360587
1.464104
2.511084
1.819905
2.161480
2.552745
1.236043
1.774134
1.738067
1.403219
1.655482
1.411796
1.866084
1.566576
1.519627
1.873810
1.779123
1.878982
1.728894
1.337082
1.968094
2.029107
1.851487
2.940180
1.587751
2.877174
1.743199
2.106756
1.674217
1.731952
1.750552
1.224202
1.546014
2.388495
2.704509
1.739118
1.582859
1.909928
1.644965
1.567717
1.323518
1.687883
1.548303
1.404348
1.486561
1.191034
3.502605
1.695097
2.733475
2.650573
1.855224
1.574811
1.987924
1.162264
1.567391
1.330107
3.662215
1.551278
1.684748
1.716455
1.467587
1.590126
2.027077
1.216131
2.303200
1.966446
1.346798
1.309978
1.359241
1.776293
2.068563
1.070344
1.389689
1.582760
1.314716
1.856433
1.941591
2.935035
1.666465
2.234055
1.567865
1.567442
1.924663
2.890999
1.309506
1.758148
1.507679
1.546948
1.582161
0.989305
1.159648
1.021522
1.686021
1.313505
2.078586
2.466806
2.168023
1.361038
1.384618
1.496827
2.024219
2.151402
1.799502
1.257773
1.666207
1.878202
2.041945
1.416712
1.541163
2.775485
1.619398
1.903088
1.870879
1.424906
2.605955
2.224524
1.342917
1.607036
1.719991
2.106959
1.841151
1.795488
1.880730
1.015120
1.645478
2.086062
1.423135
1.589047
1.719818
1.497144
2.435864
1.153838
1.407252
1.234235
1.432485
1.332385
1.527613
1.738245
1.749898
1.561155
1.361542
1.986799
2.989546
2.768178
1.384025
1.425627
1.908223
1.235142
1.105724
2.465062
1.729865
1.467868
2.263027
2.135195
1.985760
1.416556
1.655216
