3.268001
1.987888
1.424596
1.683039
4.223262
2.829648
1.548708
1.589176
2.062258
2.325326
2.105718
1.901537
1.200103
1.281209
1.786425
4.279027
2.085095
2.829613
2.568566
1.741950
2.694638
1.098887
1.334520
1.834147
1.109351
1.801905
1.884824
1.502527
3.033213
2.959583
2.983316
1.524012
2.833423
2.617741
2.315753
4.086408
2.375932
1.666578
2.010420
1.950712
1.871902
1.756179
1.920608
1.710480
1.081102
2.822889
2.118500
1.615981
1.583919
2.330579
2.603304
1.490987
2.309265
1.214221
1.837061
1.978369
2.115606
2.298169
2.161246
2.390632
1.958151
3.692155
1.907115
2.347511
1.605735
2.169575
1.382424
1.897341
1.306442
1.605997
2.115761
1.917286
2.892305
3.303923
1.241284
1.781049
2.447333
2.423772
2.554610
1.903122
1.466474
1.750857
2.122918
1.609994
2.208859
4.532901
1.576015
1.865642
2.317518
1.938665
1.893999
2.633442
3.621243
3.034045
0.998554
1.333423
2.981498
2.055140
1.788069
2.175601
1.827761
2.176958
1.753085
1.621510
1.563995
2.201880
2.459305
1.902370
2.312202
1.882825
1.204834
1.151106
1.881224
3.448440
1.703107
1.344016
1.690662
2.504113
2.448992
2.522574
2.377515
2.244303
2.000329
1.451735
1.790128
1.508204
1.778351
2.978812
1.404766
2.316560
1.448766
