1 2 0.607058
1 4 0.826131
1 5 0.624465
1 6 0.704909
1 7 0.675988
1 8 0.599775
1 9 0.781360
1 11 0.590780
1 13 0.620052
1 14 0.500000
2 1 0.607058
4 1 0.826131
4 14 0.500000
5 1 0.624465
6 1 0.704909
7 1 0.675988
7 14 0.500000
8 1 0.599775
8 14 0.500000
9 1 0.781360
11 1 0.590780
11 14 0.500000
13 1 0.620052
13 14 0.500000
14 1 0.500000
14 4 0.500000
14 7 0.500000
14 8 0.500000
14 11 0.500000
14 13 0.500000
1 1 0.761645
1 3 0.500000
1 10 0.532136
1 12 0.500000
2 2 0.546770
2 3 0.500000
2 4 0.667096
2 5 0.540562
2 6 0.585446
2 7 0.570629
2 8 0.532758
2 9 0.599407
2 10 0.514638
2 11 0.534777
2 12 0.500000
2 13 0.547884
2 14 0.500000
3 1 0.500000
3 2 0.500000
3 3 0.500000
3 4 0.500000
3 5 0.500000
3 6 0.500000
3 7 0.500000
3 8 0.500000
3 9 0.500000
3 10 0.500000
3 11 0.500000
3 12 0.500000
3 13 0.500000
3 14 0.500000
4 2 0.667096
4 3 0.500000
4 4 0.999195
4 5 0.673318
4 6 0.746036
4 7 0.752520
4 8 0.699915
4 9 0.887745
4 10 0.561274
4 11 0.635459
4 12 0.500000
4 13 0.710560
5 2 0.540562
5 3 0.500000
5 4 0.673318
5 5 0.594170
5 6 0.560944
5 7 0.578550
5 8 0.577046
5 9 0.712586
5 10 0.509431
5 11 0.543217
5 12 0.500000
5 13 0.552197
5 14 0.500000
6 2 0.585446
6 3 0.500000
6 4 0.746036
6 5 0.560944
6 6 0.702116
6 7 0.624828
6 8 0.539035
6 9 0.676810
6 10 0.526901
6 11 0.567436
6 12 0.500000
6 13 0.596392
6 14 0.500000
7 2 0.570629
7 3 0.500000
7 4 0.752520
7 5 0.578550
7 6 0.624828
7 7 0.631414
7 8 0.562372
7 9 0.684721
7 10 0.516426
7 11 0.558118
7 12 0.500000
7 13 0.576918
8 2 0.532758
8 3 0.500000
8 4 0.699915
8 5 0.577046
8 6 0.539035
8 7 0.562372
8 8 0.585055
8 9 0.679473
8 10 0.510938
8 11 0.536378
8 12 0.500000
8 13 0.544296
9 2 0.599407
9 3 0.500000
9 4 0.887745
9 5 0.712586
9 6 0.676810
9 7 0.684721
9 8 0.679473
9 9 0.979171
9 10 0.513282
9 11 0.614390
9 12 0.500000
9 13 0.674727
9 14 0.500000
10 1 0.532136
10 2 0.514638
10 3 0.500000
10 4 0.561274
10 5 0.509431
10 6 0.526901
10 7 0.516426
10 8 0.510938
10 9 0.513282
10 10 0.511008
10 11 0.509447
10 12 0.500000
10 13 0.513444
10 14 0.500000
11 2 0.534777
11 3 0.500000
11 4 0.635459
11 5 0.543217
11 6 0.567436
11 7 0.558118
11 8 0.536378
11 9 0.614390
11 10 0.509447
11 11 0.530368
11 12 0.500000
11 13 0.540818
12 1 0.500000
12 2 0.500000
12 3 0.500000
12 4 0.500000
12 5 0.500000
12 6 0.500000
12 7 0.500000
12 8 0.500000
12 9 0.500000
12 10 0.500000
12 11 0.500000
12 12 0.500000
12 13 0.500000
12 14 0.500000
13 2 0.547884
13 3 0.500000
13 4 0.710560
13 5 0.552197
13 6 0.596392
13 7 0.576918
13 8 0.544296
13 9 0.674727
13 10 0.513444
13 11 0.540818
13 12 0.500000
13 13 0.564649
14 2 0.500000
14 3 0.500000
14 5 0.500000
14 6 0.500000
14 9 0.500000
14 10 0.500000
14 12 0.500000
14 14 0.500000
