1 2 0.553004
1 4 0.759093
1 5 0.686537
1 6 0.695872
1 7 0.676305
1 8 0.670148
1 9 0.748112
1 11 0.500000
1 13 0.656753
1 14 0.500000
2 1 0.553004
4 1 0.759093
4 14 0.500000
5 1 0.686537
6 1 0.695872
7 1 0.676305
7 14 0.500000
8 1 0.670148
8 14 0.500000
9 1 0.748112
11 1 0.500000
11 14 0.500000
13 1 0.656753
13 14 0.500000
14 1 0.500000
14 4 0.500000
14 7 0.500000
14 8 0.500000
14 11 0.500000
14 13 0.500000
1 1 0.814974
1 3 0.500000
1 10 0.521974
1 12 0.500000
2 2 0.524484
2 3 0.500000
2 4 0.533763
2 5 0.519761
2 6 0.523871
2 7 0.518256
2 8 0.524696
2 9 0.547708
2 10 0.504317
2 11 0.500000
2 12 0.500000
2 13 0.523559
2 14 0.500000
3 1 0.500000
3 2 0.500000
3 3 0.500000
3 4 0.500000
3 5 0.500000
3 6 0.500000
3 7 0.500000
3 8 0.500000
3 9 0.500000
3 10 0.500000
3 11 0.500000
3 12 0.500000
3 13 0.500000
3 14 0.500000
4 2 0.533763
4 3 0.500000
4 4 0.731223
4 5 0.655881
4 6 0.648316
4 7 0.639640
4 8 0.636127
4 9 0.704287
4 10 0.514146
4 11 0.500000
4 12 0.500000
4 13 0.633570
5 2 0.519761
5 3 0.500000
5 4 0.655881
5 5 0.623872
5 6 0.607036
5 7 0.610168
5 8 0.603215
5 9 0.634398
5 10 0.513826
5 11 0.500000
5 12 0.500000
5 13 0.592619
5 14 0.500000
6 2 0.523871
6 3 0.500000
6 4 0.648316
6 5 0.607036
6 6 0.666484
6 7 0.601277
6 8 0.586178
6 9 0.658925
6 10 0.520033
6 11 0.500000
6 12 0.500000
6 13 0.578239
6 14 0.500000
7 2 0.518256
7 3 0.500000
7 4 0.639640
7 5 0.610168
7 6 0.601277
7 7 0.612817
7 8 0.591923
7 9 0.633104
7 10 0.513337
7 11 0.500000
7 12 0.500000
7 13 0.579773
8 2 0.524696
8 3 0.500000
8 4 0.636127
8 5 0.603215
8 6 0.586178
8 7 0.591923
8 8 0.594447
8 9 0.626333
8 10 0.511801
8 11 0.500000
8 12 0.500000
8 13 0.585119
9 2 0.547708
9 3 0.500000
9 4 0.704287
9 5 0.634398
9 6 0.658925
9 7 0.633104
9 8 0.626333
9 9 0.939368
9 10 0.490313
9 11 0.500000
9 12 0.500000
9 13 0.631474
9 14 0.500000
10 1 0.521974
10 2 0.504317
10 3 0.500000
10 4 0.514146
10 5 0.513826
10 6 0.520033
10 7 0.513337
10 8 0.511801
10 9 0.490313
10 10 0.509290
10 11 0.500000
10 12 0.500000
10 13 0.510112
10 14 0.500000
11 2 0.500000
11 3 0.500000
11 4 0.500000
11 5 0.500000
11 6 0.500000
11 7 0.500000
11 8 0.500000
11 9 0.500000
11 10 0.500000
11 11 0.500000
11 12 0.500000
11 13 0.500000
12 1 0.500000
12 2 0.500000
12 3 0.500000
12 4 0.500000
12 5 0.500000
12 6 0.500000
12 7 0.500000
12 8 0.500000
12 9 0.500000
12 10 0.500000
12 11 0.500000
12 12 0.500000
12 13 0.500000
12 14 0.500000
13 2 0.523559
13 3 0.500000
13 4 0.633570
13 5 0.592619
13 6 0.578239
13 7 0.579773
13 8 0.585119
13 9 0.631474
13 10 0.510112
13 11 0.500000
13 12 0.500000
13 13 0.582505
14 2 0.500000
14 3 0.500000
14 5 0.500000
14 6 0.500000
14 9 0.500000
14 10 0.500000
14 12 0.500000
14 14 0.500000
