1 2 0.690662
1 4 0.898988
1 5 0.780228
1 6 0.827273
1 7 0.731590
1 8 0.822296
1 9 0.715612
1 11 0.750497
1 13 0.790645
1 14 0.500000
2 1 0.690662
4 1 0.898988
4 14 0.500000
5 1 0.780228
6 1 0.827273
7 1 0.731590
7 14 0.500000
8 1 0.822296
8 14 0.500000
9 1 0.715612
11 1 0.750497
11 14 0.500000
13 1 0.790645
13 14 0.500000
14 1 0.500000
14 4 0.500000
14 7 0.500000
14 8 0.500000
14 11 0.500000
14 13 0.500000
1 1 0.948390
1 3 0.500000
1 10 0.561446
1 12 0.500000
2 2 0.624429
2 3 0.500000
2 4 0.631578
2 5 0.609135
2 6 0.606925
2 7 0.573443
2 8 0.606868
2 9 0.555371
2 10 0.511573
2 11 0.576855
2 12 0.500000
2 13 0.615656
2 14 0.500000
3 1 0.500000
3 2 0.500000
3 3 0.500000
3 4 0.500000
3 5 0.500000
3 6 0.500000
3 7 0.500000
3 8 0.500000
3 9 0.500000
3 10 0.500000
3 11 0.500000
3 12 0.500000
3 13 0.500000
3 14 0.500000
4 2 0.631578
4 3 0.500000
4 4 0.869276
4 5 0.724535
4 6 0.746345
4 7 0.664687
4 8 0.749000
4 9 0.670283
4 10 0.543743
4 11 0.692270
4 12 0.500000
4 13 0.722985
5 2 0.609135
5 3 0.500000
5 4 0.724535
5 5 0.673529
5 6 0.663018
5 7 0.610730
5 8 0.653107
5 9 0.631439
5 10 0.532168
5 11 0.619613
5 12 0.500000
5 13 0.640028
5 14 0.500000
6 2 0.606925
6 3 0.500000
6 4 0.746345
6 5 0.663018
6 6 0.740563
6 7 0.624588
6 8 0.697025
6 9 0.592757
6 10 0.522891
6 11 0.648512
6 12 0.500000
6 13 0.679301
6 14 0.500000
7 2 0.573443
7 3 0.500000
7 4 0.664687
7 5 0.610730
7 6 0.624588
7 7 0.666952
7 8 0.643706
7 9 0.571214
7 10 0.526105
7 11 0.591697
7 12 0.500000
7 13 0.614627
8 2 0.606868
8 3 0.500000
8 4 0.749000
8 5 0.653107
8 6 0.697025
8 7 0.643706
8 8 0.718407
8 9 0.576886
8 10 0.532259
8 11 0.643921
8 12 0.500000
8 13 0.672580
9 2 0.555371
9 3 0.500000
9 4 0.670283
9 5 0.631439
9 6 0.592757
9 7 0.571214
9 8 0.576886
9 9 0.916536
9 10 0.565996
9 11 0.573683
9 12 0.500000
9 13 0.566348
9 14 0.500000
10 1 0.561446
10 2 0.511573
10 3 0.500000
10 4 0.543743
10 5 0.532168
10 6 0.522891
10 7 0.526105
10 8 0.532259
10 9 0.565996
10 10 0.516742
10 11 0.523168
10 12 0.500000
10 13 0.518990
10 14 0.500000
11 2 0.576855
11 3 0.500000
11 4 0.692270
11 5 0.619613
11 6 0.648512
11 7 0.591697
11 8 0.643921
11 9 0.573683
11 10 0.523168
11 11 0.604671
11 12 0.500000
11 13 0.624464
12 1 0.500000
12 2 0.500000
12 3 0.500000
12 4 0.500000
12 5 0.500000
12 6 0.500000
12 7 0.500000
12 8 0.500000
12 9 0.500000
12 10 0.500000
12 11 0.500000
12 12 0.500000
12 13 0.500000
12 14 0.500000
13 2 0.615656
13 3 0.500000
13 4 0.722985
13 5 0.640028
13 6 0.679301
13 7 0.614627
13 8 0.672580
13 9 0.566348
13 10 0.518990
13 11 0.624464
13 12 0.500000
13 13 0.666483
14 2 0.500000
14 3 0.500000
14 5 0.500000
14 6 0.500000
14 9 0.500000
14 10 0.500000
14 12 0.500000
14 14 0.500000
