1 2 0.621914
1 4 0.928700
1 5 0.828226
1 6 0.917626
1 7 0.897105
1 8 0.815414
1 9 0.649784
1 11 0.500000
1 13 0.823117
1 14 0.500000
2 1 0.621914
4 1 0.928700
4 14 0.500000
5 1 0.828226
6 1 0.917626
7 1 0.897105
7 14 0.500000
8 1 0.815414
8 14 0.500000
9 1 0.649784
11 1 0.500000
11 14 0.500000
13 1 0.823117
13 14 0.500000
14 1 0.500000
14 4 0.500000
14 7 0.500000
14 8 0.500000
14 11 0.500000
14 13 0.500000
1 1 0.980073
1 3 0.500000
1 10 0.538749
1 12 0.500000
2 2 0.548292
2 3 0.500000
2 4 0.562523
2 5 0.552908
2 6 0.572758
2 7 0.556460
2 8 0.543805
2 9 0.533119
2 10 0.511707
2 11 0.500000
2 12 0.500000
2 13 0.545879
2 14 0.500000
3 1 0.500000
3 2 0.500000
3 3 0.500000
3 4 0.500000
3 5 0.500000
3 6 0.500000
3 7 0.500000
3 8 0.500000
3 9 0.500000
3 10 0.500000
3 11 0.500000
3 12 0.500000
3 13 0.500000
3 14 0.500000
4 2 0.562523
4 3 0.500000
4 4 0.863255
4 5 0.723689
4 6 0.836916
4 7 0.814748
4 8 0.721731
4 9 0.590994
4 10 0.522977
4 11 0.500000
4 12 0.500000
4 13 0.739534
5 2 0.552908
5 3 0.500000
5 4 0.723689
5 5 0.682738
5 6 0.729119
5 7 0.686190
5 8 0.649641
5 9 0.608389
5 10 0.519578
5 11 0.500000
5 12 0.500000
5 13 0.651631
5 14 0.500000
6 2 0.572758
6 3 0.500000
6 4 0.836916
6 5 0.729119
6 6 0.847127
6 7 0.791968
6 8 0.686812
6 9 0.618700
6 10 0.529831
6 11 0.500000
6 12 0.500000
6 13 0.736282
6 14 0.500000
7 2 0.556460
7 3 0.500000
7 4 0.814748
7 5 0.686190
7 6 0.791968
7 7 0.787623
7 8 0.690641
7 9 0.549697
7 10 0.515782
7 11 0.500000
7 12 0.500000
7 13 0.700154
8 2 0.543805
8 3 0.500000
8 4 0.721731
8 5 0.649641
8 6 0.686812
8 7 0.690641
8 8 0.668366
8 9 0.552046
8 10 0.511743
8 11 0.500000
8 12 0.500000
8 13 0.634159
9 2 0.533119
9 3 0.500000
9 4 0.590994
9 5 0.608389
9 6 0.618700
9 7 0.549697
9 8 0.552046
9 9 0.684249
9 10 0.518913
9 11 0.500000
9 12 0.500000
9 13 0.570762
9 14 0.500000
10 1 0.538749
10 2 0.511707
10 3 0.500000
10 4 0.522977
10 5 0.519578
10 6 0.529831
10 7 0.515782
10 8 0.511743
10 9 0.518913
10 10 0.506259
10 11 0.500000
10 12 0.500000
10 13 0.517347
10 14 0.500000
11 2 0.500000
11 3 0.500000
11 4 0.500000
11 5 0.500000
11 6 0.500000
11 7 0.500000
11 8 0.500000
11 9 0.500000
11 10 0.500000
11 11 0.500000
11 12 0.500000
11 13 0.500000
12 1 0.500000
12 2 0.500000
12 3 0.500000
12 4 0.500000
12 5 0.500000
12 6 0.500000
12 7 0.500000
12 8 0.500000
12 9 0.500000
12 10 0.500000
12 11 0.500000
12 12 0.500000
12 13 0.500000
12 14 0.500000
13 2 0.545879
13 3 0.500000
13 4 0.739534
13 5 0.651631
13 6 0.736282
13 7 0.700154
13 8 0.634159
13 9 0.570762
13 10 0.517347
13 11 0.500000
13 12 0.500000
13 13 0.659050
14 2 0.500000
14 3 0.500000
14 5 0.500000
14 6 0.500000
14 9 0.500000
14 10 0.500000
14 12 0.500000
14 14 0.500000
