2.000592
2.083601
1.869054
1.729026
1.660187
0.884324
1.634025
1.267632
3.840816
1.249348
1.867047
1.190113
3.140788
2.649735
1.824298
1.493283
2.931559
2.024176
2.117342
3.379541
1.705018
3.259789
1.868673
1.768684
3.544680
2.233544
3.392126
1.726230
1.649273
3.069021
1.795802
3.605664
2.600665
2.435670
1.047062
2.210093
2.731475
1.541671
2.436050
1.547931
3.048091
1.396113
1.456779
1.311720
1.331688
1.855928
1.903940
1.916099
1.422942
2.320843
1.850132
3.016397
1.309272
2.413608
1.991342
0.798245
1.257777
3.116659
1.070761
1.316930
2.824744
1.867745
1.607875
2.110965
3.050875
1.732744
1.414588
1.110955
2.575611
2.076061
1.336249
2.420466
1.071799
1.369504
2.107679
1.288190
1.210527
2.216021
1.248949
2.118206
1.510619
1.814068
1.862762
1.949075
1.818099
3.348240
1.658495
2.227148
1.913236
1.197698
0.967838
2.445594
1.003974
2.816773
2.839272
1.558348
1.468822
2.013426
2.797790
1.747844
