2.169601
2.428158
3.834400
1.319450
1.972701
2.324295
3.524039
2.093158
4.134465
2.887172
4.156981
2.045210
3.551857
2.966380
2.264381
2.349235
2.914232
2.826510
1.952570
2.985881
1.521934
1.206311
3.975481
2.906433
2.397982
1.250452
3.314017
2.100995
4.971873
3.120042
1.614701
1.782531
2.203610
2.656706
2.656665
1.901314
2.446904
3.490736
1.547159
2.863000
2.007169
3.843603
1.476526
2.302963
2.205886
2.121041
4.189741
2.611804
1.499298
2.071392
2.275698
2.127882
2.838126
1.950243
2.889193
1.965642
3.019981
4.121445
2.246735
4.214977
1.433044
3.224774
1.495632
2.437668
1.564454
2.533769
2.804315
1.782983
3.261936
2.018372
1.874628
2.281779
2.327698
1.905607
4.624170
1.942389
2.682189
1.690216
2.491883
1.586334
2.771247
2.467343
2.002670
1.795838
3.269067
4.010643
2.116040
2.772355
1.188949
5.275780
2.112703
1.944288
1.589146
2.213078
2.158014
2.291163
1.761748
1.255371
3.443645
3.372516
2.521510
1.569881
1.471550
1.393857
1.535243
3.616217
2.208948
5.220802
1.156836
2.414837
0.997920
2.186137
2.900983
2.661306
2.103811
3.114222
1.915059
3.191921
1.707513
2.354861
1.413917
3.560309
3.074212
2.685439
2.106933
3.049789
2.590869
1.372264
2.841920
1.517941
1.511553
1.085370
2.968758
1.370375
1.582160
2.283426
1.415301
1.750870
1.418398
2.187136
2.577172
1.879153
4.598600
2.416414
3.613405
2.109576
1.257127
2.121530
1.497720
3.821323
2.769545
1.467843
2.478263
2.594788
2.745743
1.196403
1.353030
3.597778
2.394777
1.294511
1.693562
2.131673
2.618217
3.687874
3.624493
1.955102
2.266664
1.824722
1.536675
1.188690
2.614981
2.610558
1.630389
1.769038
2.568914
2.637393
3.033542
1.165841
1.372805
2.062951
1.233737
1.795553
1.494201
1.883805
1.499651
2.225682
1.683521
2.137223
0.915377
1.038520
1.664945
1.937103
1.121608
1.368066
1.831650
4.130408
1.956631
2.042061
2.002117
1.067551
1.194684
2.764299
1.867905
2.376341
1.623873
1.337631
1.507017
1.723449
2.914975
1.869530
1.700390
1.015000
1.793097
1.429689
2.457783
2.381984
2.202955
0.923240
1.760286
2.571409
1.131884
1.102512
1.652537
3.075888
