2.171627
1.645854
3.777114
3.505708
3.493070
2.401075
2.535526
2.167954
1.852571
1.753400
1.915591
4.738630
2.287344
2.868155
2.655925
3.960222
3.734399
3.570770
3.384231
2.242196
2.235120
2.747440
1.520479
2.335465
3.759643
2.494534
1.635641
2.259022
2.113297
2.579022
2.043611
4.494732
1.975840
2.246414
3.025613
5.004386
3.387956
1.773494
1.724653
2.176873
1.709139
2.798775
2.820348
1.689993
2.088970
4.515520
1.977217
3.358852
1.462313
4.503651
2.523934
2.500057
1.832103
1.761641
1.671278
1.707206
2.210749
1.897063
1.437809
1.659397
1.685306
2.098381
2.236202
1.666427
2.046007
2.256183
5.401341
1.903708
2.452797
2.143780
2.158069
1.878630
2.397145
3.061367
1.908484
1.422244
1.832420
1.568097
1.992428
2.282920
2.241044
3.629653
3.337796
1.338160
1.996169
2.119495
1.962249
2.032316
3.203847
2.485256
5.470240
1.473917
2.715611
6.692358
5.369588
1.449826
2.281621
2.363177
2.251792
2.364630
1.792603
1.493904
1.936987
2.543975
1.535932
6.392465
1.651381
2.294019
2.594128
1.988183
1.851599
2.659454
1.533684
3.941949
3.339924
2.011707
1.674268
3.421439
1.996679
1.720503
1.781426
1.945930
3.907214
1.858313
2.745018
1.604501
1.919728
2.027246
2.260268
1.868682
1.455652
1.280950
1.735563
4.640105
3.666700
3.026162
1.240181
1.940453
2.232986
2.852198
4.383923
4.953766
2.463497
1.635961
3.766245
1.642375
2.654853
1.691582
3.426827
2.240135
1.673551
4.195497
3.429221
3.446319
2.218773
2.102464
1.839610
