2.663372
1.783629
1.626414
1.664118
1.220774
1.383338
4.789868
1.477834
1.811776
1.382103
1.869397
1.906325
2.397438
1.494573
2.228590
1.796700
1.995864
1.705122
1.268469
2.754942
1.764257
1.508937
2.892482
2.112187
1.893603
1.580659
1.612664
3.089329
2.388183
3.029038
2.028955
2.761490
1.570021
1.561318
2.448934
1.940134
2.036617
2.932126
3.278273
2.044449
2.858696
4.562722
1.740006
2.290313
1.945763
2.924072
2.704429
2.042462
2.074566
1.466445
5.666874
2.595161
2.402486
1.328892
1.440479
1.761779
2.105150
1.532851
1.852216
3.149028
1.925882
1.799286
1.809860
2.027078
1.516085
2.137031
1.805164
3.695170
2.127829
2.247195
2.810836
2.919170
1.627576
1.834514
1.277678
2.231092
3.500249
1.968556
2.433245
1.514097
1.747496
1.746151
1.967367
2.155732
1.708534
2.577810
2.144031
1.450857
2.442061
2.285910
1.661690
2.054751
1.924604
1.959065
5.812052
2.066713
4.527833
1.554053
2.064912
1.783623
1.787293
2.120058
2.696157
1.634750
1.866216
2.595865
1.533630
1.268196
1.887739
3.292887
2.576575
1.266806
1.722794
1.582655
2.767889
1.888040
1.536430
2.316627
2.320642
1.591483
1.779218
1.393336
1.981263
1.059242
4.313865
1.892696
2.146607
2.042199
1.804758
1.483983
1.789874
1.732859
1.860930
2.324214
1.764309
1.986502
2.763274
1.185831
1.821889
1.480817
1.399803
1.353780
2.657485
1.819502
1.525551
1.912991
1.549784
1.995867
2.957839
3.430323
1.313138
1.596901
1.708727
2.693895
1.568050
2.450631
3.257446
1.534162
1.453184
2.841492
1.679595
2.097406
1.691420
2.141459
2.546953
2.489676
2.354898
1.985838
2.451213
3.541329
1.913800
3.078351
2.181774
2.173735
1.683674
1.929505
2.257241
3.014169
1.536188
3.963877
2.936524
2.766950
1.831177
1.739126
1.657528
1.694146
2.433125
2.452226
3.346112
1.647742
1.528035
2.268486
2.003873
1.891365
2.737040
1.297098
1.634544
1.508021
1.675960
3.349784
1.517381
2.209442
2.667313
2.228750
1.580028
2.927253
2.183500
1.860758
1.685654
1.782959
2.327492
2.233003
3.310165
1.317297
1.873264
1.388238
2.162847
1.973277
1.737106
1.168030
1.960237
1.448761
1.871515
2.049618
1.346369
1.602602
1.652684
3.353620
1.792717
3.195924
2.566730
1.491562
2.748666
2.299147
4.287572
1.918648
1.809248
2.680678
2.283657
1.788283
1.773718
2.004954
1.664208
1.791474
2.538182
1.946815
2.838867
2.969313
1.972594
1.597437
1.478040
2.992099
2.067539
1.312355
2.003913
1.243332
2.283365
1.838667
1.796297
2.413126
2.484548
1.981115
2.632097
3.164502
2.691686
2.154090
2.388482
1.287007
2.400789
1.408903
1.678439
2.268648
1.956646
2.005068
1.511973
2.121975
1.798137
2.603528
1.649030
1.791677
2.244721
2.244041
2.002009
3.201289
1.880342
2.358882
1.627044
1.428306
1.364357
1.464313
2.375191
2.354551
1.291577
1.386850
3.184994
2.119260
2.307996
1.493732
1.436423
3.180151
1.598005
1.293849
2.117287
1.802914
1.420480
2.443584
1.332628
2.764081
2.648519
1.711165
2.772589
2.114202
2.071855
2.206467
2.298248
1.356304
1.416102
1.828024
3.116748
2.269163
1.643173
2.889329
2.780855
2.998632
1.243025
1.255699
1.399033
1.559234
1.155289
2.662693
2.206495
1.789188
1.682989
1.056775
2.286901
2.798651
2.703582
1.809371
2.521409
1.504710
2.348853
1.116791
2.045691
1.827948
1.176492
2.073371
1.281320
2.616463
2.066461
1.583989
2.591410
2.198683
1.962771
1.819056
1.670873
2.984087
2.131078
1.926494
1.918037
2.357431
2.482037
1.049580
1.314944
1.705862
2.201064
2.352388
2.683990
2.198941
1.803529
2.560132
1.202150
1.409104
1.736460
1.952046
1.393480
1.619951
2.391000
1.250999
2.096899
1.754508
2.130405
1.043318
2.507682
1.477838
1.525683
2.073704
2.105236
1.004267
1.336269
1.664489
1.659109
2.418208
1.483223
1.442397
1.857050
1.634476
1.893349
2.077255
2.197622
2.353337
1.490027
1.796447
2.034693
1.571114
1.324214
1.542252
2.692444
2.636165
1.420444
1.407660
2.320946
2.517088
2.004488
2.382051
1.646902
2.221205
1.339319
2.351499
2.056165
2.086372
1.360630
1.778069
1.603174
1.962958
1.531778
2.142055
1.579012
4.288336
1.161322
2.813197
2.938900
1.287616
1.574029
1.723517
1.118981
2.034022
1.756077
2.064760
1.854004
1.353101
1.762371
1.977087
1.565025
2.488727
1.525634
1.535639
2.193900
1.938047
1.323040
1.362498
3.367872
1.959099
2.593639
2.018057
3.110591
1.937668
2.476378
2.481414
2.139888
2.671912
2.489794
1.717941
3.548067
1.300816
2.221509
2.714247
1.521372
1.666453
0.844184
2.167539
4.822309
1.700842
1.378818
1.261707
3.610669
1.590071
2.906979
1.193620
1.953416
1.509433
1.700562
