1.112992
2.706837
2.512132
1.466293
1.382117
1.485744
1.261494
1.329670
0.874409
2.104346
4.031357
2.356228
2.057781
2.377443
2.879202
1.640942
1.445379
1.306019
1.508099
2.046504
1.621798
1.933946
1.164257
1.020801
1.376915
1.655792
1.384748
1.738793
1.261366
1.817686
2.405065
1.823287
2.077452
2.484326
1.392657
1.082861
1.179730
2.661225
1.394753
1.058599
1.334845
1.890061
2.747432
1.519766
2.076047
1.507585
1.785946
1.446137
1.810729
1.967960
1.520579
1.521449
1.652175
1.336259
1.786094
1.569727
1.450524
1.366215
1.122257
1.795949
0.997859
2.505203
1.351604
1.457789
0.972004
2.016103
1.194195
1.767704
1.503409
2.802189
1.154803
2.435620
2.379978
3.832654
1.573534
2.173436
1.717516
2.134043
1.520759
1.591033
1.194329
2.943122
3.510699
2.027710
1.468768
2.298174
1.458640
1.930248
1.281286
1.251325
1.529503
1.440155
1.297214
1.339520
1.649388
1.519574
1.160722
1.148193
1.893660
1.393594
2.108217
1.598901
2.117779
2.594470
1.149843
2.198344
1.162407
1.699694
2.129456
1.547682
1.602121
1.534153
1.365725
1.066918
1.410520
2.918706
1.119195
1.414902
3.029400
2.495960
2.249451
1.114681
1.522744
4.679533
1.935028
1.659249
1.752114
3.293913
1.286222
1.399959
1.234785
1.690243
1.742168
3.033072
3.479040
1.777710
1.000522
1.314440
2.117789
1.400675
1.457964
3.079431
1.374674
1.701608
1.567067
1.827803
1.740910
1.128631
1.767872
2.212869
2.303844
1.842246
1.313483
1.286366
2.127593
1.977055
1.427925
1.799040
1.997137
1.687469
2.258080
1.073054
3.366626
1.530025
1.406656
1.387401
1.392104
3.589937
1.499877
1.790092
2.490760
1.887060
1.655258
1.259335
0.955940
1.874509
1.291708
0.968803
2.290256
1.031463
1.850502
1.470832
1.052459
2.765826
2.148738
1.114195
1.170405
1.697902
1.347086
2.314665
1.992216
2.433343
1.946460
1.738130
2.687572
1.419925
1.238001
2.160906
1.608922
2.759263
1.112459
1.821684
2.051402
1.550278
1.885445
1.591007
1.452778
1.525209
1.605114
1.076982
1.396520
1.680620
1.259479
3.239027
1.550037
2.582585
1.743827
2.688146
1.415017
2.706011
1.815122
1.108531
1.525478
1.376884
1.588641
1.801126
1.782833
1.199241
2.013283
2.393884
1.657799
1.166290
1.426527
2.120297
1.267381
2.248535
2.353846
2.065484
1.092196
1.876696
1.546152
1.169510
1.354960
1.290015
2.642750
2.496687
1.917093
1.166827
1.384157
2.181205
2.633090
1.519026
1.248201
2.968316
2.132149
0.990887
0.894585
1.904925
1.247122
1.463222
1.171671
1.411384
1.232039
1.003332
2.167757
1.380926
1.993117
0.942958
2.482837
1.128686
1.252457
1.522069
1.821179
3.040146
0.991647
1.244373
1.397341
1.026331
2.495972
1.785546
1.181590
1.260590
3.518825
1.152051
4.825545
1.904320
2.101906
1.260026
1.468419
1.115202
1.073527
1.981829
1.732442
1.514929
1.673839
1.945422
1.640725
1.999279
0.816604
2.169147
1.451783
1.908540
1.458493
0.989048
1.353916
1.744519
0.998331
2.299168
1.450841
1.182247
1.697219
1.606262
1.707879
2.030996
1.251437
1.411939
1.339723
1.165032
1.511388
2.759197
3.338756
2.364183
1.004329
1.186844
1.952245
1.248842
1.750057
1.239725
1.754878
1.413711
1.344809
2.603852
1.513888
2.717887
1.445677
2.251980
1.582731
2.155059
0.945433
1.766615
1.133466
2.575467
1.364649
1.317614
1.341432
2.458652
1.179039
1.471015
1.459973
2.064676
1.433241
1.807486
1.533355
1.745225
2.150961
1.459017
1.362712
2.697616
1.168928
1.641625
1.932269
1.894405
1.996740
1.514891
1.091586
2.724724
1.467503
1.792457
1.830983
2.192889
3.228615
0.893165
1.149996
1.277523
2.035153
1.793730
1.660428
1.982094
1.636506
3.865591
1.229776
1.024568
1.793341
1.170741
1.653415
1.862153
1.249466
1.520573
1.322888
1.605056
1.620432
1.338464
2.078767
1.598537
2.519160
1.281126
2.421772
1.562424
2.561144
2.223428
1.347947
2.704063
1.194422
1.338133
1.812739
1.765284
