1 2 0.863289
1 3 0.801694
1 5 0.804596
1 8 0.906882
1 12 0.703825
1 16 0.823164
1 17 0.816409
1 19 0.967641
2 1 0.863289
2 8 0.869385
2 19 0.957861
3 1 0.801694
3 8 0.839068
4 17 0.500000
5 1 0.804596
5 8 0.803207
8 1 0.906882
8 2 0.869385
8 3 0.839068
8 5 0.803207
8 12 0.733086
8 13 0.794573
8 14 0.795331
8 15 0.728500
8 16 0.828780
8 17 0.818892
8 19 0.959248
10 19 0.500000
12 1 0.703825
12 8 0.733086
13 8 0.794573
14 8 0.795331
15 8 0.728500
16 1 0.823164
16 8 0.828780
17 1 0.816409
17 4 0.500000
17 8 0.818892
17 19 0.928439
18 19 0.997796
19 1 0.967641
19 2 0.957861
19 8 0.959248
19 10 0.500000
19 17 0.928439
19 18 0.997796
1 1 0.892973
1 4 0.500000
1 6 0.850287
1 7 0.500809
1 9 0.514729
1 10 0.500000
1 11 0.636817
1 13 0.737241
1 14 0.710310
1 15 0.699888
1 18 0.961193
2 2 0.844731
2 3 0.775040
2 4 0.500000
2 5 0.786292
2 6 0.795840
2 7 0.500849
2 9 0.512587
2 10 0.500000
2 11 0.642947
2 12 0.683105
2 13 0.704957
2 14 0.685313
2 15 0.677612
2 16 0.797801
2 17 0.791707
2 18 0.949183
3 2 0.775040
3 3 0.762516
3 4 0.500000
3 5 0.735791
3 6 0.846081
3 7 0.500811
3 9 0.503832
3 10 0.500000
3 11 0.619803
3 12 0.694460
3 13 0.678183
3 14 0.695159
3 15 0.649966
3 16 0.737560
3 17 0.730134
3 18 0.873602
3 19 0.894732
4 1 0.500000
4 2 0.500000
4 3 0.500000
4 4 0.500000
4 5 0.500000
4 6 0.500000
4 7 0.500000
4 8 0.500000
4 9 0.500000
4 10 0.500000
4 11 0.500000
4 12 0.500000
4 13 0.500000
4 14 0.500000
4 15 0.500000
4 16 0.500000
4 18 0.500000
4 19 0.500000
5 2 0.786292
5 3 0.735791
5 4 0.500000
5 5 0.756625
5 6 0.763978
5 7 0.500821
5 9 0.507352
5 10 0.500000
5 11 0.633857
5 12 0.676823
5 13 0.649154
5 14 0.645139
5 15 0.639523
5 16 0.748721
5 17 0.745356
5 18 0.901156
5 19 0.919004
6 1 0.850287
6 2 0.795840
6 3 0.846081
6 4 0.500000
6 5 0.763978
6 6 0.996941
6 7 0.500945
6 8 0.939347
6 9 0.511995
6 10 0.500000
6 11 0.567416
6 12 0.813770
6 13 0.791970
6 14 0.857739
6 15 0.723541
6 16 0.773937
6 17 0.750548
6 18 0.824314
6 19 0.867703
7 1 0.500809
7 2 0.500849
7 3 0.500811
7 4 0.500000
7 5 0.500821
7 6 0.500945
7 7 0.500021
7 8 0.500765
7 9 0.500294
7 10 0.500000
7 11 0.500679
7 12 0.500834
7 13 0.500371
7 14 0.500375
7 15 0.500338
7 16 0.500714
7 17 0.500525
7 18 0.500520
7 19 0.500883
8 4 0.500000
8 6 0.939347
8 7 0.500765
8 8 0.944899
8 9 0.518242
8 10 0.500000
8 11 0.619653
8 18 0.949540
9 1 0.514729
9 2 0.512587
9 3 0.503832
9 4 0.500000
9 5 0.507352
9 6 0.511995
9 7 0.500294
9 8 0.518242
9 9 0.518114
9 10 0.500000
9 11 0.506153
9 12 0.494714
9 13 0.507192
9 14 0.508911
9 15 0.508073
9 16 0.510336
9 17 0.508360
9 18 0.501657
9 19 0.505954
10 1 0.500000
10 2 0.500000
10 3 0.500000
10 4 0.500000
10 5 0.500000
10 6 0.500000
10 7 0.500000
10 8 0.500000
10 9 0.500000
10 10 0.500000
10 11 0.500000
10 12 0.500000
10 13 0.500000
10 14 0.500000
10 15 0.500000
10 16 0.500000
10 17 0.500000
10 18 0.500000
11 1 0.636817
11 2 0.642947
11 3 0.619803
11 4 0.500000
11 5 0.633857
11 6 0.567416
11 7 0.500679
11 8 0.619653
11 9 0.506153
11 10 0.500000
11 11 0.602926
11 12 0.595204
11 13 0.551076
11 14 0.556342
11 15 0.556311
11 16 0.613835
11 17 0.614307
11 18 0.725604
11 19 0.750148
12 2 0.683105
12 3 0.694460
12 4 0.500000
12 5 0.676823
12 6 0.813770
12 7 0.500834
12 9 0.494714
12 10 0.500000
12 11 0.595204
12 12 0.712611
12 13 0.612458
12 14 0.631666
12 15 0.594370
12 16 0.657217
12 17 0.651405
12 18 0.760800
12 19 0.790730
13 1 0.737241
13 2 0.704957
13 3 0.678183
13 4 0.500000
13 5 0.649154
13 6 0.791970
13 7 0.500371
13 9 0.507192
13 10 0.500000
13 11 0.551076
13 12 0.612458
13 13 0.668838
13 14 0.668678
13 15 0.612402
13 16 0.668790
13 17 0.660066
13 18 0.779201
13 19 0.796860
14 1 0.710310
14 2 0.685313
14 3 0.695159
14 4 0.500000
14 5 0.645139
14 6 0.857739
14 7 0.500375
14 9 0.508911
14 10 0.500000
14 11 0.556342
14 12 0.631666
14 13 0.668678
14 14 0.714825
14 15 0.615580
14 16 0.651410
14 17 0.643783
14 18 0.701352
14 19 0.737625
15 1 0.699888
15 2 0.677612
15 3 0.649966
15 4 0.500000
15 5 0.639523
15 6 0.723541
15 7 0.500338
15 9 0.508073
15 10 0.500000
15 11 0.556311
15 12 0.594370
15 13 0.612402
15 14 0.615580
15 15 0.592509
15 16 0.650096
15 17 0.644412
15 18 0.767951
15 19 0.785463
16 2 0.797801
16 3 0.737560
16 4 0.500000
16 5 0.748721
16 6 0.773937
16 7 0.500714
16 9 0.510336
16 10 0.500000
16 11 0.613835
16 12 0.657217
16 13 0.668790
16 14 0.651410
16 15 0.650096
16 16 0.761344
16 17 0.754864
16 18 0.919687
16 19 0.930916
17 2 0.791707
17 3 0.730134
17 5 0.745356
17 6 0.750548
17 7 0.500525
17 9 0.508360
17 10 0.500000
17 11 0.614307
17 12 0.651405
17 13 0.660066
17 14 0.643783
17 15 0.644412
17 16 0.754864
17 17 0.751517
17 18 0.917267
18 1 0.961193
18 2 0.949183
18 3 0.873602
18 4 0.500000
18 5 0.901156
18 6 0.824314
18 7 0.500520
18 8 0.949540
18 9 0.501657
18 10 0.500000
18 11 0.725604
18 12 0.760800
18 13 0.779201
18 14 0.701352
18 15 0.767951
18 16 0.919687
18 17 0.917267
18 18 0.997417
19 3 0.894732
19 4 0.500000
19 5 0.919004
19 6 0.867703
19 7 0.500883
19 9 0.505954
19 11 0.750148
19 12 0.790730
19 13 0.796860
19 14 0.737625
19 15 0.785463
19 16 0.930916
19 19 0.998286
