1 2 0.814157
1 3 0.622002
1 5 0.877160
1 8 0.829506
1 12 0.665306
1 16 0.721129
1 17 0.796176
1 19 0.886687
2 1 0.814157
2 8 0.781364
2 19 0.865434
3 1 0.622002
3 8 0.649619
4 17 0.500000
5 1 0.877160
5 8 0.867570
8 1 0.829506
8 2 0.781364
8 3 0.649619
8 5 0.867570
8 12 0.640528
8 13 0.710321
8 14 0.713991
8 15 0.644658
8 16 0.718285
8 17 0.781244
8 19 0.867051
10 19 0.500000
12 1 0.665306
12 8 0.640528
13 8 0.710321
14 8 0.713991
15 8 0.644658
16 1 0.721129
16 8 0.718285
17 1 0.796176
17 4 0.500000
17 8 0.781244
17 19 0.843340
18 19 0.861480
19 1 0.886687
19 2 0.865434
19 8 0.867051
19 10 0.500000
19 17 0.843340
19 18 0.861480
1 1 0.851618
1 4 0.500000
1 6 0.460145
1 7 0.500466
1 9 0.534751
1 10 0.500000
1 11 0.585021
1 13 0.701044
1 14 0.682725
1 15 0.633331
1 18 0.776997
2 2 0.797363
2 3 0.568405
2 4 0.500000
2 5 0.838119
2 6 0.455260
2 7 0.500444
2 9 0.533420
2 10 0.500000
2 11 0.578845
2 12 0.629729
2 13 0.651362
2 14 0.645720
2 15 0.605052
2 16 0.677559
2 17 0.760153
2 18 0.770331
3 2 0.568405
3 3 0.629291
3 4 0.500000
3 5 0.693083
3 6 0.555961
3 7 0.499922
3 9 0.501888
3 10 0.500000
3 11 0.539134
3 12 0.572586
3 13 0.586738
3 14 0.582330
3 15 0.548899
3 16 0.569596
3 17 0.600066
3 18 0.552840
3 19 0.614192
4 1 0.500000
4 2 0.500000
4 3 0.500000
4 4 0.500000
4 5 0.500000
4 6 0.500000
4 7 0.500000
4 8 0.500000
4 9 0.500000
4 10 0.500000
4 11 0.500000
4 12 0.500000
4 13 0.500000
4 14 0.500000
4 15 0.500000
4 16 0.500000
4 18 0.500000
4 19 0.500000
5 2 0.838119
5 3 0.693083
5 4 0.500000
5 5 0.997236
5 6 0.642970
5 7 0.500904
5 9 0.528294
5 10 0.500000
5 11 0.707635
5 12 0.659096
5 13 0.687228
5 14 0.726045
5 15 0.653674
5 16 0.712515
5 17 0.849212
5 18 0.864649
5 19 0.933963
6 1 0.460145
6 2 0.455260
6 3 0.555961
6 4 0.500000
6 5 0.642970
6 6 0.966635
6 7 0.499883
6 8 0.606775
6 9 0.494364
6 10 0.500000
6 11 0.484838
6 12 0.382254
6 13 0.563498
6 14 0.609066
6 15 0.555481
6 16 0.535420
6 17 0.527049
6 18 0.588332
6 19 0.558998
7 1 0.500466
7 2 0.500444
7 3 0.499922
7 4 0.500000
7 5 0.500904
7 6 0.499883
7 7 0.500004
7 8 0.500395
7 9 0.500081
7 10 0.500000
7 11 0.500082
7 12 0.500086
7 13 0.500267
7 14 0.500093
7 15 0.500145
7 16 0.500270
7 17 0.500378
7 18 0.500499
7 19 0.500655
8 4 0.500000
8 6 0.606775
8 7 0.500395
8 8 0.838390
8 9 0.540006
8 10 0.500000
8 11 0.579529
8 18 0.755666
9 1 0.534751
9 2 0.533420
9 3 0.501888
9 4 0.500000
9 5 0.528294
9 6 0.494364
9 7 0.500081
9 8 0.540006
9 9 0.519671
9 10 0.500000
9 11 0.506826
9 12 0.511030
9 13 0.517572
9 14 0.526409
9 15 0.516016
9 16 0.520210
9 17 0.524753
9 18 0.522642
9 19 0.540993
10 1 0.500000
10 2 0.500000
10 3 0.500000
10 4 0.500000
10 5 0.500000
10 6 0.500000
10 7 0.500000
10 8 0.500000
10 9 0.500000
10 10 0.500000
10 11 0.500000
10 12 0.500000
10 13 0.500000
10 14 0.500000
10 15 0.500000
10 16 0.500000
10 17 0.500000
10 18 0.500000
11 1 0.585021
11 2 0.578845
11 3 0.539134
11 4 0.500000
11 5 0.707635
11 6 0.484838
11 7 0.500082
11 8 0.579529
11 9 0.506826
11 10 0.500000
11 11 0.559164
11 12 0.534018
11 13 0.528688
11 14 0.539817
11 15 0.522707
11 16 0.526054
11 17 0.575973
11 18 0.596282
11 19 0.624861
12 2 0.629729
12 3 0.572586
12 4 0.500000
12 5 0.659096
12 6 0.382254
12 7 0.500086
12 9 0.511030
12 10 0.500000
12 11 0.534018
12 12 0.598799
12 13 0.580518
12 14 0.556230
12 15 0.542706
12 16 0.581418
12 17 0.618854
12 18 0.576903
12 19 0.658166
13 1 0.701044
13 2 0.651362
13 3 0.586738
13 4 0.500000
13 5 0.687228
13 6 0.563498
13 7 0.500267
13 9 0.517572
13 10 0.500000
13 11 0.528688
13 12 0.580518
13 13 0.637544
13 14 0.615058
13 15 0.583403
13 16 0.635985
13 17 0.663511
13 18 0.630221
13 19 0.721069
14 1 0.682725
14 2 0.645720
14 3 0.582330
14 4 0.500000
14 5 0.726045
14 6 0.609066
14 7 0.500093
14 9 0.526409
14 10 0.500000
14 11 0.539817
14 12 0.556230
14 13 0.615058
14 14 0.658560
14 15 0.590893
14 16 0.626535
14 17 0.655370
14 18 0.634776
14 19 0.717743
15 1 0.633331
15 2 0.605052
15 3 0.548899
15 4 0.500000
15 5 0.653674
15 6 0.555481
15 7 0.500145
15 9 0.516016
15 10 0.500000
15 11 0.522707
15 12 0.542706
15 13 0.583403
15 14 0.590893
15 15 0.560100
15 16 0.589552
15 17 0.611003
15 18 0.596542
15 19 0.658752
16 2 0.677559
16 3 0.569596
16 4 0.500000
16 5 0.712515
16 6 0.535420
16 7 0.500270
16 9 0.520210
16 10 0.500000
16 11 0.526054
16 12 0.581418
16 13 0.635985
16 14 0.626535
16 15 0.589552
16 16 0.653690
16 17 0.679833
16 18 0.651639
16 19 0.747911
17 2 0.760153
17 3 0.600066
17 5 0.849212
17 6 0.527049
17 7 0.500378
17 9 0.524753
17 10 0.500000
17 11 0.575973
17 12 0.618854
17 13 0.663511
17 14 0.655370
17 15 0.611003
17 16 0.679833
17 17 0.750614
17 18 0.744529
18 1 0.776997
18 2 0.770331
18 3 0.552840
18 4 0.500000
18 5 0.864649
18 6 0.588332
18 7 0.500499
18 8 0.755666
18 9 0.522642
18 10 0.500000
18 11 0.596282
18 12 0.576903
18 13 0.630221
18 14 0.634776
18 15 0.596542
18 16 0.651639
18 17 0.744529
18 18 0.793793
19 3 0.614192
19 4 0.500000
19 5 0.933963
19 6 0.558998
19 7 0.500655
19 9 0.540993
19 11 0.624861
19 12 0.658166
19 13 0.721069
19 14 0.717743
19 15 0.658752
19 16 0.747911
19 19 0.937557
