2.692427
1.887366
2.773409
3.209810
2.277169
2.209791
2.421774
2.121432
2.003994
1.954504
1.972268
3.196070
2.199378
2.303514
1.856940
2.214249
2.301135
2.108350
2.321078
1.664070
2.735089
3.060624
2.227902
1.878262
2.147318
2.219319
2.395831
2.600368
2.220437
1.997018
2.032480
2.047790
2.239224
2.849325
2.001420
2.009705
1.770466
2.688913
2.174050
1.567132
1.798999
1.848532
1.655810
2.357770
2.275356
1.754197
2.754783
1.990131
3.287239
1.751391
2.920764
2.074490
2.423508
3.624821
2.757807
2.368682
2.200907
2.666859
1.861966
2.245324
1.950321
2.297951
1.756934
1.909563
2.004667
1.833408
1.447511
1.921035
1.399077
1.120694
2.233623
2.362411
2.032511
1.454598
1.877629
1.893206
1.921045
2.850523
2.030096
2.670375
2.110106
2.387440
2.199381
2.207964
1.738652
1.826934
2.030725
1.878486
2.096684
2.298662
2.298868
2.289736
2.438012
2.032881
2.248663
3.151180
1.848433
3.025483
1.893437
1.586752
