2.739225
3.619516
2.398942
2.220542
2.233458
2.139336
1.964412
2.630249
2.088939
2.591784
2.130508
2.795338
2.542074
2.504035
3.278324
1.849187
2.310734
2.360318
2.767992
2.466376
2.065306
2.134803
1.901184
2.545741
2.554380
2.642209
2.392259
2.918600
2.224332
3.153347
2.544894
2.507294
2.959196
2.227968
2.443357
2.241110
2.472406
2.217410
3.220389
1.988545
2.680108
2.222236
2.609031
2.246137
2.910257
2.209143
2.066262
2.168565
1.911960
2.115927
2.369272
2.376402
2.467149
2.797645
2.407628
2.293978
2.082212
1.620394
2.425995
2.296781
2.355301
2.794194
2.300633
2.529535
3.089343
2.216836
2.318815
1.889912
1.909499
2.356354
2.231274
2.383107
2.018260
3.034657
2.410886
1.626856
2.346127
2.216352
2.132041
1.889137
2.100243
2.588895
1.926007
2.428097
2.580821
1.952191
2.362510
1.951541
2.506958
2.026620
1.794752
1.892174
2.119660
2.546221
2.370957
2.201446
1.600082
1.807289
2.171303
2.416855
1.964339
2.845121
1.987536
2.276184
2.220112
2.056217
2.830824
2.199900
2.112426
1.883280
1.983086
2.481127
2.264316
2.256197
1.973624
2.070935
2.182166
1.723952
