2.385420
2.514039
4.309828
5.266828
3.830650
2.757464
4.183064
4.854537
6.289615
3.574921
2.395920
2.324533
2.740228
3.540724
4.521424
1.487599
2.266995
3.888539
5.160763
2.713839
4.331572
2.316255
2.389857
3.212220
3.609054
3.355242
5.322674
3.467424
2.590756
2.776455
3.994750
2.732970
3.868358
2.328514
3.379524
3.233639
2.998992
3.029215
2.120922
3.443420
2.946158
3.379694
3.495023
1.977197
2.947455
3.079823
3.185326
2.942611
2.268359
3.682346
3.427659
3.390587
3.442021
4.142157
3.815393
2.838811
2.142020
2.364869
3.198982
2.726323
3.438811
3.787950
7.462205
2.115292
3.938102
3.047858
3.770235
2.436146
3.767378
2.246758
2.062544
3.440217
3.108194
3.969390
3.266706
3.380726
2.972505
3.548307
1.733433
2.738552
2.779759
3.225829
3.589863
3.376766
3.467377
3.766474
3.650537
3.103412
2.569532
2.414673
2.380424
2.391282
2.464297
2.344261
3.310909
4.736823
3.300890
2.193155
1.721256
3.088372
4.794367
3.099440
3.656170
2.168239
1.671273
2.687542
3.085345
2.427774
2.943628
3.045914
2.832732
3.646671
3.929130
4.219302
1.919902
3.164143
4.050192
2.758513
2.566307
3.243012
1.842828
2.588969
4.856024
2.635068
1.905892
3.605464
3.159575
1.867369
2.975730
2.842511
2.157024
2.329824
1.845347
2.771541
3.055774
2.984050
2.447784
2.759301
2.116258
4.115473
3.096930
3.300214
3.924555
1.942793
2.161910
2.330601
2.350019
2.640866
3.939198
1.967873
2.158121
2.408892
3.241676
4.449646
2.923251
1.651196
3.091758
2.822877
3.271909
2.852561
2.210594
2.365313
3.329031
2.524950
1.988048
4.065481
3.616986
2.889556
2.593727
2.854174
3.049204
2.188126
2.092507
2.916341
2.636175
2.234924
3.503166
1.854291
2.167164
1.894593
1.706954
2.886724
2.791341
1.765099
3.146245
2.492436
1.815434
1.897121
1.689442
3.818488
3.628312
2.984300
1.755113
2.294274
3.275378
3.092999
2.513031
2.081115
2.200377
2.815021
2.812843
2.059491
