1.648960
2.086746
1.990352
2.883870
2.510045
2.525493
3.525714
3.092234
2.063534
3.059162
2.030552
3.448275
1.938283
3.374721
2.149360
2.936476
1.785632
2.686185
3.227741
1.964053
1.319137
2.658292
2.981760
2.228340
2.361273
2.201390
2.435570
2.803206
2.323606
2.420923
1.943562
2.553177
2.204841
2.216529
2.306929
2.248962
1.746288
3.533926
3.076451
2.352002
2.078263
3.244780
2.155501
2.231682
3.179550
1.878041
3.174217
3.401407
1.271147
2.624259
3.400898
2.310130
1.943643
1.959943
2.253119
1.768560
3.540641
2.268216
2.749694
3.354997
1.615245
3.380406
2.660629
3.252114
3.330632
2.314136
3.375168
2.026299
2.019833
1.958638
1.555292
2.100045
1.982459
2.263421
2.008306
1.728263
1.839395
2.774215
2.339081
3.084300
1.946582
2.923712
2.200572
1.961169
1.502687
2.050032
2.635561
1.780793
2.548407
2.461139
2.817152
2.001735
2.068630
2.447350
2.897784
1.851932
1.926465
1.516807
2.286139
3.378622
2.711842
2.846218
2.163413
3.024117
2.787878
2.898637
2.227539
2.572583
1.523518
2.498738
2.000292
3.171299
2.441653
