3.247426
2.216660
2.339212
3.000576
3.240924
3.174269
2.206102
2.620093
2.380201
3.294994
2.067470
2.968932
3.208583
2.817297
1.890271
2.309817
3.276747
2.419154
3.482051
2.578105
2.640951
2.754165
2.758474
3.516920
2.276478
3.143430
3.906489
3.079496
2.244101
3.036760
2.223091
2.739488
3.253005
4.563530
3.486572
2.547532
2.253595
4.576704
2.480125
2.357502
3.574693
4.114467
2.659069
4.110843
2.137699
2.711306
2.816243
3.628301
2.351673
2.036448
2.225975
2.952217
2.359609
2.639351
3.789481
3.061550
3.181224
2.085042
2.601280
2.410768
2.512283
2.452821
3.577437
2.365702
2.352925
4.049468
3.109250
2.999816
1.736720
2.390386
2.556346
3.201924
2.063933
2.320694
2.801038
3.339390
2.380195
1.931976
3.293669
2.534334
2.668027
2.020219
3.409372
2.805994
2.688503
2.345720
3.768339
2.792856
3.165808
3.730165
2.184719
4.594147
3.136285
2.599844
2.751558
2.293722
3.324722
3.612543
1.853547
2.233642
3.078553
2.203409
2.067449
2.502744
3.308775
2.490419
2.438898
3.126235
1.986571
2.537788
2.242947
2.658779
2.006603
3.044605
3.716150
2.248407
3.632581
3.276380
2.655815
2.636536
1.677250
3.020010
1.919736
2.383811
2.781689
2.085536
2.252411
2.026080
2.216626
2.780569
1.656371
2.779970
1.933771
2.201105
2.497580
2.442329
3.205743
1.854354
2.764278
2.402625
2.732708
3.090394
1.925332
2.586316
3.390804
1.867929
2.052168
2.111055
2.470826
2.568545
1.987018
2.042686
3.045587
