6.283813
3.311919
2.271504
2.405617
3.200341
3.906857
5.760343
7.252287
5.951554
5.650989
6.782878
6.594685
2.760501
6.102545
4.561851
12.153199
5.433842
9.199648
13.436392
7.375028
3.867345
7.319482
4.764332
6.136418
3.933240
4.168730
2.273888
4.024734
3.540787
4.502564
5.566614
5.663546
2.935526
5.449299
4.042022
3.572408
4.249468
2.759432
2.930495
2.728563
6.836843
5.262300
3.612213
4.282439
6.131941
4.646954
2.683478
2.945743
3.084757
2.260233
5.005338
3.108215
3.546085
3.796389
3.662885
4.073781
4.745122
5.956261
3.196907
5.471561
3.509960
3.843345
6.664372
2.310786
4.015873
4.630835
2.618369
3.624847
2.497205
2.236248
3.295457
2.392020
3.010633
3.200452
3.153276
2.541609
5.706040
2.281533
3.946503
2.604077
3.667338
3.885654
5.287454
9.780842
3.650814
5.320732
4.141319
3.077780
2.874392
3.920085
2.560521
3.587260
2.815392
7.230687
2.520876
2.940585
3.652358
3.612295
2.275454
3.814895
3.226057
2.986550
2.901858
4.952658
2.505705
2.151372
3.626858
3.455217
3.043449
2.111751
3.523703
2.669164
2.684427
2.863594
4.646466
3.067407
4.658142
3.204261
3.788991
2.944569
5.538007
2.725877
3.370675
2.334454
