1 2 0.735048
1 4 0.686510
1 5 0.774878
1 6 0.784346
1 7 0.916436
1 8 0.807792
1 9 0.670043
1 11 0.705806
1 13 0.687728
1 14 0.500000
2 1 0.735048
4 1 0.686510
4 14 0.500000
5 1 0.774878
6 1 0.784346
7 1 0.916436
7 14 0.500000
8 1 0.807792
8 14 0.500000
9 1 0.670043
11 1 0.705806
11 14 0.500000
13 1 0.687728
13 14 0.500000
14 1 0.500000
14 4 0.500000
14 7 0.500000
14 8 0.500000
14 11 0.500000
14 13 0.500000
1 1 0.897618
1 3 0.500000
1 10 0.560424
1 12 0.500000
2 2 0.626974
2 3 0.500000
2 4 0.593832
2 5 0.642726
2 6 0.645248
2 7 0.762453
2 8 0.663120
2 9 0.582045
2 10 0.532632
2 11 0.606104
2 12 0.500000
2 13 0.599948
2 14 0.500000
3 1 0.500000
3 2 0.500000
3 3 0.500000
3 4 0.500000
3 5 0.500000
3 6 0.500000
3 7 0.500000
3 8 0.500000
3 9 0.500000
3 10 0.500000
3 11 0.500000
3 12 0.500000
3 13 0.500000
3 14 0.500000
4 2 0.593832
4 3 0.500000
4 4 0.794595
4 5 0.598325
4 6 0.618394
4 7 0.729008
4 8 0.626399
4 9 0.699182
4 10 0.561944
4 11 0.577479
4 12 0.500000
4 13 0.573244
5 2 0.642726
5 3 0.500000
5 4 0.598325
5 5 0.696962
5 6 0.662980
5 7 0.813080
5 8 0.692080
5 9 0.584680
5 10 0.532692
5 11 0.622701
5 12 0.500000
5 13 0.634084
5 14 0.500000
6 2 0.645248
6 3 0.500000
6 4 0.618394
6 5 0.662980
6 6 0.708009
6 7 0.809253
6 8 0.691465
6 9 0.622572
6 10 0.530829
6 11 0.628961
6 12 0.500000
6 13 0.609243
6 14 0.500000
7 2 0.762453
7 3 0.500000
7 4 0.729008
7 5 0.813080
7 6 0.809253
7 7 0.992327
7 8 0.791363
7 9 0.827399
7 10 0.569827
7 11 0.741574
7 12 0.500000
7 13 0.683391
8 2 0.663120
8 3 0.500000
8 4 0.626399
8 5 0.692080
8 6 0.691465
8 7 0.791363
8 8 0.735135
8 9 0.560078
8 10 0.541985
8 11 0.638394
8 12 0.500000
8 13 0.636522
9 2 0.582045
9 3 0.500000
9 4 0.699182
9 5 0.584680
9 6 0.622572
9 7 0.827399
9 8 0.560078
9 9 0.938498
9 10 0.559219
9 11 0.573438
9 12 0.500000
9 13 0.474628
9 14 0.500000
10 1 0.560424
10 2 0.532632
10 3 0.500000
10 4 0.561944
10 5 0.532692
10 6 0.530829
10 7 0.569827
10 8 0.541985
10 9 0.559219
10 10 0.521702
10 11 0.525098
10 12 0.500000
10 13 0.518890
10 14 0.500000
11 2 0.606104
11 3 0.500000
11 4 0.577479
11 5 0.622701
11 6 0.628961
11 7 0.741574
11 8 0.638394
11 9 0.573438
11 10 0.525098
11 11 0.591069
11 12 0.500000
11 13 0.582050
12 1 0.500000
12 2 0.500000
12 3 0.500000
12 4 0.500000
12 5 0.500000
12 6 0.500000
12 7 0.500000
12 8 0.500000
12 9 0.500000
12 10 0.500000
12 11 0.500000
12 12 0.500000
12 13 0.500000
12 14 0.500000
13 2 0.599948
13 3 0.500000
13 4 0.573244
13 5 0.634084
13 6 0.609243
13 7 0.683391
13 8 0.636522
13 9 0.474628
13 10 0.518890
13 11 0.582050
13 12 0.500000
13 13 0.687514
14 2 0.500000
14 3 0.500000
14 5 0.500000
14 6 0.500000
14 9 0.500000
14 10 0.500000
14 12 0.500000
14 14 0.500000
