1 2 0.737546
1 4 0.866641
1 5 0.806738
1 6 0.980688
1 7 0.746071
1 8 0.591140
1 9 0.783907
1 11 0.500000
1 13 0.747069
1 14 0.500000
2 1 0.737546
4 1 0.866641
4 14 0.500000
5 1 0.806738
6 1 0.980688
7 1 0.746071
7 14 0.500000
8 1 0.591140
8 14 0.500000
9 1 0.783907
11 1 0.500000
11 14 0.500000
13 1 0.747069
13 14 0.500000
14 1 0.500000
14 4 0.500000
14 7 0.500000
14 8 0.500000
14 11 0.500000
14 13 0.500000
1 1 0.915221
1 3 0.500000
1 10 0.600598
1 12 0.500000
2 2 0.615570
2 3 0.500000
2 4 0.692417
2 5 0.652378
2 6 0.850912
2 7 0.613297
2 8 0.534848
2 9 0.639698
2 10 0.539464
2 11 0.500000
2 12 0.500000
2 13 0.615835
2 14 0.500000
3 1 0.500000
3 2 0.500000
3 3 0.500000
3 4 0.500000
3 5 0.500000
3 6 0.500000
3 7 0.500000
3 8 0.500000
3 9 0.500000
3 10 0.500000
3 11 0.500000
3 12 0.500000
3 13 0.500000
3 14 0.500000
4 2 0.692417
4 3 0.500000
4 4 0.826458
4 5 0.758077
4 6 0.958852
4 7 0.694923
4 8 0.550844
4 9 0.731181
4 10 0.575275
4 11 0.500000
4 12 0.500000
4 13 0.696281
5 2 0.652378
5 3 0.500000
5 4 0.758077
5 5 0.717315
5 6 0.921344
5 7 0.661524
5 8 0.519163
5 9 0.684745
5 10 0.556164
5 11 0.500000
5 12 0.500000
5 13 0.656546
5 14 0.500000
6 2 0.850912
6 3 0.500000
6 4 0.958852
6 5 0.921344
6 6 0.999998
6 7 0.849803
6 8 0.814102
6 9 0.883780
6 10 0.602311
6 11 0.500000
6 12 0.500000
6 13 0.813600
6 14 0.500000
7 2 0.613297
7 3 0.500000
7 4 0.694923
7 5 0.661524
7 6 0.849803
7 7 0.635738
7 8 0.552255
7 9 0.641515
7 10 0.546844
7 11 0.500000
7 12 0.500000
7 13 0.623334
8 2 0.534848
8 3 0.500000
8 4 0.550844
8 5 0.519163
8 6 0.814102
8 7 0.552255
8 8 0.718595
8 9 0.536502
8 10 0.523845
8 11 0.500000
8 12 0.500000
8 13 0.527213
9 2 0.639698
9 3 0.500000
9 4 0.731181
9 5 0.684745
9 6 0.883780
9 7 0.641515
9 8 0.536502
9 9 0.680225
9 10 0.551979
9 11 0.500000
9 12 0.500000
9 13 0.643877
9 14 0.500000
10 1 0.600598
10 2 0.539464
10 3 0.500000
10 4 0.575275
10 5 0.556164
10 6 0.602311
10 7 0.546844
10 8 0.523845
10 9 0.551979
10 10 0.536067
10 11 0.500000
10 12 0.500000
10 13 0.548955
10 14 0.500000
11 2 0.500000
11 3 0.500000
11 4 0.500000
11 5 0.500000
11 6 0.500000
11 7 0.500000
11 8 0.500000
11 9 0.500000
11 10 0.500000
11 11 0.500000
11 12 0.500000
11 13 0.500000
12 1 0.500000
12 2 0.500000
12 3 0.500000
12 4 0.500000
12 5 0.500000
12 6 0.500000
12 7 0.500000
12 8 0.500000
12 9 0.500000
12 10 0.500000
12 11 0.500000
12 12 0.500000
12 13 0.500000
12 14 0.500000
13 2 0.615835
13 3 0.500000
13 4 0.696281
13 5 0.656546
13 6 0.813600
13 7 0.623334
13 8 0.527213
13 9 0.643877
13 10 0.548955
13 11 0.500000
13 12 0.500000
13 13 0.629531
14 2 0.500000
14 3 0.500000
14 5 0.500000
14 6 0.500000
14 9 0.500000
14 10 0.500000
14 12 0.500000
14 14 0.500000
