1 2 0.608712
1 4 0.773585
1 5 0.838659
1 6 0.568625
1 7 0.602568
1 8 0.589046
1 9 0.887701
1 11 0.591770
1 13 0.636585
1 14 0.500000
2 1 0.608712
4 1 0.773585
4 14 0.500000
5 1 0.838659
6 1 0.568625
7 1 0.602568
7 14 0.500000
8 1 0.589046
8 14 0.500000
9 1 0.887701
11 1 0.591770
11 14 0.500000
13 1 0.636585
13 14 0.500000
14 1 0.500000
14 4 0.500000
14 7 0.500000
14 8 0.500000
14 11 0.500000
14 13 0.500000
1 1 0.711206
1 3 0.500000
1 10 0.520619
1 12 0.500000
2 2 0.561978
2 3 0.500000
2 4 0.573635
2 5 0.669118
2 6 0.533893
2 7 0.552612
2 8 0.549535
2 9 0.712629
2 10 0.509028
2 11 0.546767
2 12 0.500000
2 13 0.565677
2 14 0.500000
3 1 0.500000
3 2 0.500000
3 3 0.500000
3 4 0.500000
3 5 0.500000
3 6 0.500000
3 7 0.500000
3 8 0.500000
3 9 0.500000
3 10 0.500000
3 11 0.500000
3 12 0.500000
3 13 0.500000
3 14 0.500000
4 2 0.573635
4 3 0.500000
4 4 0.998895
4 5 0.989422
4 6 0.676441
4 7 0.602214
4 8 0.598639
4 9 0.993119
4 10 0.532741
4 11 0.615147
4 12 0.500000
4 13 0.712917
5 2 0.669118
5 3 0.500000
5 4 0.989422
5 5 0.997963
5 6 0.719575
5 7 0.670038
5 8 0.659547
5 9 0.998841
5 10 0.551567
5 11 0.659206
5 12 0.500000
5 13 0.750078
5 14 0.500000
6 2 0.533893
6 3 0.500000
6 4 0.676441
6 5 0.719575
6 6 0.580724
6 7 0.530175
6 8 0.546980
6 9 0.722054
6 10 0.506051
6 11 0.528988
6 12 0.500000
6 13 0.538427
6 14 0.500000
7 2 0.552612
7 3 0.500000
7 4 0.602214
7 5 0.670038
7 6 0.530175
7 7 0.554649
7 8 0.541924
7 9 0.704930
7 10 0.509355
7 11 0.542061
7 12 0.500000
7 13 0.563565
8 2 0.549535
8 3 0.500000
8 4 0.598639
8 5 0.659547
8 6 0.546980
8 7 0.541924
8 8 0.559006
8 9 0.666841
8 10 0.505594
8 11 0.538038
8 12 0.500000
8 13 0.549496
9 2 0.712629
9 3 0.500000
9 4 0.993119
9 5 0.998841
9 6 0.722054
9 7 0.704930
9 8 0.666841
9 9 0.999879
9 10 0.576060
9 11 0.694930
9 12 0.500000
9 13 0.798227
9 14 0.500000
10 1 0.520619
10 2 0.509028
10 3 0.500000
10 4 0.532741
10 5 0.551567
10 6 0.506051
10 7 0.509355
10 8 0.505594
10 9 0.576060
10 10 0.503573
10 11 0.508407
10 12 0.500000
10 13 0.513822
10 14 0.500000
11 2 0.546767
11 3 0.500000
11 4 0.615147
11 5 0.659206
11 6 0.528988
11 7 0.542061
11 8 0.538038
11 9 0.694930
11 10 0.508407
11 11 0.539284
11 12 0.500000
11 13 0.557612
12 1 0.500000
12 2 0.500000
12 3 0.500000
12 4 0.500000
12 5 0.500000
12 6 0.500000
12 7 0.500000
12 8 0.500000
12 9 0.500000
12 10 0.500000
12 11 0.500000
12 12 0.500000
12 13 0.500000
12 14 0.500000
13 2 0.565677
13 3 0.500000
13 4 0.712917
13 5 0.750078
13 6 0.538427
13 7 0.563565
13 8 0.549496
13 9 0.798227
13 10 0.513822
13 11 0.557612
13 12 0.500000
13 13 0.590407
14 2 0.500000
14 3 0.500000
14 5 0.500000
14 6 0.500000
14 9 0.500000
14 10 0.500000
14 12 0.500000
14 14 0.500000
