1 2 0.564433
1 4 0.754112
1 5 0.617328
1 6 0.759269
1 7 0.584999
1 8 0.581663
1 9 0.635506
1 11 0.500000
1 13 0.514968
1 14 0.500000
2 1 0.564433
4 1 0.754112
4 14 0.500000
5 1 0.617328
6 1 0.759269
7 1 0.584999
7 14 0.500000
8 1 0.581663
8 14 0.500000
9 1 0.635506
11 1 0.500000
11 14 0.500000
13 1 0.514968
13 14 0.500000
14 1 0.500000
14 4 0.500000
14 7 0.500000
14 8 0.500000
14 11 0.500000
14 13 0.500000
1 1 0.677052
1 3 0.500000
1 10 0.530826
1 12 0.500000
2 2 0.535273
2 3 0.500000
2 4 0.546273
2 5 0.541921
2 6 0.602363
2 7 0.527139
2 8 0.527686
2 9 0.534987
2 10 0.507537
2 11 0.500000
2 12 0.500000
2 13 0.493027
2 14 0.500000
3 1 0.500000
3 2 0.500000
3 3 0.500000
3 4 0.500000
3 5 0.500000
3 6 0.500000
3 7 0.500000
3 8 0.500000
3 9 0.500000
3 10 0.500000
3 11 0.500000
3 12 0.500000
3 13 0.500000
3 14 0.500000
4 2 0.546273
4 3 0.500000
4 4 0.996480
4 5 0.638887
4 6 0.949836
4 7 0.659215
4 8 0.656487
4 9 0.777719
4 10 0.569506
4 11 0.500000
4 12 0.500000
4 13 0.662612
5 2 0.541921
5 3 0.500000
5 4 0.638887
5 5 0.593940
5 6 0.658686
5 7 0.557711
5 8 0.550573
5 9 0.580926
5 10 0.516327
5 11 0.500000
5 12 0.500000
5 13 0.494225
5 14 0.500000
6 2 0.602363
6 3 0.500000
6 4 0.949836
6 5 0.658686
6 6 0.976913
6 7 0.633516
6 8 0.627694
6 9 0.716119
6 10 0.562700
6 11 0.500000
6 12 0.500000
6 13 0.498230
6 14 0.500000
7 2 0.527139
7 3 0.500000
7 4 0.659215
7 5 0.557711
7 6 0.633516
7 7 0.559156
7 8 0.530032
7 9 0.573176
7 10 0.516306
7 11 0.500000
7 12 0.500000
7 13 0.520379
8 2 0.527686
8 3 0.500000
8 4 0.656487
8 5 0.550573
8 6 0.627694
8 7 0.530032
8 8 0.547135
8 9 0.563433
8 10 0.511717
8 11 0.500000
8 12 0.500000
8 13 0.518599
9 2 0.534987
9 3 0.500000
9 4 0.777719
9 5 0.580926
9 6 0.716119
9 7 0.573176
9 8 0.563433
9 9 0.634106
9 10 0.532365
9 11 0.500000
9 12 0.500000
9 13 0.549380
9 14 0.500000
10 1 0.530826
10 2 0.507537
10 3 0.500000
10 4 0.569506
10 5 0.516327
10 6 0.562700
10 7 0.516306
10 8 0.511717
10 9 0.532365
10 10 0.510484
10 11 0.500000
10 12 0.500000
10 13 0.501380
10 14 0.500000
11 2 0.500000
11 3 0.500000
11 4 0.500000
11 5 0.500000
11 6 0.500000
11 7 0.500000
11 8 0.500000
11 9 0.500000
11 10 0.500000
11 11 0.500000
11 12 0.500000
11 13 0.500000
12 1 0.500000
12 2 0.500000
12 3 0.500000
12 4 0.500000
12 5 0.500000
12 6 0.500000
12 7 0.500000
12 8 0.500000
12 9 0.500000
12 10 0.500000
12 11 0.500000
12 12 0.500000
12 13 0.500000
12 14 0.500000
13 2 0.493027
13 3 0.500000
13 4 0.662612
13 5 0.494225
13 6 0.498230
13 7 0.520379
13 8 0.518599
13 9 0.549380
13 10 0.501380
13 11 0.500000
13 12 0.500000
13 13 0.638423
14 2 0.500000
14 3 0.500000
14 5 0.500000
14 6 0.500000
14 9 0.500000
14 10 0.500000
14 12 0.500000
14 14 0.500000
