1.530891
2.643182
1.730774
2.161612
3.831779
1.735104
2.043747
2.366188
2.344356
2.668614
2.551635
2.722273
2.298805
2.137156
1.802275
2.535355
1.915029
2.408894
2.559652
1.682775
1.474725
1.624853
2.768098
2.821494
3.224425
2.576179
2.682537
1.504226
1.955110
1.670596
1.753533
2.565776
1.649876
2.060414
3.047929
1.822414
2.547214
1.262149
1.699823
3.438376
1.562455
1.709777
2.242607
2.479609
1.812368
1.616068
3.836507
1.890334
2.376373
3.148965
1.779847
1.394806
1.494021
2.430352
2.552580
3.333376
2.327829
1.991023
1.351451
2.836681
2.834072
2.834402
4.237180
3.970939
1.716269
2.216848
1.576889
1.592488
3.482888
2.647081
3.771681
1.995930
1.269481
2.486973
1.852851
2.678249
1.574129
3.131611
2.232837
2.465438
1.234109
2.039146
2.634420
2.328866
2.536231
2.299361
2.365959
6.341727
2.499115
1.530152
1.816366
1.718022
1.692009
5.882522
1.918199
1.398641
1.498573
2.305430
1.794686
1.711778
2.555127
2.774806
2.197578
1.515879
2.604713
1.471137
2.742513
2.470533
2.217971
1.717977
2.067473
1.927157
1.883237
1.259849
2.255126
1.803579
1.866195
2.317713
1.486971
2.788539
1.700654
2.452424
1.897592
4.914778
1.777010
1.572487
1.951883
3.005695
2.028112
2.227320
2.871006
2.627455
1.769401
2.975875
2.148126
1.827021
2.392051
2.311094
3.880604
3.279458
1.604960
1.897450
1.914943
2.217220
3.385813
1.911667
1.605422
4.434225
1.975704
2.692391
2.125588
3.249895
1.849900
1.863560
2.235287
1.903048
3.325444
2.334859
3.615679
2.254495
2.734457
1.803576
1.462608
3.062119
2.119277
1.762989
2.042174
2.178273
3.293755
2.706816
1.997200
2.469024
2.103533
2.043935
1.218589
2.442076
1.761793
2.052343
2.854223
2.071270
2.283319
1.731480
3.206656
1.829541
2.270436
1.244502
3.589582
2.605440
3.222334
4.243490
1.600959
2.551916
2.228853
2.199967
2.544493
1.803139
2.478366
2.288347
1.360097
1.729803
1.496640
3.409931
