1.733115
2.076766
2.936509
1.258206
1.775847
3.363434
2.547942
3.639652
2.334599
2.119859
1.828023
1.576256
2.651438
2.180010
1.369597
3.093794
1.628345
1.940908
2.216956
2.104301
2.637879
2.687916
4.640143
1.743923
1.454504
2.309515
2.878957
1.939706
1.471942
2.978688
2.205099
1.511417
2.138051
1.768888
1.499764
2.050023
1.445633
1.999389
1.361409
2.104476
0.933717
1.379046
1.745651
2.625258
1.739545
1.655062
4.886931
1.295090
1.444272
1.827334
1.095526
1.762591
3.166813
1.238359
1.634951
2.362044
2.416711
2.638367
1.983666
2.500445
1.599117
1.149727
2.206539
2.699516
1.680660
1.336994
3.101231
3.368034
1.394416
6.017590
1.444132
1.224383
2.097951
1.669581
1.616766
1.891497
1.739850
1.769242
1.531365
3.040366
3.852604
2.536183
2.304114
1.978534
2.500387
2.790042
2.028392
2.486494
1.785588
3.099916
2.395291
1.834033
1.797154
1.117709
1.618988
2.367189
1.906235
1.614769
2.888204
1.581724
3.496153
1.539158
2.551092
1.740597
1.979539
2.489826
2.405926
3.532972
2.720566
1.759417
2.074224
1.522686
1.884652
2.123403
1.941519
1.195941
1.603105
1.838585
1.556070
1.355092
1.674356
1.982407
1.825270
2.369529
1.545189
2.062400
1.379796
1.675270
2.569414
1.650418
2.359187
1.397636
3.776216
3.245341
0.957942
1.097717
2.005207
1.212270
1.416017
1.791041
2.199734
2.495076
1.464885
1.947534
1.400591
1.223484
2.819728
1.510621
1.911278
2.039140
2.874007
2.043133
1.649864
1.995892
1.339940
2.130244
2.931826
2.265108
2.189607
