2.139483
2.140669
2.476639
0.976936
1.156128
1.018020
2.919700
1.139216
2.803057
1.585848
1.296709
1.404296
1.315134
1.581742
1.010709
1.001708
1.311470
2.072470
1.520687
0.954710
1.835923
0.975933
2.036035
0.979943
1.510448
1.759304
0.849769
1.494518
1.658893
1.263780
0.906568
0.685339
0.976773
1.704843
1.663582
1.453170
1.528956
1.475401
1.153360
2.842178
1.518391
1.303922
1.648119
1.358843
0.977171
1.245054
2.313903
1.634130
3.502088
1.753256
1.390147
1.057819
2.204461
1.050149
1.831866
2.168427
1.346737
1.153626
1.389599
1.233664
1.195757
1.566087
2.417551
0.968734
1.067410
1.088107
1.730530
1.685197
2.054579
0.993411
1.897192
1.334452
1.309996
1.232577
1.017596
1.417051
1.267653
2.318657
1.971645
1.125145
2.800032
2.216711
2.039898
2.890162
2.094208
0.921946
1.985021
2.183739
1.736992
1.416933
2.246065
1.490746
1.197270
2.461221
2.197943
1.877627
0.902833
1.813478
0.888200
1.697304
1.623485
1.746294
1.348832
2.014911
1.504455
1.208395
1.939326
1.721976
1.504847
2.661150
3.324467
0.971807
1.001021
1.129978
2.930882
3.022661
0.902477
1.075505
1.908991
1.401077
1.856304
3.003512
3.380286
1.293469
0.966882
2.252562
1.341682
2.051102
1.637308
1.561825
2.243005
1.250904
1.281896
1.129399
1.695229
2.064025
1.550362
2.030591
1.013541
1.968726
1.878667
1.294916
1.558909
2.749429
2.251569
1.458741
1.191329
1.719849
1.466373
0.736381
2.113307
1.087049
0.888473
1.205336
1.416098
1.006184
2.935553
0.908475
1.977170
1.236484
1.039549
1.930073
1.190978
1.470054
1.489070
1.973982
1.703721
1.473999
2.043481
2.255213
2.828063
1.573182
1.414602
1.125011
1.234796
2.415443
1.537274
1.914599
1.377050
0.996153
0.769126
2.831088
1.838112
1.645754
1.220438
1.747866
1.086464
1.279679
1.074401
1.260414
2.312077
1.585843
1.986941
1.352206
1.871369
1.225065
1.316454
1.625538
1.753100
1.564328
2.287709
1.394823
1.792282
1.635799
1.468755
2.019758
1.087932
1.781717
1.482922
1.349030
1.005433
1.528752
2.463879
1.946928
0.880310
1.848487
1.572370
1.537088
2.127306
3.312939
1.775823
1.211333
2.902816
1.283196
1.838727
1.070158
1.061625
1.357758
1.060644
0.943334
1.170718
1.822171
1.053504
1.774706
1.731593
1.164724
1.563772
1.925221
1.797309
1.239685
1.923526
1.375859
1.252591
