2.453740
3.043435
2.538735
1.438585
2.830188
3.099800
1.850970
1.433156
1.666951
4.406885
1.190209
1.527987
5.216417
1.038835
2.534039
2.401980
1.623694
1.627013
2.779616
0.964657
2.073339
2.475911
1.884759
2.224993
1.634627
3.400728
1.321502
1.611002
3.013573
2.843427
2.514535
3.263664
1.371767
2.847922
1.816126
2.304116
2.580892
2.570043
2.282605
1.670995
1.482224
2.942789
2.076664
2.715437
2.509220
1.129714
1.829912
1.799121
2.707549
2.883841
1.525334
1.845435
1.835426
1.982955
1.589690
1.641200
1.872609
1.725489
1.315012
2.328017
2.355621
1.629992
2.277084
3.081498
1.132072
1.805271
2.241824
2.881171
1.783670
2.641333
3.055951
2.063659
2.546849
1.570293
2.484188
1.885548
2.379798
1.927933
1.078188
3.591836
2.486528
1.991618
1.806487
1.284317
2.209795
1.750064
1.362430
3.566622
1.781495
1.915600
2.772958
1.644181
3.420287
1.849760
6.132768
2.463485
3.530790
2.199153
3.243066
2.409216
1.941735
3.349582
2.653385
1.239668
4.533355
3.661302
2.512670
1.375859
1.619386
1.096849
2.352579
1.974610
3.232612
1.154790
2.139886
1.895349
1.624318
1.360236
2.110235
1.403282
1.313479
1.011939
1.526535
1.675550
1.862147
1.330870
1.277807
1.265190
2.677927
1.816770
2.071295
1.304059
1.816509
1.779972
2.162520
1.719227
1.636943
2.424206
2.610842
1.275897
1.297060
2.316909
4.990426
1.232503
1.281021
2.566386
1.875843
1.975810
1.521624
1.069678
2.296615
1.964147
1.617762
2.574760
1.631462
4.101972
2.451036
2.155910
1.853078
1.693422
2.050624
2.509213
1.404391
1.461387
1.401584
1.665731
1.920842
1.039517
2.167053
1.727871
3.856800
2.207790
1.836237
0.990315
1.596980
2.093493
1.826310
1.253482
1.590316
1.917377
2.537941
2.292602
3.240950
1.038336
2.190274
2.074090
2.052434
1.281504
2.975312
1.452050
2.300292
2.708809
1.536947
2.606659
1.541166
2.763501
1.229579
1.660922
1.268888
1.721333
1.294944
1.468037
2.258678
1.368778
1.886006
1.760157
1.057367
1.546777
1.744736
1.797570
3.562361
2.698876
1.261821
1.841955
2.236558
1.960622
1.190949
1.682547
1.278023
1.846020
1.499725
1.400770
2.471779
2.044744
1.297107
1.218450
1.640183
1.835442
2.200059
1.709266
1.108520
3.505177
2.814741
1.179926
2.435620
2.498196
1.707195
1.684770
1.344007
1.590398
1.097929
1.930235
2.522368
1.471134
1.683241
1.096850
1.834298
4.518362
1.252126
1.676393
2.224859
1.596818
1.909985
2.385919
1.650839
1.032477
2.706625
1.092856
2.373780
1.477654
2.870607
1.225274
2.171965
1.993205
0.994763
1.610558
1.847690
2.252359
1.758887
1.407523
1.378552
3.144898
1.616149
2.074559
2.442432
1.243998
2.344123
1.669775
3.483021
1.689653
2.555319
1.835553
1.438509
1.621733
1.919252
1.461903
1.584974
1.628593
2.411829
1.835422
1.133050
2.036737
2.115675
1.096027
1.978720
2.598283
0.915719
1.688932
0.951747
3.054255
3.087104
1.644843
1.158190
1.630756
1.738961
1.143683
2.191899
1.751597
0.915445
1.889515
1.477817
2.208060
1.777881
2.083089
1.749488
1.457946
1.153936
2.350305
1.703242
1.004235
2.388809
1.439384
2.066514
2.104192
2.317063
1.924042
1.961653
1.855311
1.232437
1.153944
1.899546
3.146328
2.748901
1.860315
2.387274
2.270889
1.715103
0.958956
1.798730
1.609656
2.164803
1.994108
2.386134
3.123582
1.201665
1.095257
1.579500
1.559011
1.883006
2.273095
1.696761
0.904511
1.034759
2.070760
1.557856
1.236394
2.132472
2.102720
2.619421
2.060277
1.202848
1.939781
1.979734
1.440137
1.955598
2.539773
1.134977
1.930944
3.541183
1.113998
1.303006
1.641549
1.766038
1.617340
2.183531
1.682114
1.095534
0.859985
2.058773
1.927528
0.976657
1.411768
3.187750
1.125893
1.037515
2.046094
1.596138
1.503431
2.479379
2.264397
2.584928
1.301137
1.332577
1.310764
1.487296
1.862923
1.221372
1.618013
1.603342
1.232207
1.265978
2.990278
2.219352
1.607286
1.647841
1.468354
1.268853
2.094740
1.972161
1.436250
1.033800
1.782367
1.218384
1.628771
1.540335
2.791663
1.717083
2.134962
2.077988
1.345901
1.695819
3.205153
3.110052
2.960958
1.394602
