2.380082
2.034556
1.562264
1.614535
1.796175
2.839145
2.394350
1.676372
1.412983
2.682084
1.869468
3.050454
2.943518
1.674258
2.586397
1.771338
1.428343
3.798903
3.438619
2.580646
2.316012
1.603820
2.624674
2.178868
4.460979
4.149278
2.587570
2.308290
1.520088
2.648277
2.244104
3.383713
2.849010
1.609307
1.682963
1.530990
3.573786
2.223530
1.492558
3.054589
1.746727
2.128445
1.462277
1.624443
1.904394
1.806095
1.853136
3.470994
2.862713
2.249852
2.286909
2.042040
4.387964
2.009285
2.105773
2.443861
1.841648
2.553562
2.047914
3.306710
1.174360
2.935580
2.169401
1.349827
1.476390
1.898325
2.252071
1.230117
3.816885
3.961123
1.640057
3.574184
2.210285
1.000826
1.473583
1.997251
1.419315
2.020615
3.194374
1.346760
2.234827
2.415649
2.665193
1.465346
1.225816
2.888024
1.542958
2.226990
2.033241
3.220476
1.544733
1.833194
2.521148
2.052945
2.815219
3.316198
1.015658
1.132065
1.196648
2.251849
2.167968
1.657592
2.547271
1.386708
2.367573
2.143450
1.860892
3.133871
1.512314
3.189642
1.500631
1.540116
1.986383
1.917427
3.305537
2.012655
1.219590
2.083982
1.176192
2.632294
2.728711
2.230802
6.094577
1.778258
1.591847
1.846943
