1 2 0.677480
1 4 0.640329
1 5 0.755558
1 6 0.811264
1 7 0.775300
1 8 0.533139
1 9 0.692879
1 11 0.500000
1 13 0.541214
1 14 0.500000
2 1 0.677480
4 1 0.640329
4 14 0.500000
5 1 0.755558
6 1 0.811264
7 1 0.775300
7 14 0.500000
8 1 0.533139
8 14 0.500000
9 1 0.692879
11 1 0.500000
11 14 0.500000
13 1 0.541214
13 14 0.500000
14 1 0.500000
14 4 0.500000
14 7 0.500000
14 8 0.500000
14 11 0.500000
14 13 0.500000
1 1 0.832190
1 3 0.500000
1 10 0.517005
1 12 0.500000
2 2 0.595363
2 3 0.500000
2 4 0.568768
2 5 0.625895
2 6 0.671087
2 7 0.604643
2 8 0.484483
2 9 0.600791
2 10 0.508633
2 11 0.500000
2 12 0.500000
2 13 0.524291
2 14 0.500000
3 1 0.500000
3 2 0.500000
3 3 0.500000
3 4 0.500000
3 5 0.500000
3 6 0.500000
3 7 0.500000
3 8 0.500000
3 9 0.500000
3 10 0.500000
3 11 0.500000
3 12 0.500000
3 13 0.500000
3 14 0.500000
4 2 0.568768
4 3 0.500000
4 4 0.581452
4 5 0.601749
4 6 0.618117
4 7 0.598447
4 8 0.504819
4 9 0.564041
4 10 0.507895
4 11 0.500000
4 12 0.500000
4 13 0.510431
5 2 0.625895
5 3 0.500000
5 4 0.601749
5 5 0.711745
5 6 0.738347
5 7 0.726188
5 8 0.555841
5 9 0.640121
5 10 0.512732
5 11 0.500000
5 12 0.500000
5 13 0.520837
5 14 0.500000
6 2 0.671087
6 3 0.500000
6 4 0.618117
6 5 0.738347
6 6 0.808968
6 7 0.729149
6 8 0.485646
6 9 0.685720
6 10 0.514566
6 11 0.500000
6 12 0.500000
6 13 0.548437
6 14 0.500000
7 2 0.604643
7 3 0.500000
7 4 0.598447
7 5 0.726188
7 6 0.729149
7 7 0.914075
7 8 0.718477
7 9 0.629015
7 10 0.527139
7 11 0.500000
7 12 0.500000
7 13 0.558730
8 2 0.484483
8 3 0.500000
8 4 0.504819
8 5 0.555841
8 6 0.485646
8 7 0.718477
8 8 0.782624
8 9 0.484406
8 10 0.491513
8 11 0.500000
8 12 0.500000
8 13 0.468574
9 2 0.600791
9 3 0.500000
9 4 0.564041
9 5 0.640121
9 6 0.685720
9 7 0.629015
9 8 0.484406
9 9 0.619509
9 10 0.510811
9 11 0.500000
9 12 0.500000
9 13 0.523494
9 14 0.500000
10 1 0.517005
10 2 0.508633
10 3 0.500000
10 4 0.507895
10 5 0.512732
10 6 0.514566
10 7 0.527139
10 8 0.491513
10 9 0.510811
10 10 0.507584
10 11 0.500000
10 12 0.500000
10 13 0.509596
10 14 0.500000
11 2 0.500000
11 3 0.500000
11 4 0.500000
11 5 0.500000
11 6 0.500000
11 7 0.500000
11 8 0.500000
11 9 0.500000
11 10 0.500000
11 11 0.500000
11 12 0.500000
11 13 0.500000
12 1 0.500000
12 2 0.500000
12 3 0.500000
12 4 0.500000
12 5 0.500000
12 6 0.500000
12 7 0.500000
12 8 0.500000
12 9 0.500000
12 10 0.500000
12 11 0.500000
12 12 0.500000
12 13 0.500000
12 14 0.500000
13 2 0.524291
13 3 0.500000
13 4 0.510431
13 5 0.520837
13 6 0.548437
13 7 0.558730
13 8 0.468574
13 9 0.523494
13 10 0.509596
13 11 0.500000
13 12 0.500000
13 13 0.545042
14 2 0.500000
14 3 0.500000
14 5 0.500000
14 6 0.500000
14 9 0.500000
14 10 0.500000
14 12 0.500000
14 14 0.500000
