1 2 0.594589
1 4 0.709416
1 5 0.686990
1 6 0.820512
1 7 0.673753
1 8 0.635196
1 9 0.602546
1 11 0.591343
1 13 0.582654
1 14 0.500000
2 1 0.594589
4 1 0.709416
4 14 0.500000
5 1 0.686990
6 1 0.820512
7 1 0.673753
7 14 0.500000
8 1 0.635196
8 14 0.500000
9 1 0.602546
11 1 0.591343
11 14 0.500000
13 1 0.582654
13 14 0.500000
14 1 0.500000
14 4 0.500000
14 7 0.500000
14 8 0.500000
14 11 0.500000
14 13 0.500000
1 1 0.741129
1 3 0.500000
1 10 0.527572
1 12 0.500000
2 2 0.539814
2 3 0.500000
2 4 0.585397
2 5 0.566867
2 6 0.657083
2 7 0.571597
2 8 0.552717
2 9 0.540775
2 10 0.509441
2 11 0.535850
2 12 0.500000
2 13 0.528333
2 14 0.500000
3 1 0.500000
3 2 0.500000
3 3 0.500000
3 4 0.500000
3 5 0.500000
3 6 0.500000
3 7 0.500000
3 8 0.500000
3 9 0.500000
3 10 0.500000
3 11 0.500000
3 12 0.500000
3 13 0.500000
3 14 0.500000
4 2 0.585397
4 3 0.500000
4 4 0.708752
4 5 0.587217
4 6 0.837793
4 7 0.647465
4 8 0.609689
4 9 0.588147
4 10 0.515230
4 11 0.580636
4 12 0.500000
4 13 0.560436
5 2 0.566867
5 3 0.500000
5 4 0.587217
5 5 0.891990
5 6 0.662918
5 7 0.637740
5 8 0.604649
5 9 0.601919
5 10 0.530892
5 11 0.560484
5 12 0.500000
5 13 0.592468
5 14 0.500000
6 2 0.657083
6 3 0.500000
6 4 0.837793
6 5 0.662918
6 6 0.999979
6 7 0.703790
6 8 0.686226
6 9 0.593074
6 10 0.513910
6 11 0.621749
6 12 0.500000
6 13 0.751686
6 14 0.500000
7 2 0.571597
7 3 0.500000
7 4 0.647465
7 5 0.637740
7 6 0.703790
7 7 0.652200
7 8 0.588573
7 9 0.573951
7 10 0.518840
7 11 0.565922
7 12 0.500000
7 13 0.541020
8 2 0.552717
8 3 0.500000
8 4 0.609689
8 5 0.604649
8 6 0.686226
8 7 0.588573
8 8 0.586710
8 9 0.556209
8 10 0.517561
8 11 0.551208
8 12 0.500000
8 13 0.544626
9 2 0.540775
9 3 0.500000
9 4 0.588147
9 5 0.601919
9 6 0.593074
9 7 0.573951
9 8 0.556209
9 9 0.555203
9 10 0.508540
9 11 0.539653
9 12 0.500000
9 13 0.520421
9 14 0.500000
10 1 0.527572
10 2 0.509441
10 3 0.500000
10 4 0.515230
10 5 0.530892
10 6 0.513910
10 7 0.518840
10 8 0.517561
10 9 0.508540
10 10 0.513293
10 11 0.507616
10 12 0.500000
10 13 0.524449
10 14 0.500000
11 2 0.535850
11 3 0.500000
11 4 0.580636
11 5 0.560484
11 6 0.621749
11 7 0.565922
11 8 0.551208
11 9 0.539653
11 10 0.507616
11 11 0.534884
11 12 0.500000
11 13 0.520389
12 1 0.500000
12 2 0.500000
12 3 0.500000
12 4 0.500000
12 5 0.500000
12 6 0.500000
12 7 0.500000
12 8 0.500000
12 9 0.500000
12 10 0.500000
12 11 0.500000
12 12 0.500000
12 13 0.500000
12 14 0.500000
13 2 0.528333
13 3 0.500000
13 4 0.560436
13 5 0.592468
13 6 0.751686
13 7 0.541020
13 8 0.544626
13 9 0.520421
13 10 0.524449
13 11 0.520389
13 12 0.500000
13 13 0.603173
14 2 0.500000
14 3 0.500000
14 5 0.500000
14 6 0.500000
14 9 0.500000
14 10 0.500000
14 12 0.500000
14 14 0.500000
