1 2 0.640713
1 4 0.689263
1 5 0.758152
1 6 0.931791
1 7 0.675521
1 8 0.630658
1 9 0.470852
1 11 0.500000
1 13 0.654851
1 14 0.500000
2 1 0.640713
4 1 0.689263
4 14 0.500000
5 1 0.758152
6 1 0.931791
7 1 0.675521
7 14 0.500000
8 1 0.630658
8 14 0.500000
9 1 0.470852
11 1 0.500000
11 14 0.500000
13 1 0.654851
13 14 0.500000
14 1 0.500000
14 4 0.500000
14 7 0.500000
14 8 0.500000
14 11 0.500000
14 13 0.500000
1 1 0.765809
1 3 0.500000
1 10 0.519227
1 12 0.500000
2 2 0.573017
2 3 0.500000
2 4 0.596455
2 5 0.646177
2 6 0.731811
2 7 0.582522
2 8 0.563237
2 9 0.485789
2 10 0.506791
2 11 0.500000
2 12 0.500000
2 13 0.576657
2 14 0.500000
3 1 0.500000
3 2 0.500000
3 3 0.500000
3 4 0.500000
3 5 0.500000
3 6 0.500000
3 7 0.500000
3 8 0.500000
3 9 0.500000
3 10 0.500000
3 11 0.500000
3 12 0.500000
3 13 0.500000
3 14 0.500000
4 2 0.596455
4 3 0.500000
4 4 0.669389
4 5 0.670293
4 6 0.831435
4 7 0.608837
4 8 0.584637
4 9 0.464193
4 10 0.513647
4 11 0.500000
4 12 0.500000
4 13 0.599344
5 2 0.646177
5 3 0.500000
5 4 0.670293
5 5 0.952056
5 6 0.895535
5 7 0.652099
5 8 0.614678
5 9 0.500493
5 10 0.540079
5 11 0.500000
5 12 0.500000
5 13 0.642219
5 14 0.500000
6 2 0.731811
6 3 0.500000
6 4 0.831435
6 5 0.895535
6 6 1.000000
6 7 0.911832
6 8 0.817673
6 9 0.369688
6 10 0.621875
6 11 0.500000
6 12 0.500000
6 13 0.843839
6 14 0.500000
7 2 0.582522
7 3 0.500000
7 4 0.608837
7 5 0.652099
7 6 0.911832
7 7 0.633498
7 8 0.588453
7 9 0.474785
7 10 0.516959
7 11 0.500000
7 12 0.500000
7 13 0.604001
8 2 0.563237
8 3 0.500000
8 4 0.584637
8 5 0.614678
8 6 0.817673
8 7 0.588453
8 8 0.569789
8 9 0.485161
8 10 0.508463
8 11 0.500000
8 12 0.500000
8 13 0.575783
9 2 0.485789
9 3 0.500000
9 4 0.464193
9 5 0.500493
9 6 0.369688
9 7 0.474785
9 8 0.485161
9 9 0.686086
9 10 0.504719
9 11 0.500000
9 12 0.500000
9 13 0.467225
9 14 0.500000
10 1 0.519227
10 2 0.506791
10 3 0.500000
10 4 0.513647
10 5 0.540079
10 6 0.621875
10 7 0.516959
10 8 0.508463
10 9 0.504719
10 10 0.510219
10 11 0.500000
10 12 0.500000
10 13 0.511199
10 14 0.500000
11 2 0.500000
11 3 0.500000
11 4 0.500000
11 5 0.500000
11 6 0.500000
11 7 0.500000
11 8 0.500000
11 9 0.500000
11 10 0.500000
11 11 0.500000
11 12 0.500000
11 13 0.500000
12 1 0.500000
12 2 0.500000
12 3 0.500000
12 4 0.500000
12 5 0.500000
12 6 0.500000
12 7 0.500000
12 8 0.500000
12 9 0.500000
12 10 0.500000
12 11 0.500000
12 12 0.500000
12 13 0.500000
12 14 0.500000
13 2 0.576657
13 3 0.500000
13 4 0.599344
13 5 0.642219
13 6 0.843839
13 7 0.604001
13 8 0.575783
13 9 0.467225
13 10 0.511199
13 11 0.500000
13 12 0.500000
13 13 0.595320
14 2 0.500000
14 3 0.500000
14 5 0.500000
14 6 0.500000
14 9 0.500000
14 10 0.500000
14 12 0.500000
14 14 0.500000
