1 2 0.546739
1 4 0.556100
1 5 0.596945
1 6 0.612708
1 7 0.541526
1 8 0.538894
1 9 0.575076
1 11 0.542059
1 13 0.545509
1 14 0.500000
2 1 0.546739
4 1 0.556100
4 14 0.500000
5 1 0.596945
6 1 0.612708
7 1 0.541526
7 14 0.500000
8 1 0.538894
8 14 0.500000
9 1 0.575076
11 1 0.542059
11 14 0.500000
13 1 0.545509
13 14 0.500000
14 1 0.500000
14 4 0.500000
14 7 0.500000
14 8 0.500000
14 11 0.500000
14 13 0.500000
1 1 0.609769
1 3 0.500000
1 10 0.508671
1 12 0.500000
2 2 0.526942
2 3 0.500000
2 4 0.525463
2 5 0.537979
2 6 0.516558
2 7 0.524130
2 8 0.519844
2 9 0.521591
2 10 0.497627
2 11 0.520218
2 12 0.500000
2 13 0.519630
2 14 0.500000
3 1 0.500000
3 2 0.500000
3 3 0.500000
3 4 0.500000
3 5 0.500000
3 6 0.500000
3 7 0.500000
3 8 0.500000
3 9 0.500000
3 10 0.500000
3 11 0.500000
3 12 0.500000
3 13 0.500000
3 14 0.500000
4 2 0.525463
4 3 0.500000
4 4 0.563906
4 5 0.548621
4 6 0.501141
4 7 0.535130
4 8 0.528117
4 9 0.566639
4 10 0.500533
4 11 0.521802
4 12 0.500000
4 13 0.519310
5 2 0.537979
5 3 0.500000
5 4 0.548621
5 5 0.601172
5 6 0.571623
5 7 0.537877
5 8 0.525860
5 9 0.593144
5 10 0.510286
5 11 0.534741
5 12 0.500000
5 13 0.536673
5 14 0.500000
6 2 0.516558
6 3 0.500000
6 4 0.501141
6 5 0.571623
6 6 0.956962
6 7 0.522153
6 8 0.514414
6 9 0.361766
6 10 0.546912
6 11 0.538333
6 12 0.500000
6 13 0.585910
6 14 0.500000
7 2 0.524130
7 3 0.500000
7 4 0.535130
7 5 0.537877
7 6 0.522153
7 7 0.550740
7 8 0.523112
7 9 0.529571
7 10 0.497656
7 11 0.515952
7 12 0.500000
7 13 0.524572
8 2 0.519844
8 3 0.500000
8 4 0.528117
8 5 0.525860
8 6 0.514414
8 7 0.523112
8 8 0.544194
8 9 0.552548
8 10 0.500468
8 11 0.515369
8 12 0.500000
8 13 0.520958
9 2 0.521591
9 3 0.500000
9 4 0.566639
9 5 0.593144
9 6 0.361766
9 7 0.529571
9 8 0.552548
9 9 0.839298
9 10 0.509436
9 11 0.519576
9 12 0.500000
9 13 0.523013
9 14 0.500000
10 1 0.508671
10 2 0.497627
10 3 0.500000
10 4 0.500533
10 5 0.510286
10 6 0.546912
10 7 0.497656
10 8 0.500468
10 9 0.509436
10 10 0.516230
10 11 0.500758
10 12 0.500000
10 13 0.504277
10 14 0.500000
11 2 0.520218
11 3 0.500000
11 4 0.521802
11 5 0.534741
11 6 0.538333
11 7 0.515952
11 8 0.515369
11 9 0.519576
11 10 0.500758
11 11 0.517645
11 12 0.500000
11 13 0.517715
12 1 0.500000
12 2 0.500000
12 3 0.500000
12 4 0.500000
12 5 0.500000
12 6 0.500000
12 7 0.500000
12 8 0.500000
12 9 0.500000
12 10 0.500000
12 11 0.500000
12 12 0.500000
12 13 0.500000
12 14 0.500000
13 2 0.519630
13 3 0.500000
13 4 0.519310
13 5 0.536673
13 6 0.585910
13 7 0.524572
13 8 0.520958
13 9 0.523013
13 10 0.504277
13 11 0.517715
13 12 0.500000
13 13 0.526244
14 2 0.500000
14 3 0.500000
14 5 0.500000
14 6 0.500000
14 9 0.500000
14 10 0.500000
14 12 0.500000
14 14 0.500000
