1 2 0.674428
1 4 0.668083
1 5 0.690080
1 6 0.684532
1 7 0.612636
1 8 0.639631
1 9 0.655211
1 11 0.500000
1 13 0.596812
1 14 0.500000
2 1 0.674428
4 1 0.668083
4 14 0.500000
5 1 0.690080
6 1 0.684532
7 1 0.612636
7 14 0.500000
8 1 0.639631
8 14 0.500000
9 1 0.655211
11 1 0.500000
11 14 0.500000
13 1 0.596812
13 14 0.500000
14 1 0.500000
14 4 0.500000
14 7 0.500000
14 8 0.500000
14 11 0.500000
14 13 0.500000
1 1 0.835710
1 3 0.500000
1 10 0.541816
1 12 0.500000
2 2 0.680450
2 3 0.500000
2 4 0.499859
2 5 0.620959
2 6 0.564603
2 7 0.533490
2 8 0.567742
2 9 0.570896
2 10 0.502344
2 11 0.500000
2 12 0.500000
2 13 0.532318
2 14 0.500000
3 1 0.500000
3 2 0.500000
3 3 0.500000
3 4 0.500000
3 5 0.500000
3 6 0.500000
3 7 0.500000
3 8 0.500000
3 9 0.500000
3 10 0.500000
3 11 0.500000
3 12 0.500000
3 13 0.500000
3 14 0.500000
4 2 0.499859
4 3 0.500000
4 4 0.673707
4 5 0.555307
4 6 0.589442
4 7 0.562890
4 8 0.562501
4 9 0.561141
4 10 0.529852
4 11 0.500000
4 12 0.500000
4 13 0.551538
5 2 0.620959
5 3 0.500000
5 4 0.555307
5 5 0.643044
5 6 0.575338
5 7 0.551802
5 8 0.575383
5 9 0.586137
5 10 0.514545
5 11 0.500000
5 12 0.500000
5 13 0.551924
5 14 0.500000
6 2 0.564603
6 3 0.500000
6 4 0.589442
6 5 0.575338
6 6 0.621112
6 7 0.545632
6 8 0.559713
6 9 0.573124
6 10 0.526108
6 11 0.500000
6 12 0.500000
6 13 0.547357
6 14 0.500000
7 2 0.533490
7 3 0.500000
7 4 0.562890
7 5 0.551802
7 6 0.545632
7 7 0.560618
7 8 0.542809
7 9 0.553147
7 10 0.511142
7 11 0.500000
7 12 0.500000
7 13 0.531942
8 2 0.567742
8 3 0.500000
8 4 0.562501
8 5 0.575383
8 6 0.559713
8 7 0.542809
8 8 0.561225
8 9 0.558951
8 10 0.510739
8 11 0.500000
8 12 0.500000
8 13 0.538025
9 2 0.570896
9 3 0.500000
9 4 0.561141
9 5 0.586137
9 6 0.573124
9 7 0.553147
9 8 0.558951
9 9 0.591968
9 10 0.511275
9 11 0.500000
9 12 0.500000
9 13 0.555878
9 14 0.500000
10 1 0.541816
10 2 0.502344
10 3 0.500000
10 4 0.529852
10 5 0.514545
10 6 0.526108
10 7 0.511142
10 8 0.510739
10 9 0.511275
10 10 0.514875
10 11 0.500000
10 12 0.500000
10 13 0.507485
10 14 0.500000
11 2 0.500000
11 3 0.500000
11 4 0.500000
11 5 0.500000
11 6 0.500000
11 7 0.500000
11 8 0.500000
11 9 0.500000
11 10 0.500000
11 11 0.500000
11 12 0.500000
11 13 0.500000
12 1 0.500000
12 2 0.500000
12 3 0.500000
12 4 0.500000
12 5 0.500000
12 6 0.500000
12 7 0.500000
12 8 0.500000
12 9 0.500000
12 10 0.500000
12 11 0.500000
12 12 0.500000
12 13 0.500000
12 14 0.500000
13 2 0.532318
13 3 0.500000
13 4 0.551538
13 5 0.551924
13 6 0.547357
13 7 0.531942
13 8 0.538025
13 9 0.555878
13 10 0.507485
13 11 0.500000
13 12 0.500000
13 13 0.539954
14 2 0.500000
14 3 0.500000
14 5 0.500000
14 6 0.500000
14 9 0.500000
14 10 0.500000
14 12 0.500000
14 14 0.500000
