1 2 0.592452
1 4 0.610935
1 5 0.668994
1 6 0.790031
1 7 0.569486
1 8 0.569485
1 9 0.683670
1 11 0.581211
1 13 0.546275
1 14 0.500000
2 1 0.592452
4 1 0.610935
4 14 0.500000
5 1 0.668994
6 1 0.790031
7 1 0.569486
7 14 0.500000
8 1 0.569485
8 14 0.500000
9 1 0.683670
11 1 0.581211
11 14 0.500000
13 1 0.546275
13 14 0.500000
14 1 0.500000
14 4 0.500000
14 7 0.500000
14 8 0.500000
14 11 0.500000
14 13 0.500000
1 1 0.715321
1 3 0.500000
1 10 0.511283
1 12 0.500000
2 2 0.541445
2 3 0.500000
2 4 0.543287
2 5 0.568506
2 6 0.659108
2 7 0.529148
2 8 0.526388
2 9 0.580769
2 10 0.504490
2 11 0.532385
2 12 0.500000
2 13 0.513787
2 14 0.500000
3 1 0.500000
3 2 0.500000
3 3 0.500000
3 4 0.500000
3 5 0.500000
3 6 0.500000
3 7 0.500000
3 8 0.500000
3 9 0.500000
3 10 0.500000
3 11 0.500000
3 12 0.500000
3 13 0.500000
3 14 0.500000
4 2 0.543287
4 3 0.500000
4 4 0.605395
4 5 0.576590
4 6 0.603737
4 7 0.538959
4 8 0.534545
4 9 0.579041
4 10 0.489053
4 11 0.542336
4 12 0.500000
4 13 0.521329
5 2 0.568506
5 3 0.500000
5 4 0.576590
5 5 0.662980
5 6 0.664271
5 7 0.544409
5 8 0.558275
5 9 0.645554
5 10 0.508824
5 11 0.565525
5 12 0.500000
5 13 0.528450
5 14 0.500000
6 2 0.659108
6 3 0.500000
6 4 0.603737
6 5 0.664271
6 6 0.985918
6 7 0.599629
6 8 0.572401
6 9 0.786216
6 10 0.527190
6 11 0.601851
6 12 0.500000
6 13 0.552348
6 14 0.500000
7 2 0.529148
7 3 0.500000
7 4 0.538959
7 5 0.544409
7 6 0.599629
7 7 0.533273
7 8 0.522714
7 9 0.550155
7 10 0.508606
7 11 0.526037
7 12 0.500000
7 13 0.514097
8 2 0.526388
8 3 0.500000
8 4 0.534545
8 5 0.558275
8 6 0.572401
8 7 0.522714
8 8 0.527588
8 9 0.553756
8 10 0.507204
8 11 0.527176
8 12 0.500000
8 13 0.512244
9 2 0.580769
9 3 0.500000
9 4 0.579041
9 5 0.645554
9 6 0.786216
9 7 0.550155
9 8 0.553756
9 9 0.680655
9 10 0.507286
9 11 0.566077
9 12 0.500000
9 13 0.536410
9 14 0.500000
10 1 0.511283
10 2 0.504490
10 3 0.500000
10 4 0.489053
10 5 0.508824
10 6 0.527190
10 7 0.508606
10 8 0.507204
10 9 0.507286
10 10 0.516853
10 11 0.503484
10 12 0.500000
10 13 0.499787
10 14 0.500000
11 2 0.532385
11 3 0.500000
11 4 0.542336
11 5 0.565525
11 6 0.601851
11 7 0.526037
11 8 0.527176
11 9 0.566077
11 10 0.503484
11 11 0.530990
11 12 0.500000
11 13 0.516622
12 1 0.500000
12 2 0.500000
12 3 0.500000
12 4 0.500000
12 5 0.500000
12 6 0.500000
12 7 0.500000
12 8 0.500000
12 9 0.500000
12 10 0.500000
12 11 0.500000
12 12 0.500000
12 13 0.500000
12 14 0.500000
13 2 0.513787
13 3 0.500000
13 4 0.521329
13 5 0.528450
13 6 0.552348
13 7 0.514097
13 8 0.512244
13 9 0.536410
13 10 0.499787
13 11 0.516622
13 12 0.500000
13 13 0.530377
14 2 0.500000
14 3 0.500000
14 5 0.500000
14 6 0.500000
14 9 0.500000
14 10 0.500000
14 12 0.500000
14 14 0.500000
