1 2 0.534065
1 4 0.570523
1 5 0.549271
1 6 0.484363
1 7 0.538158
1 8 0.550144
1 9 0.613773
1 11 0.500000
1 13 0.555393
1 14 0.500000
2 1 0.534065
4 1 0.570523
4 14 0.500000
5 1 0.549271
6 1 0.484363
7 1 0.538158
7 14 0.500000
8 1 0.550144
8 14 0.500000
9 1 0.613773
11 1 0.500000
11 14 0.500000
13 1 0.555393
13 14 0.500000
14 1 0.500000
14 4 0.500000
14 7 0.500000
14 8 0.500000
14 11 0.500000
14 13 0.500000
1 1 0.592905
1 3 0.500000
1 10 0.510048
1 12 0.500000
2 2 0.517000
2 3 0.500000
2 4 0.523995
2 5 0.524298
2 6 0.530406
2 7 0.511105
2 8 0.516302
2 9 0.541318
2 10 0.505345
2 11 0.500000
2 12 0.500000
2 13 0.521485
2 14 0.500000
3 1 0.500000
3 2 0.500000
3 3 0.500000
3 4 0.500000
3 5 0.500000
3 6 0.500000
3 7 0.500000
3 8 0.500000
3 9 0.500000
3 10 0.500000
3 11 0.500000
3 12 0.500000
3 13 0.500000
3 14 0.500000
4 2 0.523995
4 3 0.500000
4 4 0.590077
4 5 0.517304
4 6 0.355946
4 7 0.517736
4 8 0.534160
4 9 0.596606
4 10 0.500878
4 11 0.500000
4 12 0.500000
4 13 0.546025
5 2 0.524298
5 3 0.500000
5 4 0.517304
5 5 0.560485
5 6 0.635117
5 7 0.520643
5 8 0.529586
5 9 0.548047
5 10 0.519405
5 11 0.500000
5 12 0.500000
5 13 0.526336
5 14 0.500000
6 2 0.530406
6 3 0.500000
6 4 0.355946
6 5 0.635117
6 6 0.990072
6 7 0.484468
6 8 0.467287
6 9 0.458910
6 10 0.581816
6 11 0.500000
6 12 0.500000
6 13 0.456589
6 14 0.500000
7 2 0.511105
7 3 0.500000
7 4 0.517736
7 5 0.520643
7 6 0.484468
7 7 0.528914
7 8 0.528956
7 9 0.525892
7 10 0.505402
7 11 0.500000
7 12 0.500000
7 13 0.521989
8 2 0.516302
8 3 0.500000
8 4 0.534160
8 5 0.529586
8 6 0.467287
8 7 0.528956
8 8 0.555908
8 9 0.520340
8 10 0.504811
8 11 0.500000
8 12 0.500000
8 13 0.532286
9 2 0.541318
9 3 0.500000
9 4 0.596606
9 5 0.548047
9 6 0.458910
9 7 0.525892
9 8 0.520340
9 9 0.845066
9 10 0.495584
9 11 0.500000
9 12 0.500000
9 13 0.575248
9 14 0.500000
10 1 0.510048
10 2 0.505345
10 3 0.500000
10 4 0.500878
10 5 0.519405
10 6 0.581816
10 7 0.505402
10 8 0.504811
10 9 0.495584
10 10 0.516603
10 11 0.500000
10 12 0.500000
10 13 0.501706
10 14 0.500000
11 2 0.500000
11 3 0.500000
11 4 0.500000
11 5 0.500000
11 6 0.500000
11 7 0.500000
11 8 0.500000
11 9 0.500000
11 10 0.500000
11 11 0.500000
11 12 0.500000
11 13 0.500000
12 1 0.500000
12 2 0.500000
12 3 0.500000
12 4 0.500000
12 5 0.500000
12 6 0.500000
12 7 0.500000
12 8 0.500000
12 9 0.500000
12 10 0.500000
12 11 0.500000
12 12 0.500000
12 13 0.500000
12 14 0.500000
13 2 0.521485
13 3 0.500000
13 4 0.546025
13 5 0.526336
13 6 0.456589
13 7 0.521989
13 8 0.532286
13 9 0.575248
13 10 0.501706
13 11 0.500000
13 12 0.500000
13 13 0.537269
14 2 0.500000
14 3 0.500000
14 5 0.500000
14 6 0.500000
14 9 0.500000
14 10 0.500000
14 12 0.500000
14 14 0.500000
