2.480939
4.009312
2.130397
2.117460
2.368019
1.675858
2.341430
1.329998
1.464580
3.718055
2.506809
2.295838
1.588888
2.667499
2.559090
2.787617
1.780234
1.880512
1.673868
2.578300
2.747174
1.151102
2.345013
1.442531
2.212469
2.593577
2.937296
1.501123
2.332685
2.603380
1.878740
1.861929
2.493026
2.190727
1.106694
2.498834
2.547152
3.076230
1.492566
1.486238
2.320033
2.208292
1.910933
1.880295
1.986866
1.516738
2.132115
1.287136
3.708302
4.589934
3.103373
1.691577
2.223049
1.286773
1.460853
3.856269
2.053006
2.777267
2.004312
2.944991
2.283321
1.658317
2.507872
2.514646
1.676231
3.807094
1.243595
2.112980
2.684688
1.712368
2.019872
1.416240
1.907906
3.527327
2.461004
3.629569
2.724318
3.330131
2.830367
1.246635
2.804529
1.594369
3.056562
2.454650
2.104129
3.344789
2.101745
3.026987
2.431130
2.328846
1.981416
2.739937
1.426355
2.166072
1.454430
1.711722
1.801003
2.073834
1.534915
2.514313
2.064288
1.279865
1.710702
1.628659
2.143554
2.099003
2.783069
2.486413
3.684317
2.123012
1.877926
5.009156
1.872235
1.484506
2.547590
1.610609
3.265038
2.578931
3.146146
1.532536
3.500167
2.654218
3.888925
1.724530
4.657939
1.570231
1.373870
1.331996
3.794348
1.958373
2.816395
2.314369
2.117208
1.891286
1.419826
3.350198
1.477998
2.304343
1.218821
1.622871
2.389866
2.347030
1.884577
1.860286
2.303888
1.745120
2.188671
1.206592
1.205418
2.034881
3.885170
2.480984
1.756391
2.049698
1.322725
1.959076
1.472489
2.160737
4.812791
2.561586
3.357695
2.382704
2.125439
1.827797
2.798738
1.233816
2.251502
3.941852
2.084451
2.629664
3.335947
2.558966
1.663652
0.918702
2.347465
1.242432
2.375746
2.680392
1.713054
1.687497
1.482470
1.825578
1.896910
2.125437
1.828465
2.353945
2.289843
3.366337
2.072005
1.854208
1.925772
2.749369
2.259228
2.013494
1.984647
4.287966
1.570037
1.239496
3.595429
2.159454
3.012342
1.139002
1.533597
3.710749
2.800018
1.817144
2.864851
2.089432
2.543878
1.386364
1.596693
1.384743
2.571489
1.395643
2.900576
2.195131
1.846479
2.303410
2.407021
1.321005
2.312347
1.052315
0.926699
1.672315
3.807574
2.906267
2.161395
2.257053
2.118377
1.028740
3.094943
2.900863
2.289257
2.187437
1.649334
1.591607
1.405000
1.599603
1.400770
1.572598
2.358525
1.511813
1.714920
1.994905
1.323483
1.872098
1.224997
2.942743
1.181977
2.924633
1.664859
2.051300
1.755619
3.011140
1.633279
1.633942
4.284670
2.299369
2.806485
2.289971
1.732408
1.698105
1.972914
1.255988
1.767069
2.303710
