1.896868
3.313476
1.198538
1.626708
2.240500
1.821100
0.994470
1.722113
1.239835
2.294154
2.175363
2.314753
1.040669
1.207743
2.088305
1.831635
1.009825
1.794435
1.874197
4.644530
1.540402
1.614349
2.357358
3.185702
0.882103
1.324335
2.359532
1.306883
1.199311
1.185236
0.987550
1.443958
1.493240
2.543734
1.005517
2.825265
2.028848
2.425341
2.309997
1.618180
2.269629
1.382397
1.400816
2.662458
3.560559
2.015232
1.597314
1.386299
0.914646
2.392802
2.208729
1.088157
1.676476
1.339292
2.576868
2.991450
2.819084
1.259905
1.748835
1.104804
1.652500
1.550273
3.386538
2.186927
1.194343
4.893644
2.701562
1.608832
1.951796
1.580861
0.962066
1.984219
1.534914
1.873703
3.048790
1.987454
1.803635
3.293343
1.702874
1.646774
2.929842
2.227456
1.409511
2.389353
1.894448
1.777648
1.990941
2.871973
2.035171
3.095009
2.006320
2.115334
0.999212
1.813590
1.564018
2.180112
2.050107
2.616030
2.073459
2.073736
2.120278
0.971283
2.350843
3.134148
1.154494
1.828764
1.651171
1.695972
2.002962
1.741485
2.347801
1.252377
1.311739
2.943177
1.545197
1.748103
2.250571
2.641770
0.744859
1.590294
1.303744
1.991869
2.605119
1.514922
1.035023
1.456566
1.657837
2.600997
1.093629
1.298080
2.002636
2.639017
2.279507
1.538532
2.254061
1.159222
1.362368
3.171539
2.162433
1.492287
2.250675
1.585550
1.943175
1.106746
2.536071
1.507871
2.050729
1.335289
1.424835
2.714298
1.499444
2.884789
1.578907
1.927802
1.123564
