2.529499
1.414430
2.268862
2.296310
3.088166
2.075937
2.938540
2.346888
1.651008
2.228766
1.625241
4.645096
2.982443
2.697719
2.077268
1.886889
1.645389
2.837290
1.905007
2.077618
2.055279
1.935449
2.974098
2.503882
2.914976
2.540906
2.111972
1.875222
2.382128
2.413445
1.367000
1.547113
3.920026
2.558481
2.963413
2.381512
3.277809
2.608448
1.614599
2.404629
2.872761
1.563856
1.311142
2.301757
1.678555
2.195273
2.504057
1.981180
2.782995
2.114007
2.768275
2.456044
2.076625
2.951174
3.042087
1.797661
1.830608
2.247360
1.904277
2.985249
2.502239
1.587673
2.009038
1.652823
1.444974
1.359779
3.007122
2.414284
2.343001
1.568405
2.096056
2.322106
2.531577
1.904942
1.859049
1.944617
3.970025
1.720132
1.928769
2.652077
1.439870
2.577336
2.647830
2.672363
2.889328
1.569457
1.229302
3.282542
2.914109
2.417965
2.264773
1.842672
2.009485
1.452427
1.860023
2.853661
3.238157
1.625098
2.142303
1.791538
1.516943
2.371723
2.539528
2.327522
2.234226
1.998512
2.719518
2.187670
2.329123
2.609989
1.288946
1.794424
2.309883
1.984098
2.007325
1.597433
2.768655
2.702982
1.535489
1.497730
2.008405
2.678802
1.877541
1.651611
1.483792
2.849954
1.214540
1.753527
1.951841
1.856968
2.435340
1.430556
2.046253
2.345672
1.657132
2.156588
2.673933
1.900618
1.611557
1.527112
1.744347
3.049240
2.820040
3.032515
1.435191
2.550204
1.594846
2.394228
1.803613
2.177678
2.554427
1.721516
2.494055
2.557514
2.058850
2.117708
2.265338
1.853726
2.036477
2.256694
2.396448
2.730733
2.104654
3.646358
2.036664
4.286063
3.373429
1.888040
2.388191
2.204967
1.070449
1.891366
2.590676
3.108938
1.396949
1.928510
2.125462
2.495992
1.972670
2.865884
1.830202
1.521890
1.828755
2.531915
4.882352
2.124402
1.919667
1.668369
1.548188
2.042846
2.627465
2.959831
1.469173
2.900347
1.761619
1.942525
2.179010
1.284436
1.724532
2.047279
2.278411
2.180645
1.842554
2.121591
2.528717
