3.301200
1.698214
3.129680
1.262664
1.809669
2.133436
1.637541
2.652573
3.390703
3.394427
2.239709
2.819404
3.866077
1.829123
2.290171
2.295992
2.128773
2.975188
1.595901
1.685208
3.504489
1.503392
1.905301
2.103746
2.266576
1.546563
2.859596
1.675972
2.819748
1.908449
2.900049
3.260709
2.482200
1.668992
2.998455
1.915451
1.508270
1.126199
2.839345
1.440303
1.538954
1.187337
2.277400
2.306937
1.979784
1.906117
3.049019
3.811223
1.639183
1.326273
2.169924
1.885887
2.610810
1.151270
2.729043
1.924619
1.698329
6.293871
1.472167
1.943123
4.665931
2.357564
1.905839
1.773321
2.762469
2.973416
1.838671
1.414639
2.096924
4.794084
1.360713
2.540969
1.638021
1.198585
1.813602
1.268321
4.401290
2.656260
3.578186
2.551203
2.805728
1.670952
3.178494
1.554222
1.710995
1.882822
3.428302
1.831419
1.567198
1.708686
2.647413
1.926747
2.837120
1.798795
1.451165
1.861968
2.565676
3.808372
1.651046
1.339075
2.682320
1.672905
3.340009
2.503186
2.181153
2.434088
1.964564
2.317422
2.292934
2.464319
1.329849
2.033379
2.242755
1.202060
1.551352
1.886115
2.453768
1.706996
2.544640
5.327174
1.900033
2.093122
1.761695
2.262582
2.480221
1.577603
3.625493
3.628223
2.060697
3.737983
3.819993
2.540298
1.822327
3.613215
2.947131
2.380047
1.366010
1.289956
1.435482
1.333637
2.746513
4.249916
1.085817
1.790561
1.943307
2.215533
1.462131
1.999369
1.888349
3.745178
1.848576
2.830121
2.455325
1.317408
3.845976
2.115558
2.159139
2.058796
2.449407
1.352149
1.849591
1.859257
1.958193
1.444004
1.049558
1.352203
1.703043
1.631328
1.915809
1.509820
2.012316
2.083879
1.632358
1.713770
3.015129
3.014933
1.122541
2.264277
2.878196
2.241181
1.230189
1.832429
1.792870
4.733998
1.678974
1.957671
1.201662
1.875160
2.563778
1.972210
2.247627
1.957925
2.343633
2.225754
1.826026
1.401013
