1.767914
1.080239
2.099576
1.621056
1.375832
1.889621
1.919381
1.183660
3.140293
2.340364
1.920147
1.453327
1.699839
1.643536
1.937618
1.158260
2.028128
2.999779
1.962547
2.033503
1.204431
2.300243
3.150509
1.581311
2.261070
1.403103
2.398320
1.240662
1.277628
1.597581
2.917273
1.225873
1.153452
1.484021
2.122678
2.525453
1.440245
3.054646
0.880435
1.159037
1.521767
1.963639
5.074339
1.712803
1.254851
2.085063
1.807898
1.328677
1.696782
1.121671
2.096734
1.527413
2.096690
1.912915
0.961322
2.040985
1.482938
1.333397
2.285284
2.319075
1.832723
1.451751
3.319535
1.924257
1.938356
1.996836
1.683691
1.865731
1.508003
1.710522
0.936990
1.963842
1.033784
1.526532
1.147141
1.771513
2.379544
0.884812
1.642131
2.341779
1.167251
1.026498
2.094037
1.810200
1.729259
1.810577
1.960428
1.835547
1.823977
2.130614
1.769808
1.396444
1.689508
2.420443
1.633967
1.581888
1.402026
1.958772
1.114533
1.064637
1.398376
2.048692
1.713590
3.056661
2.789584
1.708317
1.810437
2.157565
0.596831
1.084427
2.376252
1.498702
1.540410
1.475479
1.058837
0.887692
1.081876
1.085826
1.497431
2.937434
1.568855
1.109854
1.591432
1.678788
1.652620
1.497110
1.848920
1.818496
1.617274
1.222234
1.432826
1.583279
1.628911
1.881634
1.286046
0.985502
1.274165
1.609305
1.081675
2.962683
1.770671
1.659344
1.481642
1.969677
2.566172
1.655684
1.274714
2.695950
0.964939
1.463393
3.038500
1.916688
0.912412
1.541106
1.931980
1.247823
2.266335
1.158181
1.907528
2.221781
1.805201
1.814953
0.979994
1.434985
1.230410
1.897976
2.198888
1.863666
3.056239
1.147991
1.584637
1.887038
1.682607
0.959854
1.215424
1.209081
1.837514
2.213949
1.926530
2.274705
1.303264
1.617616
1.337898
1.229188
2.491812
2.291502
1.642731
2.025541
0.914281
1.650729
1.572406
1.914544
1.220599
1.795238
1.491295
1.774005
1.508119
2.006058
2.564813
1.979814
1.536120
1.757305
0.917045
1.429036
2.221594
2.408199
1.603770
1.657148
2.116933
1.348027
1.065994
2.983589
1.070933
2.304485
2.616695
1.343433
2.944467
1.692409
1.596041
1.623441
1.643646
1.242367
2.334777
1.557221
2.318695
1.956788
1.959876
2.195421
1.619319
1.417465
2.890464
2.065851
2.050147
2.152386
1.614051
2.172998
2.188328
1.987117
1.848155
1.058807
2.413232
1.488836
1.676849
1.702512
1.726565
1.105025
1.063259
2.213420
2.133650
1.350043
2.068457
2.365666
2.024600
2.503754
1.719016
1.717272
3.586586
