1.264320
1.137372
2.572589
2.318688
1.222117
2.530707
1.163371
1.336486
2.137812
1.512975
1.462477
2.115945
1.795785
2.003901
1.510711
1.214613
1.815333
1.231515
1.615580
2.324066
1.803590
1.748730
1.582446
2.099414
1.630276
1.593145
2.643030
1.890225
2.070265
2.099477
1.260818
3.043395
1.942775
1.174959
2.645104
2.269911
1.607910
1.471931
1.496518
2.381702
1.788289
3.989095
1.540729
1.539803
1.852522
1.940227
3.278801
2.360173
2.493491
1.322399
1.013747
2.023474
1.421292
2.293749
2.852096
1.759982
2.024502
2.246650
1.729231
1.061031
1.582608
1.786516
2.551777
2.756477
2.030180
2.117104
4.602217
3.016026
1.307255
1.976015
1.645810
1.437722
1.227783
1.250850
1.046011
1.579176
2.358024
2.552158
3.359320
1.603172
3.348827
2.175404
1.375870
2.323987
1.621247
1.008921
1.004533
1.720558
2.289160
3.047380
1.425871
1.893262
1.853369
2.671113
1.486001
3.266251
1.495716
3.083214
1.198314
2.294426
2.144526
1.561836
1.998460
1.588488
1.029986
1.937062
1.542847
3.302547
1.236616
2.887813
1.637668
3.332876
1.701493
1.331400
1.630583
2.241274
1.415723
1.381129
1.053793
2.406221
1.670498
1.191548
1.594038
1.414407
1.209983
1.800886
