1 2 0.882887
1 3 0.817047
1 5 0.760404
1 8 0.905907
1 12 0.750221
1 16 0.782376
1 17 0.859203
1 19 0.945209
2 1 0.882887
2 8 0.884483
2 19 0.923712
3 1 0.817047
3 8 0.806685
4 17 0.500000
5 1 0.760404
5 8 0.796787
8 1 0.905907
8 2 0.884483
8 3 0.806685
8 5 0.796787
8 12 0.734401
8 13 0.810644
8 14 0.915656
8 15 0.730276
8 16 0.775714
8 17 0.835875
8 19 0.932548
10 19 0.500000
12 1 0.750221
12 8 0.734401
13 8 0.810644
14 8 0.915656
15 8 0.730276
16 1 0.782376
16 8 0.775714
17 1 0.859203
17 4 0.500000
17 8 0.835875
17 19 0.916081
18 19 0.941388
19 1 0.945209
19 2 0.923712
19 8 0.932548
19 10 0.500000
19 17 0.916081
19 18 0.941388
1 1 0.911435
1 4 0.500000
1 6 0.953734
1 7 0.501574
1 9 0.544495
1 10 0.500000
1 11 0.604561
1 13 0.774824
1 14 0.823303
1 15 0.708836
1 18 0.883903
2 2 0.860787
2 3 0.788225
2 4 0.500000
2 5 0.742260
2 6 0.923439
2 7 0.501285
2 9 0.537736
2 10 0.500000
2 11 0.581760
2 12 0.720610
2 13 0.757742
2 14 0.797982
2 15 0.691260
2 16 0.755723
2 17 0.825760
2 18 0.854511
3 2 0.788225
3 3 0.738511
3 4 0.500000
3 5 0.682017
3 6 0.879215
3 7 0.500863
3 9 0.525774
3 10 0.500000
3 11 0.553152
3 12 0.674613
3 13 0.691731
3 14 0.697455
3 15 0.638859
3 16 0.700076
3 17 0.762830
3 18 0.794375
3 19 0.866886
4 1 0.500000
4 2 0.500000
4 3 0.500000
4 4 0.500000
4 5 0.500000
4 6 0.500000
4 7 0.500000
4 8 0.500000
4 9 0.500000
4 10 0.500000
4 11 0.500000
4 12 0.500000
4 13 0.500000
4 14 0.500000
4 15 0.500000
4 16 0.500000
4 18 0.500000
4 19 0.500000
5 2 0.742260
5 3 0.682017
5 4 0.500000
5 5 0.696457
5 6 0.852712
5 7 0.501250
5 9 0.518226
5 10 0.500000
5 11 0.602174
5 12 0.620196
5 13 0.687829
5 14 0.823376
5 15 0.631530
5 16 0.660094
5 17 0.710661
5 18 0.719371
5 19 0.806770
6 1 0.953734
6 2 0.923439
6 3 0.879215
6 4 0.500000
6 5 0.852712
6 6 0.999573
6 7 0.504067
6 8 0.960118
6 9 0.581738
6 10 0.500000
6 11 0.785383
6 12 0.803003
6 13 0.865652
6 14 0.903375
6 15 0.779900
6 16 0.834630
6 17 0.919266
6 18 0.933120
6 19 0.977226
7 1 0.501574
7 2 0.501285
7 3 0.500863
7 4 0.500000
7 5 0.501250
7 6 0.504067
7 7 0.500020
7 8 0.501856
7 9 0.500217
7 10 0.500000
7 11 0.501553
7 12 0.500577
7 13 0.501260
7 14 0.503334
7 15 0.500674
7 16 0.500880
7 17 0.501500
7 18 0.501338
7 19 0.502120
8 4 0.500000
8 6 0.960118
8 7 0.501856
8 8 0.930097
8 9 0.533425
8 10 0.500000
8 11 0.634189
8 18 0.851430
9 1 0.544495
9 2 0.537736
9 3 0.525774
9 4 0.500000
9 5 0.518226
9 6 0.581738
9 7 0.500217
9 8 0.533425
9 9 0.515148
9 10 0.500000
9 11 0.520924
9 12 0.522940
9 13 0.524167
9 14 0.490803
9 15 0.513876
9 16 0.527007
9 17 0.542684
9 18 0.545956
9 19 0.562369
10 1 0.500000
10 2 0.500000
10 3 0.500000
10 4 0.500000
10 5 0.500000
10 6 0.500000
10 7 0.500000
10 8 0.500000
10 9 0.500000
10 10 0.500000
10 11 0.500000
10 12 0.500000
10 13 0.500000
10 14 0.500000
10 15 0.500000
10 16 0.500000
10 17 0.500000
10 18 0.500000
11 1 0.604561
11 2 0.581760
11 3 0.553152
11 4 0.500000
11 5 0.602174
11 6 0.785383
11 7 0.501553
11 8 0.634189
11 9 0.520924
11 10 0.500000
11 11 0.728353
11 12 0.528486
11 13 0.610512
11 14 0.838586
11 15 0.553275
11 16 0.559696
11 17 0.602880
11 18 0.532236
11 19 0.630458
12 2 0.720610
12 3 0.674613
12 4 0.500000
12 5 0.620196
12 6 0.803003
12 7 0.500577
12 9 0.522940
12 10 0.500000
12 11 0.528486
12 12 0.635663
12 13 0.640078
12 14 0.614135
12 15 0.598825
12 16 0.649077
12 17 0.696003
12 18 0.719891
12 19 0.789705
13 1 0.774824
13 2 0.757742
13 3 0.691731
13 4 0.500000
13 5 0.687829
13 6 0.865652
13 7 0.501260
13 9 0.524167
13 10 0.500000
13 11 0.610512
13 12 0.640078
13 13 0.731715
13 14 0.852363
13 15 0.634415
13 16 0.671027
13 17 0.708440
13 18 0.699648
13 19 0.810639
14 1 0.823303
14 2 0.797982
14 3 0.697455
14 4 0.500000
14 5 0.823376
14 6 0.903375
14 7 0.503334
14 9 0.490803
14 10 0.500000
14 11 0.838586
14 12 0.614135
14 13 0.852363
14 14 0.999097
14 15 0.704437
14 16 0.693482
14 17 0.754955
14 18 0.615647
14 19 0.846442
15 1 0.708836
15 2 0.691260
15 3 0.638859
15 4 0.500000
15 5 0.631530
15 6 0.779900
15 7 0.500674
15 9 0.513876
15 10 0.500000
15 11 0.553275
15 12 0.598825
15 13 0.634415
15 14 0.704437
15 15 0.597815
15 16 0.621353
15 17 0.658107
15 18 0.669295
15 19 0.741620
16 2 0.755723
16 3 0.700076
16 4 0.500000
16 5 0.660094
16 6 0.834630
16 7 0.500880
16 9 0.527007
16 10 0.500000
16 11 0.559696
16 12 0.649077
16 13 0.671027
16 14 0.693482
16 15 0.621353
16 16 0.675909
16 17 0.731783
16 18 0.751654
16 19 0.830055
17 2 0.825760
17 3 0.762830
17 5 0.710661
17 6 0.919266
17 7 0.501500
17 9 0.542684
17 10 0.500000
17 11 0.602880
17 12 0.696003
17 13 0.708440
17 14 0.754955
17 15 0.658107
17 16 0.731783
17 17 0.826036
17 18 0.855101
18 1 0.883903
18 2 0.854511
18 3 0.794375
18 4 0.500000
18 5 0.719371
18 6 0.933120
18 7 0.501338
18 8 0.851430
18 9 0.545956
18 10 0.500000
18 11 0.532236
18 12 0.719891
18 13 0.699648
18 14 0.615647
18 15 0.669295
18 16 0.751654
18 17 0.855101
18 18 0.906986
19 3 0.866886
19 4 0.500000
19 5 0.806770
19 6 0.977226
19 7 0.502120
19 9 0.562369
19 11 0.630458
19 12 0.789705
19 13 0.810639
19 14 0.846442
19 15 0.741620
19 16 0.830055
19 19 0.976657
