3.588156
4.311857
3.628086
2.202993
3.221056
4.723453
3.911626
3.138425
4.390898
3.115088
5.318378
4.974158
2.574001
3.708639
3.213968
3.224873
3.919626
2.629517
2.918937
2.606161
4.028356
4.479832
3.469401
2.865549
4.700348
5.237051
2.592245
4.102962
3.580292
3.669716
4.591573
4.659493
3.810966
3.903863
3.040123
3.889089
2.785043
3.743849
3.560236
3.229052
3.795456
3.119095
3.804538
4.954395
2.877517
2.357247
4.220507
5.733634
2.449708
2.942045
3.473948
2.810171
5.681268
3.824564
2.831802
3.155168
3.894835
3.533721
4.426381
2.665148
3.430766
2.873718
3.006210
3.834123
4.392251
2.866724
3.109386
3.444741
3.027499
2.728468
2.300463
3.957216
2.825407
3.288942
3.679992
3.302495
4.977164
4.733529
3.500137
2.365921
4.338010
2.892849
4.210839
3.310034
3.741615
3.410165
3.284119
3.356877
2.640351
3.352946
2.147899
3.235258
3.320157
3.902172
2.489781
3.146183
3.102232
3.593858
2.855687
2.450469
2.903842
3.444679
3.816226
3.641694
2.563762
3.468113
3.404279
4.023171
2.621847
2.894664
3.118133
3.365475
3.106281
2.648062
2.208893
3.479996
2.533644
2.718044
3.248143
2.983965
4.527194
2.948269
2.571654
2.914415
5.134351
2.914140
2.278609
2.086638
3.561873
3.029433
2.912133
2.464593
3.150242
2.545542
2.371799
2.068851
2.463785
2.991977
2.580530
3.185264
2.988011
3.682876
2.600518
2.348932
3.256518
2.541916
3.307121
3.857965
2.179338
3.665455
2.539147
3.596275
3.438554
3.645017
2.213549
2.732460
2.703732
3.084444
3.082087
3.026975
2.847991
3.478276
2.367771
2.210855
1.825914
2.782818
3.971488
3.696622
2.558502
3.075360
2.567556
4.264071
2.320162
2.290147
3.815485
2.643714
2.321364
3.302485
1.940283
2.892550
3.102409
2.774152
2.466568
2.466794
3.449336
2.734060
4.755449
3.067601
3.384799
3.011705
2.734833
2.254170
2.537547
1.890085
3.082465
2.609424
2.013577
2.165134
3.127519
2.201584
3.542430
3.584787
2.608838
2.768617
2.176963
2.979157
2.426015
4.019546
4.424039
2.696153
2.561722
2.504620
2.729127
2.552259
2.232555
3.873519
2.159317
2.323534
3.845390
2.355450
2.419650
2.155805
2.516426
3.225893
1.763603
3.941858
2.768212
2.982759
2.562066
2.419911
2.312799
2.689208
2.917428
2.725222
2.607495
2.184180
2.763974
2.435125
3.531650
2.053382
2.183453
2.094169
2.630948
2.826873
2.181148
2.588878
1.827868
2.500906
3.901026
2.693927
2.852296
2.141098
2.718022
3.472173
3.689835
2.968045
2.921028
3.720748
3.202240
2.920681
2.405612
2.237485
2.160327
2.152243
2.550856
3.319365
2.851078
2.143762
1.771909
3.064166
2.267330
2.740378
1.992612
2.439449
2.467315
2.607091
2.326117
2.616985
2.437873
2.707205
2.507493
1.730525
2.260155
2.430383
2.695825
2.124368
2.893913
2.243932
2.882325
2.050083
2.490962
2.185728
2.058729
2.676429
2.428622
2.326456
2.392180
2.454482
2.234427
1.838549
2.082567
1.971112
3.111196
2.284141
2.385811
3.114448
2.135748
2.227082
2.471642
2.580939
2.907843
3.037916
2.754527
2.449810
2.596396
1.780391
1.778287
3.188174
2.924225
4.474587
1.707376
2.189888
2.402053
1.590763
3.120517
2.321246
2.302044
2.107044
1.867625
2.203712
2.803353
2.892022
2.382527
3.039735
2.429423
2.837736
2.627337
3.374731
2.598898
1.785621
1.694237
1.834527
2.570966
2.904283
3.492516
1.960960
2.695344
3.745945
2.464596
1.356301
2.591319
2.093343
4.711565
2.279865
2.135428
2.383719
2.979024
1.988430
2.433556
2.703349
2.658415
2.424746
2.122921
2.204009
2.063658
2.749582
2.920735
2.772325
2.659463
2.755119
2.429555
1.943306
2.287192
1.808078
2.853183
2.791292
2.171035
3.316170
2.836679
2.338456
2.861279
2.267637
2.087281
4.441117
3.045522
2.139470
2.716170
3.058918
2.391563
1.546704
2.184438
2.458265
2.387173
2.463379
1.687102
2.317979
2.280035
2.586295
1.989926
2.417558
2.217169
1.961758
2.187648
1.952447
1.790307
2.679702
1.727664
1.315672
2.214162
2.709782
1.935508
2.402918
2.293689
2.162396
2.584283
2.227028
2.510128
1.587756
2.761600
2.034091
2.495483
2.021642
3.669811
2.059526
2.573079
