5.013522
7.290450
6.115221
6.124709
3.394274
4.401872
5.111468
4.906939
3.830483
5.608572
4.355113
4.502702
4.312029
3.730794
6.469244
3.353605
5.381317
5.030366
3.177492
5.422864
4.651191
5.331488
5.609651
4.967257
4.529196
5.115097
6.900997
7.447525
2.644580
4.957867
5.624324
6.408989
5.066587
6.890694
7.106544
4.989175
4.649875
3.808027
3.386119
4.095486
3.529107
4.800797
3.731343
3.406157
4.520025
5.533859
3.850994
4.718992
5.373003
6.673882
5.773641
5.828349
3.800739
3.760137
5.297178
7.672119
5.002324
3.654235
3.381902
4.412939
3.743896
6.072629
3.517195
3.624132
3.902449
3.504310
3.334970
6.423048
4.238715
6.300945
5.698360
4.515357
4.087554
2.980227
3.697817
4.112943
6.500898
4.226844
3.238200
3.948442
3.772969
3.541214
5.676705
6.774524
6.097333
5.303207
3.009004
3.153398
4.194439
6.101045
5.032919
4.076804
4.995587
6.916943
3.603118
3.138513
3.059548
5.080955
2.886087
4.644644
4.550057
5.244324
4.931458
4.708616
3.743275
5.533421
5.118944
3.617416
4.482073
5.248209
3.721923
4.247643
4.103983
5.694712
3.843988
4.418789
3.792301
2.595757
6.644135
5.087869
4.862378
2.658060
4.610931
4.071966
2.979713
2.806682
4.607817
4.179313
3.691655
4.077171
4.217735
7.221336
3.108738
3.505437
2.241524
2.418142
6.194894
5.198253
3.515855
3.370146
5.512790
5.599795
4.309685
4.945893
3.293644
4.650333
5.849193
3.450129
2.673015
2.838671
4.928718
2.565969
4.641026
4.156488
3.395132
3.533001
5.914220
5.267154
3.067094
3.244095
2.751784
3.307731
3.034189
3.177205
4.023456
2.921175
2.776994
5.920610
3.161698
3.896468
5.217450
2.826287
3.298469
3.526551
2.853394
2.837561
4.065541
2.930713
3.688998
3.376676
3.004754
2.677218
2.911542
4.338970
2.467292
4.749271
3.160310
3.682774
2.393286
5.195769
5.002691
4.638989
3.767226
3.675003
3.146509
3.483872
2.765997
3.041309
2.813583
4.319587
3.788717
3.538043
2.896875
4.703802
2.360910
4.843125
3.710446
3.181173
3.655458
5.036313
4.715102
2.896276
3.676036
4.425561
3.958953
3.339370
3.437963
2.541684
2.865021
4.736137
3.204454
5.731298
2.801271
3.366367
1.802557
4.014968
2.875199
2.353183
2.757341
2.278105
3.173607
3.813041
3.820908
3.511437
3.918734
2.978106
3.813451
2.238190
3.861881
3.189355
4.158730
2.688571
3.004459
3.311354
2.724797
2.820079
1.977186
3.110774
3.203853
4.949741
5.388419
2.589904
3.291115
3.665758
2.493336
3.673548
2.850158
2.906152
4.718760
3.193127
3.186795
3.310142
4.145585
2.487198
2.283175
3.011906
3.160638
1.940628
4.580980
3.849215
2.418631
4.463548
2.389070
2.440792
2.569893
2.960010
3.196179
2.057050
3.132831
4.589653
3.350016
2.036205
4.582509
2.294130
2.486578
3.464608
3.267025
3.530595
3.783894
