1 2 0.707751
1 4 0.868383
1 5 0.664502
1 6 0.836845
1 7 0.870180
1 8 0.785899
1 9 0.876410
1 11 0.698556
1 13 0.750734
1 14 0.500000
2 1 0.707751
4 1 0.868383
4 14 0.500000
5 1 0.664502
6 1 0.836845
7 1 0.870180
7 14 0.500000
8 1 0.785899
8 14 0.500000
9 1 0.876410
11 1 0.698556
11 14 0.500000
13 1 0.750734
13 14 0.500000
14 1 0.500000
14 4 0.500000
14 7 0.500000
14 8 0.500000
14 11 0.500000
14 13 0.500000
1 1 0.899980
1 3 0.500000
1 10 0.537062
1 12 0.500000
2 2 0.592978
2 3 0.500000
2 4 0.657629
2 5 0.510183
2 6 0.650124
2 7 0.671276
2 8 0.636416
2 9 0.674350
2 10 0.513267
2 11 0.585977
2 12 0.500000
2 13 0.610354
2 14 0.500000
3 1 0.500000
3 2 0.500000
3 3 0.500000
3 4 0.500000
3 5 0.500000
3 6 0.500000
3 7 0.500000
3 8 0.500000
3 9 0.500000
3 10 0.500000
3 11 0.500000
3 12 0.500000
3 13 0.500000
3 14 0.500000
4 2 0.657629
4 3 0.500000
4 4 0.993764
4 5 0.980608
4 6 0.827420
4 7 0.947557
4 8 0.708713
4 9 0.960612
4 10 0.607331
4 11 0.653718
4 12 0.500000
4 13 0.706059
5 2 0.510183
5 3 0.500000
5 4 0.980608
5 5 0.999686
5 6 0.799682
5 7 0.793938
5 8 0.393673
5 9 0.856642
5 10 0.629600
5 11 0.515891
5 12 0.500000
5 13 0.563103
5 14 0.500000
6 2 0.650124
6 3 0.500000
6 4 0.827420
6 5 0.799682
6 6 0.814298
6 7 0.820646
6 8 0.677316
6 9 0.836059
6 10 0.524651
6 11 0.646260
6 12 0.500000
6 13 0.691844
6 14 0.500000
7 2 0.671276
7 3 0.500000
7 4 0.947557
7 5 0.793938
7 6 0.820646
7 7 0.952538
7 8 0.707578
7 9 0.921417
7 10 0.518480
7 11 0.671325
7 12 0.500000
7 13 0.710464
8 2 0.636416
8 3 0.500000
8 4 0.708713
8 5 0.393673
8 6 0.677316
8 7 0.707578
8 8 0.740166
8 9 0.704674
8 10 0.531996
8 11 0.626787
8 12 0.500000
8 13 0.661614
9 2 0.674350
9 3 0.500000
9 4 0.960612
9 5 0.856642
9 6 0.836059
9 7 0.921417
9 8 0.704674
9 9 0.966080
9 10 0.535045
9 11 0.670842
9 12 0.500000
9 13 0.718277
9 14 0.500000
10 1 0.537062
10 2 0.513267
10 3 0.500000
10 4 0.607331
10 5 0.629600
10 6 0.524651
10 7 0.518480
10 8 0.531996
10 9 0.535045
10 10 0.525618
10 11 0.512103
10 12 0.500000
10 13 0.518828
10 14 0.500000
11 2 0.585977
11 3 0.500000
11 4 0.653718
11 5 0.515891
11 6 0.646260
11 7 0.671325
11 8 0.626787
11 9 0.670842
11 10 0.512103
11 11 0.581964
11 12 0.500000
11 13 0.604630
12 1 0.500000
12 2 0.500000
12 3 0.500000
12 4 0.500000
12 5 0.500000
12 6 0.500000
12 7 0.500000
12 8 0.500000
12 9 0.500000
12 10 0.500000
12 11 0.500000
12 12 0.500000
12 13 0.500000
12 14 0.500000
13 2 0.610354
13 3 0.500000
13 4 0.706059
13 5 0.563103
13 6 0.691844
13 7 0.710464
13 8 0.661614
13 9 0.718277
13 10 0.518828
13 11 0.604630
13 12 0.500000
13 13 0.639711
14 2 0.500000
14 3 0.500000
14 5 0.500000
14 6 0.500000
14 9 0.500000
14 10 0.500000
14 12 0.500000
14 14 0.500000
