1 2 0.684165
1 4 0.938154
1 5 0.797392
1 6 0.787312
1 7 0.647987
1 8 0.669466
1 9 0.785131
1 11 0.646752
1 13 0.750748
1 14 0.500000
2 1 0.684165
4 1 0.938154
4 14 0.500000
5 1 0.797392
6 1 0.787312
7 1 0.647987
7 14 0.500000
8 1 0.669466
8 14 0.500000
9 1 0.785131
11 1 0.646752
11 14 0.500000
13 1 0.750748
13 14 0.500000
14 1 0.500000
14 4 0.500000
14 7 0.500000
14 8 0.500000
14 11 0.500000
14 13 0.500000
1 1 0.821992
1 3 0.500000
1 10 0.517219
1 12 0.500000
2 2 0.599801
2 3 0.500000
2 4 0.798453
2 5 0.661361
2 6 0.666124
2 7 0.573093
2 8 0.583310
2 9 0.654081
2 10 0.508140
2 11 0.577419
2 12 0.500000
2 13 0.638194
2 14 0.500000
3 1 0.500000
3 2 0.500000
3 3 0.500000
3 4 0.500000
3 5 0.500000
3 6 0.500000
3 7 0.500000
3 8 0.500000
3 9 0.500000
3 10 0.500000
3 11 0.500000
3 12 0.500000
3 13 0.500000
3 14 0.500000
4 2 0.798453
4 3 0.500000
4 4 0.999994
4 5 0.974143
4 6 0.895879
4 7 0.787844
4 8 0.766004
4 9 0.969672
4 10 0.586244
4 11 0.750328
4 12 0.500000
4 13 0.957230
5 2 0.661361
5 3 0.500000
5 4 0.974143
5 5 0.901224
5 6 0.744686
5 7 0.648848
5 8 0.657429
5 9 0.847710
5 10 0.543377
5 11 0.627992
5 12 0.500000
5 13 0.751555
5 14 0.500000
6 2 0.666124
6 3 0.500000
6 4 0.895879
6 5 0.744686
6 6 0.783821
6 7 0.611904
6 8 0.633858
6 9 0.729824
6 10 0.507889
6 11 0.630715
6 12 0.500000
6 13 0.712982
6 14 0.500000
7 2 0.573093
7 3 0.500000
7 4 0.787844
7 5 0.648848
7 6 0.611904
7 7 0.571907
7 8 0.572349
7 9 0.646195
7 10 0.509671
7 11 0.557830
7 12 0.500000
7 13 0.629965
8 2 0.583310
8 3 0.500000
8 4 0.766004
8 5 0.657429
8 6 0.633858
8 7 0.572349
8 8 0.601701
8 9 0.615983
8 10 0.511916
8 11 0.568326
8 12 0.500000
8 13 0.602824
9 2 0.654081
9 3 0.500000
9 4 0.969672
9 5 0.847710
9 6 0.729824
9 7 0.646195
9 8 0.615983
9 9 0.918392
9 10 0.535849
9 11 0.617296
9 12 0.500000
9 13 0.817009
9 14 0.500000
10 1 0.517219
10 2 0.508140
10 3 0.500000
10 4 0.586244
10 5 0.543377
10 6 0.507889
10 7 0.509671
10 8 0.511916
10 9 0.535849
10 10 0.508359
10 11 0.506592
10 12 0.500000
10 13 0.526858
10 14 0.500000
11 2 0.577419
11 3 0.500000
11 4 0.750328
11 5 0.627992
11 6 0.630715
11 7 0.557830
11 8 0.568326
11 9 0.617296
11 10 0.506592
11 11 0.561666
11 12 0.500000
11 13 0.608459
12 1 0.500000
12 2 0.500000
12 3 0.500000
12 4 0.500000
12 5 0.500000
12 6 0.500000
12 7 0.500000
12 8 0.500000
12 9 0.500000
12 10 0.500000
12 11 0.500000
12 12 0.500000
12 13 0.500000
12 14 0.500000
13 2 0.638194
13 3 0.500000
13 4 0.957230
13 5 0.751555
13 6 0.712982
13 7 0.629965
13 8 0.602824
13 9 0.817009
13 10 0.526858
13 11 0.608459
13 12 0.500000
13 13 0.851889
14 2 0.500000
14 3 0.500000
14 5 0.500000
14 6 0.500000
14 9 0.500000
14 10 0.500000
14 12 0.500000
14 14 0.500000
