1 2 0.767620
1 4 0.858059
1 5 0.815719
1 6 0.875843
1 7 0.770897
1 8 0.820336
1 9 0.829775
1 11 0.756363
1 13 0.770948
1 14 0.500000
2 1 0.767620
4 1 0.858059
4 14 0.500000
5 1 0.815719
6 1 0.875843
7 1 0.770897
7 14 0.500000
8 1 0.820336
8 14 0.500000
9 1 0.829775
11 1 0.756363
11 14 0.500000
13 1 0.770948
13 14 0.500000
14 1 0.500000
14 4 0.500000
14 7 0.500000
14 8 0.500000
14 11 0.500000
14 13 0.500000
1 1 0.941993
1 3 0.500000
1 10 0.623864
1 12 0.500000
2 2 0.628208
2 3 0.500000
2 4 0.677452
2 5 0.651466
2 6 0.667285
2 7 0.621564
2 8 0.650775
2 9 0.662574
2 10 0.549237
2 11 0.618760
2 12 0.500000
2 13 0.627583
2 14 0.500000
3 1 0.500000
3 2 0.500000
3 3 0.500000
3 4 0.500000
3 5 0.500000
3 6 0.500000
3 7 0.500000
3 8 0.500000
3 9 0.500000
3 10 0.500000
3 11 0.500000
3 12 0.500000
3 13 0.500000
3 14 0.500000
4 2 0.677452
4 3 0.500000
4 4 0.801465
4 5 0.719730
4 6 0.819230
4 7 0.672087
4 8 0.741932
4 9 0.738396
4 10 0.590867
4 11 0.678431
4 12 0.500000
4 13 0.690081
5 2 0.651466
5 3 0.500000
5 4 0.719730
5 5 0.998075
5 6 0.518659
5 7 0.884340
5 8 0.728412
5 9 0.603269
5 10 0.654192
5 11 0.633128
5 12 0.500000
5 13 0.672329
5 14 0.500000
6 2 0.667285
6 3 0.500000
6 4 0.819230
6 5 0.518659
6 6 0.997905
6 7 0.931431
6 8 0.768464
6 9 0.835361
6 10 0.635804
6 11 0.696293
6 12 0.500000
6 13 0.646270
6 14 0.500000
7 2 0.621564
7 3 0.500000
7 4 0.672087
7 5 0.884340
7 6 0.931431
7 7 0.913799
7 8 0.661075
7 9 0.686131
7 10 0.593295
7 11 0.616661
7 12 0.500000
7 13 0.609044
8 2 0.650775
8 3 0.500000
8 4 0.741932
8 5 0.728412
8 6 0.768464
8 7 0.661075
8 8 0.724456
8 9 0.706575
8 10 0.574785
8 11 0.652097
8 12 0.500000
8 13 0.665125
9 2 0.662574
9 3 0.500000
9 4 0.738396
9 5 0.603269
9 6 0.835361
9 7 0.686131
9 8 0.706575
9 9 0.766168
9 10 0.556263
9 11 0.664416
9 12 0.500000
9 13 0.660126
9 14 0.500000
10 1 0.623864
10 2 0.549237
10 3 0.500000
10 4 0.590867
10 5 0.654192
10 6 0.635804
10 7 0.593295
10 8 0.574785
10 9 0.556263
10 10 0.552824
10 11 0.549355
10 12 0.500000
10 13 0.555378
10 14 0.500000
11 2 0.618760
11 3 0.500000
11 4 0.678431
11 5 0.633128
11 6 0.696293
11 7 0.616661
11 8 0.652097
11 9 0.664416
11 10 0.549355
11 11 0.615425
11 12 0.500000
11 13 0.621230
12 1 0.500000
12 2 0.500000
12 3 0.500000
12 4 0.500000
12 5 0.500000
12 6 0.500000
12 7 0.500000
12 8 0.500000
12 9 0.500000
12 10 0.500000
12 11 0.500000
12 12 0.500000
12 13 0.500000
12 14 0.500000
13 2 0.627583
13 3 0.500000
13 4 0.690081
13 5 0.672329
13 6 0.646270
13 7 0.609044
13 8 0.665125
13 9 0.660126
13 10 0.555378
13 11 0.621230
13 12 0.500000
13 13 0.635958
14 2 0.500000
14 3 0.500000
14 5 0.500000
14 6 0.500000
14 9 0.500000
14 10 0.500000
14 12 0.500000
14 14 0.500000
