1 2 0.544491
1 4 0.763504
1 5 0.791510
1 6 0.879416
1 7 0.784894
1 8 0.739718
1 9 0.974562
1 11 0.720734
1 13 0.670683
1 14 0.500000
2 1 0.544491
4 1 0.763504
4 14 0.500000
5 1 0.791510
6 1 0.879416
7 1 0.784894
7 14 0.500000
8 1 0.739718
8 14 0.500000
9 1 0.974562
11 1 0.720734
11 14 0.500000
13 1 0.670683
13 14 0.500000
14 1 0.500000
14 4 0.500000
14 7 0.500000
14 8 0.500000
14 11 0.500000
14 13 0.500000
1 1 0.915529
1 3 0.500000
1 10 0.556143
1 12 0.500000
2 2 0.521839
2 3 0.500000
2 4 0.511507
2 5 0.526082
2 6 0.545338
2 7 0.524187
2 8 0.545091
2 9 0.593197
2 10 0.510493
2 11 0.518143
2 12 0.500000
2 13 0.512688
2 14 0.500000
3 1 0.500000
3 2 0.500000
3 3 0.500000
3 4 0.500000
3 5 0.500000
3 6 0.500000
3 7 0.500000
3 8 0.500000
3 9 0.500000
3 10 0.500000
3 11 0.500000
3 12 0.500000
3 13 0.500000
3 14 0.500000
4 2 0.511507
4 3 0.500000
4 4 0.698236
4 5 0.679982
4 6 0.723092
4 7 0.628852
4 8 0.641266
4 9 0.859007
4 10 0.519781
4 11 0.625641
4 12 0.500000
4 13 0.597529
5 2 0.526082
5 3 0.500000
5 4 0.679982
5 5 0.719327
5 6 0.748117
5 7 0.646794
5 8 0.670430
5 9 0.902949
5 10 0.523667
5 11 0.636074
5 12 0.500000
5 13 0.585857
5 14 0.500000
6 2 0.545338
6 3 0.500000
6 4 0.723092
6 5 0.748117
6 6 0.852409
6 7 0.744188
6 8 0.723018
6 9 0.950331
6 10 0.549442
6 11 0.691120
6 12 0.500000
6 13 0.635203
6 14 0.500000
7 2 0.524187
7 3 0.500000
7 4 0.628852
7 5 0.646794
7 6 0.744188
7 7 0.710410
7 8 0.605912
7 9 0.874051
7 10 0.536220
7 11 0.619041
7 12 0.500000
7 13 0.607228
8 2 0.545091
8 3 0.500000
8 4 0.641266
8 5 0.670430
8 6 0.723018
8 7 0.605912
8 8 0.792481
8 9 0.883562
8 10 0.540356
8 11 0.620027
8 12 0.500000
8 13 0.570316
9 2 0.593197
9 3 0.500000
9 4 0.859007
9 5 0.902949
9 6 0.950331
9 7 0.874051
9 8 0.883562
9 9 0.998847
9 10 0.596817
9 11 0.807919
9 12 0.500000
9 13 0.750504
9 14 0.500000
10 1 0.556143
10 2 0.510493
10 3 0.500000
10 4 0.519781
10 5 0.523667
10 6 0.549442
10 7 0.536220
10 8 0.540356
10 9 0.596817
10 10 0.511823
10 11 0.521665
10 12 0.500000
10 13 0.518301
10 14 0.500000
11 2 0.518143
11 3 0.500000
11 4 0.625641
11 5 0.636074
11 6 0.691120
11 7 0.619041
11 8 0.620027
11 9 0.807919
11 10 0.521665
11 11 0.597991
11 12 0.500000
11 13 0.567013
12 1 0.500000
12 2 0.500000
12 3 0.500000
12 4 0.500000
12 5 0.500000
12 6 0.500000
12 7 0.500000
12 8 0.500000
12 9 0.500000
12 10 0.500000
12 11 0.500000
12 12 0.500000
12 13 0.500000
12 14 0.500000
13 2 0.512688
13 3 0.500000
13 4 0.597529
13 5 0.585857
13 6 0.635203
13 7 0.607228
13 8 0.570316
13 9 0.750504
13 10 0.518301
13 11 0.567013
13 12 0.500000
13 13 0.612653
14 2 0.500000
14 3 0.500000
14 5 0.500000
14 6 0.500000
14 9 0.500000
14 10 0.500000
14 12 0.500000
14 14 0.500000
