1.625791
2.589990
3.674522
2.468117
1.926850
2.359778
3.283632
1.421773
2.673038
1.681141
1.969243
4.146224
1.917421
1.565307
2.762218
1.783293
2.653698
1.892795
2.633597
2.228651
1.440134
2.255823
2.180625
4.223108
2.919335
2.978236
2.505725
1.520949
4.610739
1.688494
2.028723
1.854193
1.375650
4.341546
4.516797
3.172979
4.639685
1.145250
4.188907
2.952116
3.925403
2.215726
2.736707
3.575013
2.128460
2.407996
1.207840
1.868764
2.848306
3.068212
1.945735
3.008325
4.157090
3.095414
2.441503
1.797789
2.254225
2.805021
1.580916
2.273347
2.412660
2.937993
2.103232
2.218281
2.077939
5.649355
1.803105
1.346634
1.625164
1.582174
1.840909
3.083834
2.985554
3.381037
2.735950
2.390922
1.974896
2.308934
3.307615
2.528747
1.326458
1.863074
2.845391
2.406123
2.740486
1.606462
2.503150
2.588062
1.215879
2.316787
1.745476
1.926900
1.545117
3.109554
1.875860
1.434609
2.831948
2.595821
2.683390
2.489670
3.155013
2.144051
2.539276
4.498074
3.487347
3.487534
2.659907
2.445058
3.022638
1.648510
1.838314
3.479807
2.611311
1.122712
