1.729919
1.636429
0.944636
1.771191
1.361360
2.921184
2.054154
1.535375
2.479113
1.773102
1.008311
1.049086
3.139214
2.246511
1.640451
1.675963
1.153042
1.228746
1.427399
2.171825
2.118071
1.528512
1.584339
1.696052
1.555947
1.869307
1.597063
1.924267
2.174628
1.432788
1.654125
1.266331
2.019465
1.772493
1.067072
2.360251
2.010432
2.026600
2.059422
1.342134
1.883958
1.511106
2.840491
2.102318
1.198311
2.081475
2.711176
2.372080
1.139953
1.356930
1.830828
1.448482
2.597865
2.402276
1.178861
1.871365
1.199576
1.611569
3.149490
1.647415
1.166346
1.457927
1.308777
2.394453
1.513504
1.667326
1.528138
1.346595
1.361692
1.236055
1.391196
1.711112
1.384059
1.413626
1.442998
1.592213
2.191886
1.317178
1.079257
1.501601
1.593561
1.183464
2.425497
1.320017
1.584544
3.129858
1.741623
2.006378
1.523587
1.815248
1.283078
1.893551
2.171097
1.361066
2.164136
1.828208
1.604376
1.171490
1.172543
1.410672
2.774604
1.349009
1.610393
1.404965
2.131549
2.077329
2.490944
1.600272
1.609830
1.314197
2.449686
1.359614
2.132072
1.246036
1.817083
1.019741
1.558016
1.786248
1.353581
2.134526
1.613420
1.322213
2.373111
1.438229
1.840692
1.193877
1.980008
2.348782
1.839379
1.433669
2.732307
2.156091
1.775962
1.191118
2.014705
1.503550
1.312690
1.615713
1.210763
1.115087
1.275385
1.343241
3.205799
2.131943
1.104249
1.610351
1.957671
1.326964
0.972663
1.345824
2.121741
2.895934
1.321407
1.402106
2.469161
2.376871
