1.464374
2.696264
1.232182
2.734662
1.334056
1.108282
2.201945
1.795168
1.128229
1.530079
1.839302
1.844130
1.973228
2.517068
1.694727
3.123333
1.644326
2.536559
2.007643
2.075675
1.613928
3.256854
1.468077
1.401926
2.240135
4.452095
1.580659
1.473756
2.244090
1.987532
2.843304
2.539091
1.376343
1.490180
1.971242
1.612970
3.317735
1.830488
1.633783
2.129012
1.573041
1.562337
1.954139
1.282062
1.488930
4.207685
2.283441
2.663127
1.414584
2.389629
1.864261
1.050114
1.480752
2.507484
2.286081
1.451748
1.476817
2.118937
1.623531
2.474751
2.869612
2.377739
2.016066
2.789220
2.769439
1.606329
1.315592
3.156257
1.470172
1.318247
1.879628
1.924793
2.475886
1.815229
2.290263
2.265063
1.791064
1.569015
1.437212
1.030318
1.624521
3.373296
2.368923
1.902630
1.994764
1.484517
2.385233
2.250863
2.839334
1.091294
1.699969
1.504398
1.226232
2.394220
1.840337
2.391785
2.265728
2.114453
1.406466
1.849336
1.682783
1.846718
1.980214
1.800574
1.918392
2.709195
1.262763
1.822547
2.388013
1.571243
1.648818
1.781683
2.105844
1.861960
1.921614
2.986720
1.173891
2.388830
3.934303
3.894809
1.856879
1.416053
2.501420
1.725096
2.446241
1.421334
1.426951
1.385713
1.883269
2.773640
1.908701
1.336286
1.077875
2.521928
1.286016
3.149726
1.794615
1.890216
2.407895
1.791455
1.743595
1.950441
2.227814
2.735418
3.630794
1.823352
2.631076
1.442499
3.885194
1.411530
1.532000
2.655997
2.085418
2.380518
2.397709
2.367366
1.496860
2.686189
2.101445
3.973772
2.192007
1.015691
1.082408
2.828654
1.178556
2.439200
2.589386
1.761413
2.518957
1.524333
1.000135
1.544274
3.037584
1.185843
1.414281
1.514045
1.041381
2.424429
2.637782
1.808057
1.254852
2.049264
1.952301
2.832390
1.222686
1.716511
2.650770
1.192949
2.064969
2.021695
1.425843
2.963804
2.126652
1.496183
1.385194
1.241502
1.509413
2.710005
1.121847
2.433330
3.738665
2.555261
1.106321
1.217431
2.015687
1.675557
2.129468
2.287775
1.784800
1.553444
1.611911
1.968492
1.922146
3.185354
1.155868
2.172082
2.733500
3.448993
2.769847
3.396622
2.088857
1.474133
1.321151
3.398884
3.566078
2.117194
2.143414
2.157908
1.234467
1.649119
2.425447
1.220355
1.284437
1.200159
1.383958
1.498939
1.526014
2.076475
1.309767
2.042730
2.451351
1.871068
1.832118
2.177665
