3.687860
4.273580
4.250679
5.347020
3.526522
1.568896
1.738816
1.903597
3.205275
5.120515
3.633301
2.286415
2.255107
1.476420
1.764380
2.704663
2.044606
3.245574
1.589923
1.767023
3.290334
3.164765
2.401459
3.437786
2.722067
2.482628
1.895913
2.022468
2.656258
1.883731
2.112899
2.286256
1.470583
2.376732
3.537486
2.899575
2.309723
1.919478
1.970982
1.730664
2.618371
3.114746
1.779919
2.711199
3.901760
2.181354
2.111566
2.007452
1.659173
2.781059
1.880230
2.719857
1.947442
1.743390
1.903518
5.329186
2.345405
3.621510
1.904648
2.427238
2.982053
2.350899
1.201813
2.108286
4.438769
2.513346
4.207161
2.848018
1.746074
1.807972
2.045198
2.268276
1.592713
2.766699
2.209008
4.019248
2.851684
2.086773
2.112584
3.330150
2.893267
1.898287
1.150036
3.995642
2.402320
2.108898
1.145786
1.435569
2.636481
2.263789
2.067278
2.026325
2.213480
2.568234
2.434063
2.501670
2.428615
3.457599
3.593669
3.147609
2.446698
2.058603
1.231911
1.822709
1.863916
1.634109
1.715260
4.235708
2.838578
1.906698
2.086295
1.946320
