1 2 0.555490
1 4 0.666701
1 5 0.684365
1 6 0.786736
1 7 0.578874
1 8 0.674860
1 9 0.567409
1 11 0.500000
1 13 0.564121
1 14 0.500000
2 1 0.555490
4 1 0.666701
4 14 0.500000
5 1 0.684365
6 1 0.786736
7 1 0.578874
7 14 0.500000
8 1 0.674860
8 14 0.500000
9 1 0.567409
11 1 0.500000
11 14 0.500000
13 1 0.564121
13 14 0.500000
14 1 0.500000
14 4 0.500000
14 7 0.500000
14 8 0.500000
14 11 0.500000
14 13 0.500000
1 1 0.690364
1 3 0.500000
1 10 0.511480
1 12 0.500000
2 2 0.520593
2 3 0.500000
2 4 0.549848
2 5 0.571386
2 6 0.611602
2 7 0.521984
2 8 0.570206
2 9 0.525680
2 10 0.507065
2 11 0.500000
2 12 0.500000
2 13 0.517995
2 14 0.500000
3 1 0.500000
3 2 0.500000
3 3 0.500000
3 4 0.500000
3 5 0.500000
3 6 0.500000
3 7 0.500000
3 8 0.500000
3 9 0.500000
3 10 0.500000
3 11 0.500000
3 12 0.500000
3 13 0.500000
3 14 0.500000
4 2 0.549848
4 3 0.500000
4 4 0.665119
4 5 0.669244
4 6 0.804101
4 7 0.553215
4 8 0.627158
4 9 0.558598
4 10 0.510544
4 11 0.500000
4 12 0.500000
4 13 0.553054
5 2 0.571386
5 3 0.500000
5 4 0.669244
5 5 0.964471
5 6 0.913440
5 7 0.566780
5 8 0.912588
5 9 0.566917
5 10 0.558223
5 11 0.500000
5 12 0.500000
5 13 0.582003
5 14 0.500000
6 2 0.611602
6 3 0.500000
6 4 0.804101
6 5 0.913440
6 6 0.998673
6 7 0.608154
6 8 0.881211
6 9 0.610279
6 10 0.533947
6 11 0.500000
6 12 0.500000
6 13 0.592566
6 14 0.500000
7 2 0.521984
7 3 0.500000
7 4 0.553215
7 5 0.566780
7 6 0.608154
7 7 0.558940
7 8 0.578738
7 9 0.529868
7 10 0.506790
7 11 0.500000
7 12 0.500000
7 13 0.530592
8 2 0.570206
8 3 0.500000
8 4 0.627158
8 5 0.912588
8 6 0.881211
8 7 0.578738
8 8 0.938139
8 9 0.577564
8 10 0.548390
8 11 0.500000
8 12 0.500000
8 13 0.561010
9 2 0.525680
9 3 0.500000
9 4 0.558598
9 5 0.566917
9 6 0.610279
9 7 0.529868
9 8 0.577564
9 9 0.537468
9 10 0.509173
9 11 0.500000
9 12 0.500000
9 13 0.520872
9 14 0.500000
10 1 0.511480
10 2 0.507065
10 3 0.500000
10 4 0.510544
10 5 0.558223
10 6 0.533947
10 7 0.506790
10 8 0.548390
10 9 0.509173
10 10 0.511448
10 11 0.500000
10 12 0.500000
10 13 0.505920
10 14 0.500000
11 2 0.500000
11 3 0.500000
11 4 0.500000
11 5 0.500000
11 6 0.500000
11 7 0.500000
11 8 0.500000
11 9 0.500000
11 10 0.500000
11 11 0.500000
11 12 0.500000
11 13 0.500000
12 1 0.500000
12 2 0.500000
12 3 0.500000
12 4 0.500000
12 5 0.500000
12 6 0.500000
12 7 0.500000
12 8 0.500000
12 9 0.500000
12 10 0.500000
12 11 0.500000
12 12 0.500000
12 13 0.500000
12 14 0.500000
13 2 0.517995
13 3 0.500000
13 4 0.553054
13 5 0.582003
13 6 0.592566
13 7 0.530592
13 8 0.561010
13 9 0.520872
13 10 0.505920
13 11 0.500000
13 12 0.500000
13 13 0.529725
14 2 0.500000
14 3 0.500000
14 5 0.500000
14 6 0.500000
14 9 0.500000
14 10 0.500000
14 12 0.500000
14 14 0.500000
