1 2 0.604980
1 4 0.651111
1 5 0.773403
1 6 0.714588
1 7 0.613451
1 8 0.673208
1 9 0.646981
1 11 0.585346
1 13 0.593600
1 14 0.500000
2 1 0.604980
4 1 0.651111
4 14 0.500000
5 1 0.773403
6 1 0.714588
7 1 0.613451
7 14 0.500000
8 1 0.673208
8 14 0.500000
9 1 0.646981
11 1 0.585346
11 14 0.500000
13 1 0.593600
13 14 0.500000
14 1 0.500000
14 4 0.500000
14 7 0.500000
14 8 0.500000
14 11 0.500000
14 13 0.500000
1 1 0.746231
1 3 0.500000
1 10 0.558493
1 12 0.500000
2 2 0.636053
2 3 0.500000
2 4 0.602341
2 5 0.674761
2 6 0.584454
2 7 0.491812
2 8 0.578968
2 9 0.581259
2 10 0.547707
2 11 0.524101
2 12 0.500000
2 13 0.517686
2 14 0.500000
3 1 0.500000
3 2 0.500000
3 3 0.500000
3 4 0.500000
3 5 0.500000
3 6 0.500000
3 7 0.500000
3 8 0.500000
3 9 0.500000
3 10 0.500000
3 11 0.500000
3 12 0.500000
3 13 0.500000
3 14 0.500000
4 2 0.602341
4 3 0.500000
4 4 0.649664
4 5 0.659885
4 6 0.634471
4 7 0.531825
4 8 0.557350
4 9 0.579605
4 10 0.527589
4 11 0.550488
4 12 0.500000
4 13 0.551289
5 2 0.674761
5 3 0.500000
5 4 0.659885
5 5 0.981032
5 6 0.808623
5 7 0.585602
5 8 0.631922
5 9 0.651066
5 10 0.582791
5 11 0.580266
5 12 0.500000
5 13 0.602790
5 14 0.500000
6 2 0.584454
6 3 0.500000
6 4 0.634471
6 5 0.808623
6 6 0.726574
6 7 0.586874
6 8 0.620561
6 9 0.622832
6 10 0.545272
6 11 0.577017
6 12 0.500000
6 13 0.589171
6 14 0.500000
7 2 0.491812
7 3 0.500000
7 4 0.531825
7 5 0.585602
7 6 0.586874
7 7 0.601477
7 8 0.582703
7 9 0.538767
7 10 0.509684
7 11 0.540111
7 12 0.500000
7 13 0.545778
8 2 0.578968
8 3 0.500000
8 4 0.557350
8 5 0.631922
8 6 0.620561
8 7 0.582703
8 8 0.754024
8 9 0.611510
8 10 0.569152
8 11 0.551866
8 12 0.500000
8 13 0.549996
9 2 0.581259
9 3 0.500000
9 4 0.579605
9 5 0.651066
9 6 0.622832
9 7 0.538767
9 8 0.611510
9 9 0.630772
9 10 0.554468
9 11 0.546446
9 12 0.500000
9 13 0.550313
9 14 0.500000
10 1 0.558493
10 2 0.547707
10 3 0.500000
10 4 0.527589
10 5 0.582791
10 6 0.545272
10 7 0.509684
10 8 0.569152
10 9 0.554468
10 10 0.534021
10 11 0.516417
10 12 0.500000
10 13 0.513684
10 14 0.500000
11 2 0.524101
11 3 0.500000
11 4 0.550488
11 5 0.580266
11 6 0.577017
11 7 0.540111
11 8 0.551866
11 9 0.546446
11 10 0.516417
11 11 0.531799
11 12 0.500000
11 13 0.534369
12 1 0.500000
12 2 0.500000
12 3 0.500000
12 4 0.500000
12 5 0.500000
12 6 0.500000
12 7 0.500000
12 8 0.500000
12 9 0.500000
12 10 0.500000
12 11 0.500000
12 12 0.500000
12 13 0.500000
12 14 0.500000
13 2 0.517686
13 3 0.500000
13 4 0.551289
13 5 0.602790
13 6 0.589171
13 7 0.545778
13 8 0.549996
13 9 0.550313
13 10 0.513684
13 11 0.534369
13 12 0.500000
13 13 0.541363
14 2 0.500000
14 3 0.500000
14 5 0.500000
14 6 0.500000
14 9 0.500000
14 10 0.500000
14 12 0.500000
14 14 0.500000
