1 2 0.652091
1 4 0.666294
1 5 0.716924
1 6 0.817377
1 7 0.732636
1 8 0.697621
1 9 0.679128
1 11 0.500000
1 13 0.643459
1 14 0.500000
2 1 0.652091
4 1 0.666294
4 14 0.500000
5 1 0.716924
6 1 0.817377
7 1 0.732636
7 14 0.500000
8 1 0.697621
8 14 0.500000
9 1 0.679128
11 1 0.500000
11 14 0.500000
13 1 0.643459
13 14 0.500000
14 1 0.500000
14 4 0.500000
14 7 0.500000
14 8 0.500000
14 11 0.500000
14 13 0.500000
1 1 0.828679
1 3 0.500000
1 10 0.506152
1 12 0.500000
2 2 0.566010
2 3 0.500000
2 4 0.565662
2 5 0.598435
2 6 0.659123
2 7 0.601238
2 8 0.584047
2 9 0.580988
2 10 0.504031
2 11 0.500000
2 12 0.500000
2 13 0.561514
2 14 0.500000
3 1 0.500000
3 2 0.500000
3 3 0.500000
3 4 0.500000
3 5 0.500000
3 6 0.500000
3 7 0.500000
3 8 0.500000
3 9 0.500000
3 10 0.500000
3 11 0.500000
3 12 0.500000
3 13 0.500000
3 14 0.500000
4 2 0.565662
4 3 0.500000
4 4 0.661222
4 5 0.625808
4 6 0.763402
4 7 0.603216
4 8 0.602095
4 9 0.551793
4 10 0.496398
4 11 0.500000
4 12 0.500000
4 13 0.576322
5 2 0.598435
5 3 0.500000
5 4 0.625808
5 5 0.678945
5 6 0.765797
5 7 0.643527
5 8 0.625985
5 9 0.623713
5 10 0.505283
5 11 0.500000
5 12 0.500000
5 13 0.596055
5 14 0.500000
6 2 0.659123
6 3 0.500000
6 4 0.763402
6 5 0.765797
6 6 0.984232
6 7 0.710265
6 8 0.704209
6 9 0.679237
6 10 0.508811
6 11 0.500000
6 12 0.500000
6 13 0.665324
6 14 0.500000
7 2 0.601238
7 3 0.500000
7 4 0.603216
7 5 0.643527
7 6 0.710265
7 7 0.669842
7 8 0.629242
7 9 0.621595
7 10 0.501803
7 11 0.500000
7 12 0.500000
7 13 0.597041
8 2 0.584047
8 3 0.500000
8 4 0.602095
8 5 0.625985
8 6 0.704209
8 7 0.629242
8 8 0.615768
8 9 0.592250
8 10 0.506078
8 11 0.500000
8 12 0.500000
8 13 0.579012
9 2 0.580988
9 3 0.500000
9 4 0.551793
9 5 0.623713
9 6 0.679237
9 7 0.621595
9 8 0.592250
9 9 0.620906
9 10 0.506431
9 11 0.500000
9 12 0.500000
9 13 0.572585
9 14 0.500000
10 1 0.506152
10 2 0.504031
10 3 0.500000
10 4 0.496398
10 5 0.505283
10 6 0.508811
10 7 0.501803
10 8 0.506078
10 9 0.506431
10 10 0.509171
10 11 0.500000
10 12 0.500000
10 13 0.500735
10 14 0.500000
11 2 0.500000
11 3 0.500000
11 4 0.500000
11 5 0.500000
11 6 0.500000
11 7 0.500000
11 8 0.500000
11 9 0.500000
11 10 0.500000
11 11 0.500000
11 12 0.500000
11 13 0.500000
12 1 0.500000
12 2 0.500000
12 3 0.500000
12 4 0.500000
12 5 0.500000
12 6 0.500000
12 7 0.500000
12 8 0.500000
12 9 0.500000
12 10 0.500000
12 11 0.500000
12 12 0.500000
12 13 0.500000
12 14 0.500000
13 2 0.561514
13 3 0.500000
13 4 0.576322
13 5 0.596055
13 6 0.665324
13 7 0.597041
13 8 0.579012
13 9 0.572585
13 10 0.500735
13 11 0.500000
13 12 0.500000
13 13 0.561757
14 2 0.500000
14 3 0.500000
14 5 0.500000
14 6 0.500000
14 9 0.500000
14 10 0.500000
14 12 0.500000
14 14 0.500000
