3.987005
1.407532
1.424873
2.660882
1.537638
1.401041
1.432343
1.436104
1.998353
2.378224
3.193591
2.126267
1.965165
2.757128
1.940023
2.365238
1.872717
2.067096
1.752016
1.140812
2.682918
2.157175
2.142026
2.280654
1.423346
1.227947
2.187939
1.429370
1.775101
1.733521
1.765946
1.271775
1.261249
2.173924
1.507564
1.614377
3.072327
2.100414
2.863048
2.384369
1.955091
2.333072
2.016906
2.183163
2.511115
2.139041
2.365437
1.496592
2.425009
2.339104
3.411680
1.177014
1.736042
2.539370
1.595207
1.484518
1.634413
2.117470
1.926319
1.243840
1.497187
1.712188
1.436792
1.702896
1.551594
2.133559
1.899378
1.561885
1.811670
2.021395
1.066733
1.118730
1.798596
4.156916
1.655801
2.042913
2.139108
1.894444
2.459039
1.365347
2.294697
2.329731
2.542608
3.697802
1.847663
2.383374
1.268614
1.942464
1.946551
1.372309
2.216879
2.836196
2.025736
1.940264
1.530604
2.214244
2.218766
1.670855
2.018913
1.543113
2.358589
1.048542
1.493336
1.727999
2.297912
1.289930
1.190450
1.728364
1.322710
2.123656
1.680161
1.882593
1.412413
2.379440
1.681947
1.109002
2.391444
1.571705
2.144514
2.498852
1.502599
1.981579
1.182404
4.097590
1.872822
2.035372
1.998055
1.639845
1.914994
2.159916
1.325036
0.756507
1.339861
1.349265
1.827142
1.400734
2.695855
1.946945
1.713680
2.226377
1.185658
1.409397
1.090286
1.975717
1.443057
2.358886
2.277894
3.394459
1.212166
2.529784
2.098280
1.420722
2.315424
2.817925
1.986555
2.580670
2.381091
2.750814
2.096716
1.457706
1.729456
2.947522
1.489508
1.968444
1.164078
1.217948
1.271193
1.217095
1.001456
