1.621455
2.782618
2.288656
1.503197
1.405779
1.726689
2.255158
2.653590
1.975279
1.985506
1.794923
1.233607
1.290983
1.521427
1.874329
1.617350
1.429184
2.720497
1.955993
1.816829
1.469119
2.480462
2.889747
2.614066
1.572280
1.625176
1.186834
2.230009
1.157846
1.697534
1.382931
1.312377
1.784828
1.745513
2.500439
1.817117
2.186411
2.837615
1.800284
1.741909
1.094328
1.009395
1.188545
3.522439
1.266456
0.919186
3.211053
1.578072
2.417215
2.027842
1.431168
1.391150
1.685837
1.279459
3.191683
2.403091
1.428744
1.839517
1.105738
1.881689
1.307429
1.679540
1.109492
1.659464
2.603804
0.975448
2.655154
1.287767
2.526937
1.078967
1.574379
2.365897
1.322066
1.714895
2.990171
1.416494
2.201864
1.289245
1.455925
1.188328
2.098673
1.468292
2.070889
2.042395
1.624324
1.914241
1.520311
1.778538
1.363892
1.067294
1.850582
2.190842
1.673255
1.721679
1.701138
2.350751
0.868189
1.289785
1.326746
2.807529
1.191380
1.865952
1.536044
2.193785
1.632000
2.338353
1.353139
1.405805
1.410574
1.202194
1.126138
1.004441
1.403096
1.576101
1.476770
2.135526
1.753133
1.052877
2.148634
1.116572
2.903915
1.406301
1.950226
2.662165
1.995941
2.234183
2.395420
1.246451
2.126893
1.751389
1.286813
1.373055
1.233086
1.468794
1.836028
1.479736
2.043742
1.802815
1.538281
2.052721
1.513335
1.829257
2.269231
2.489058
2.080410
1.753253
1.312001
1.800577
2.296262
1.778414
1.439496
2.411061
1.271034
1.458521
1.002581
2.478920
1.130573
1.684291
1.927128
1.485992
1.864739
1.606248
1.596741
1.738677
1.476119
3.063414
1.276185
2.728767
1.240441
1.185632
1.148621
1.625501
1.120196
1.633362
1.813678
1.534752
1.475866
1.897643
1.693145
1.416126
1.911020
1.533308
0.971553
1.936909
1.215157
1.193691
0.951751
1.169450
1.270682
1.511956
1.424501
