1 2 0.544573
1 4 0.590164
1 5 0.663504
1 6 0.811203
1 7 0.651916
1 8 0.534150
1 9 0.547860
1 11 0.545068
1 13 0.580037
1 14 0.500000
2 1 0.544573
4 1 0.590164
4 14 0.500000
5 1 0.663504
6 1 0.811203
7 1 0.651916
7 14 0.500000
8 1 0.534150
8 14 0.500000
9 1 0.547860
11 1 0.545068
11 14 0.500000
13 1 0.580037
13 14 0.500000
14 1 0.500000
14 4 0.500000
14 7 0.500000
14 8 0.500000
14 11 0.500000
14 13 0.500000
1 1 0.621156
1 3 0.500000
1 10 0.506149
1 12 0.500000
2 2 0.520559
2 3 0.500000
2 4 0.538882
2 5 0.554750
2 6 0.572595
2 7 0.562427
2 8 0.512669
2 9 0.518274
2 10 0.498353
2 11 0.516947
2 12 0.500000
2 13 0.531645
2 14 0.500000
3 1 0.500000
3 2 0.500000
3 3 0.500000
3 4 0.500000
3 5 0.500000
3 6 0.500000
3 7 0.500000
3 8 0.500000
3 9 0.500000
3 10 0.500000
3 11 0.500000
3 12 0.500000
3 13 0.500000
3 14 0.500000
4 2 0.538882
4 3 0.500000
4 4 0.592350
4 5 0.628549
4 6 0.687776
4 7 0.618051
4 8 0.519928
4 9 0.523984
4 10 0.500708
4 11 0.534172
4 12 0.500000
4 13 0.552246
5 2 0.554750
5 3 0.500000
5 4 0.628549
5 5 0.852587
5 6 0.966095
5 7 0.681182
5 8 0.540545
5 9 0.544818
5 10 0.517460
5 11 0.565579
5 12 0.500000
5 13 0.547398
5 14 0.500000
6 2 0.572595
6 3 0.500000
6 4 0.687776
6 5 0.966095
6 6 0.999995
6 7 0.859546
6 8 0.550755
6 9 0.619187
6 10 0.594537
6 11 0.637068
6 12 0.500000
6 13 0.648994
6 14 0.500000
7 2 0.562427
7 3 0.500000
7 4 0.618051
7 5 0.681182
7 6 0.859546
7 7 0.801475
7 8 0.534484
7 9 0.564381
7 10 0.493567
7 11 0.561756
7 12 0.500000
7 13 0.678234
8 2 0.512669
8 3 0.500000
8 4 0.519928
8 5 0.540545
8 6 0.550755
8 7 0.534484
8 8 0.520630
8 9 0.517685
8 10 0.499555
8 11 0.513104
8 12 0.500000
8 13 0.508171
9 2 0.518274
9 3 0.500000
9 4 0.523984
9 5 0.544818
9 6 0.619187
9 7 0.564381
9 8 0.517685
9 9 0.539445
9 10 0.504043
9 11 0.517408
9 12 0.500000
9 13 0.545740
9 14 0.500000
10 1 0.506149
10 2 0.498353
10 3 0.500000
10 4 0.500708
10 5 0.517460
10 6 0.594537
10 7 0.493567
10 8 0.499555
10 9 0.504043
10 10 0.509696
10 11 0.501433
10 12 0.500000
10 13 0.506449
10 14 0.500000
11 2 0.516947
11 3 0.500000
11 4 0.534172
11 5 0.565579
11 6 0.637068
11 7 0.561756
11 8 0.513104
11 9 0.517408
11 10 0.501433
11 11 0.517250
11 12 0.500000
11 13 0.527363
12 1 0.500000
12 2 0.500000
12 3 0.500000
12 4 0.500000
12 5 0.500000
12 6 0.500000
12 7 0.500000
12 8 0.500000
12 9 0.500000
12 10 0.500000
12 11 0.500000
12 12 0.500000
12 13 0.500000
12 14 0.500000
13 2 0.531645
13 3 0.500000
13 4 0.552246
13 5 0.547398
13 6 0.648994
13 7 0.678234
13 8 0.508171
13 9 0.545740
13 10 0.506449
13 11 0.527363
13 12 0.500000
13 13 0.671313
14 2 0.500000
14 3 0.500000
14 5 0.500000
14 6 0.500000
14 9 0.500000
14 10 0.500000
14 12 0.500000
14 14 0.500000
