1 2 0.602922
1 4 0.844529
1 5 0.791348
1 6 0.622102
1 7 0.596476
1 8 0.650694
1 9 0.557022
1 11 0.500000
1 13 0.610061
1 14 0.500000
2 1 0.602922
4 1 0.844529
4 14 0.500000
5 1 0.791348
6 1 0.622102
7 1 0.596476
7 14 0.500000
8 1 0.650694
8 14 0.500000
9 1 0.557022
11 1 0.500000
11 14 0.500000
13 1 0.610061
13 14 0.500000
14 1 0.500000
14 4 0.500000
14 7 0.500000
14 8 0.500000
14 11 0.500000
14 13 0.500000
1 1 0.714196
1 3 0.500000
1 10 0.516022
1 12 0.500000
2 2 0.551448
2 3 0.500000
2 4 0.711792
2 5 0.645615
2 6 0.565032
2 7 0.548217
2 8 0.566838
2 9 0.534005
2 10 0.510731
2 11 0.500000
2 12 0.500000
2 13 0.552438
2 14 0.500000
3 1 0.500000
3 2 0.500000
3 3 0.500000
3 4 0.500000
3 5 0.500000
3 6 0.500000
3 7 0.500000
3 8 0.500000
3 9 0.500000
3 10 0.500000
3 11 0.500000
3 12 0.500000
3 13 0.500000
3 14 0.500000
4 2 0.711792
4 3 0.500000
4 4 1.000000
4 5 0.943352
4 6 0.789946
4 7 0.681229
4 8 0.761618
4 9 0.854965
4 10 0.600162
4 11 0.500000
4 12 0.500000
4 13 0.732415
5 2 0.645615
5 3 0.500000
5 4 0.943352
5 5 0.997837
5 6 0.553996
5 7 0.663222
5 8 0.686895
5 9 0.762479
5 10 0.633095
5 11 0.500000
5 12 0.500000
5 13 0.631776
5 14 0.500000
6 2 0.565032
6 3 0.500000
6 4 0.789946
6 5 0.553996
6 6 0.640210
6 7 0.559695
6 8 0.587236
6 9 0.547157
6 10 0.500630
6 11 0.500000
6 12 0.500000
6 13 0.571347
6 14 0.500000
7 2 0.548217
7 3 0.500000
7 4 0.681229
7 5 0.663222
7 6 0.559695
7 7 0.550728
7 8 0.559287
7 9 0.536841
7 10 0.512171
7 11 0.500000
7 12 0.500000
7 13 0.547931
8 2 0.566838
8 3 0.500000
8 4 0.761618
8 5 0.686895
8 6 0.587236
8 7 0.559287
8 8 0.619712
8 9 0.532228
8 10 0.503313
8 11 0.500000
8 12 0.500000
8 13 0.573995
9 2 0.534005
9 3 0.500000
9 4 0.854965
9 5 0.762479
9 6 0.547157
9 7 0.536841
9 8 0.532228
9 9 0.716450
9 10 0.535167
9 11 0.500000
9 12 0.500000
9 13 0.538140
9 14 0.500000
10 1 0.516022
10 2 0.510731
10 3 0.500000
10 4 0.600162
10 5 0.633095
10 6 0.500630
10 7 0.512171
10 8 0.503313
10 9 0.535167
10 10 0.519101
10 11 0.500000
10 12 0.500000
10 13 0.506297
10 14 0.500000
11 2 0.500000
11 3 0.500000
11 4 0.500000
11 5 0.500000
11 6 0.500000
11 7 0.500000
11 8 0.500000
11 9 0.500000
11 10 0.500000
11 11 0.500000
11 12 0.500000
11 13 0.500000
12 1 0.500000
12 2 0.500000
12 3 0.500000
12 4 0.500000
12 5 0.500000
12 6 0.500000
12 7 0.500000
12 8 0.500000
12 9 0.500000
12 10 0.500000
12 11 0.500000
12 12 0.500000
12 13 0.500000
12 14 0.500000
13 2 0.552438
13 3 0.500000
13 4 0.732415
13 5 0.631776
13 6 0.571347
13 7 0.547931
13 8 0.573995
13 9 0.538140
13 10 0.506297
13 11 0.500000
13 12 0.500000
13 13 0.558957
14 2 0.500000
14 3 0.500000
14 5 0.500000
14 6 0.500000
14 9 0.500000
14 10 0.500000
14 12 0.500000
14 14 0.500000
