1 2 0.586204
1 4 0.664155
1 5 0.619374
1 6 0.637411
1 7 0.598644
1 8 0.637586
1 9 0.567173
1 11 0.590206
1 13 0.581245
1 14 0.500000
2 1 0.586204
4 1 0.664155
4 14 0.500000
5 1 0.619374
6 1 0.637411
7 1 0.598644
7 14 0.500000
8 1 0.637586
8 14 0.500000
9 1 0.567173
11 1 0.590206
11 14 0.500000
13 1 0.581245
13 14 0.500000
14 1 0.500000
14 4 0.500000
14 7 0.500000
14 8 0.500000
14 11 0.500000
14 13 0.500000
1 1 0.714573
1 3 0.500000
1 10 0.517946
1 12 0.500000
2 2 0.538842
2 3 0.500000
2 4 0.566518
2 5 0.563751
2 6 0.561941
2 7 0.536641
2 8 0.547337
2 9 0.508284
2 10 0.510079
2 11 0.535999
2 12 0.500000
2 13 0.531876
2 14 0.500000
3 1 0.500000
3 2 0.500000
3 3 0.500000
3 4 0.500000
3 5 0.500000
3 6 0.500000
3 7 0.500000
3 8 0.500000
3 9 0.500000
3 10 0.500000
3 11 0.500000
3 12 0.500000
3 13 0.500000
3 14 0.500000
4 2 0.566518
4 3 0.500000
4 4 0.675086
4 5 0.588042
4 6 0.572391
4 7 0.583319
4 8 0.615159
4 9 0.586430
4 10 0.515383
4 11 0.571339
4 12 0.500000
4 13 0.561309
5 2 0.563751
5 3 0.500000
5 4 0.588042
5 5 0.796190
5 6 0.592315
5 7 0.550206
5 8 0.560066
5 9 0.533837
5 10 0.521541
5 11 0.544819
5 12 0.500000
5 13 0.535226
5 14 0.500000
6 2 0.561941
6 3 0.500000
6 4 0.572391
6 5 0.592315
6 6 0.637952
6 7 0.554736
6 8 0.560497
6 9 0.471809
6 10 0.517817
6 11 0.556276
6 12 0.500000
6 13 0.553226
6 14 0.500000
7 2 0.536641
7 3 0.500000
7 4 0.583319
7 5 0.550206
7 6 0.554736
7 7 0.551375
7 8 0.562040
7 9 0.502256
7 10 0.506148
7 11 0.540393
7 12 0.500000
7 13 0.534152
8 2 0.547337
8 3 0.500000
8 4 0.615159
8 5 0.560066
8 6 0.560497
8 7 0.562040
8 8 0.610732
8 9 0.564841
8 10 0.505179
8 11 0.557774
8 12 0.500000
8 13 0.551084
9 2 0.508284
9 3 0.500000
9 4 0.586430
9 5 0.533837
9 6 0.471809
9 7 0.502256
9 8 0.564841
9 9 0.979681
9 10 0.504855
9 11 0.511938
9 12 0.500000
9 13 0.525344
9 14 0.500000
10 1 0.517946
10 2 0.510079
10 3 0.500000
10 4 0.515383
10 5 0.521541
10 6 0.517817
10 7 0.506148
10 8 0.505179
10 9 0.504855
10 10 0.509153
10 11 0.506159
10 12 0.500000
10 13 0.506923
10 14 0.500000
11 2 0.535999
11 3 0.500000
11 4 0.571339
11 5 0.544819
11 6 0.556276
11 7 0.540393
11 8 0.557774
11 9 0.511938
11 10 0.506159
11 11 0.538196
11 12 0.500000
11 13 0.533527
12 1 0.500000
12 2 0.500000
12 3 0.500000
12 4 0.500000
12 5 0.500000
12 6 0.500000
12 7 0.500000
12 8 0.500000
12 9 0.500000
12 10 0.500000
12 11 0.500000
12 12 0.500000
12 13 0.500000
12 14 0.500000
13 2 0.531876
13 3 0.500000
13 4 0.561309
13 5 0.535226
13 6 0.553226
13 7 0.534152
13 8 0.551084
13 9 0.525344
13 10 0.506923
13 11 0.533527
13 12 0.500000
13 13 0.534038
14 2 0.500000
14 3 0.500000
14 5 0.500000
14 6 0.500000
14 9 0.500000
14 10 0.500000
14 12 0.500000
14 14 0.500000
