1 2 0.593900
1 4 0.799687
1 5 0.657295
1 6 0.734399
1 7 0.681523
1 8 0.665562
1 9 0.648469
1 11 0.500000
1 13 0.630834
1 14 0.500000
2 1 0.593900
4 1 0.799687
4 14 0.500000
5 1 0.657295
6 1 0.734399
7 1 0.681523
7 14 0.500000
8 1 0.665562
8 14 0.500000
9 1 0.648469
11 1 0.500000
11 14 0.500000
13 1 0.630834
13 14 0.500000
14 1 0.500000
14 4 0.500000
14 7 0.500000
14 8 0.500000
14 11 0.500000
14 13 0.500000
1 1 0.831444
1 3 0.500000
1 10 0.539780
1 12 0.500000
2 2 0.573028
2 3 0.500000
2 4 0.565265
2 5 0.545954
2 6 0.540182
2 7 0.537885
2 8 0.548739
2 9 0.522314
2 10 0.500124
2 11 0.500000
2 12 0.500000
2 13 0.541575
2 14 0.500000
3 1 0.500000
3 2 0.500000
3 3 0.500000
3 4 0.500000
3 5 0.500000
3 6 0.500000
3 7 0.500000
3 8 0.500000
3 9 0.500000
3 10 0.500000
3 11 0.500000
3 12 0.500000
3 13 0.500000
3 14 0.500000
4 2 0.565265
4 3 0.500000
4 4 0.809040
4 5 0.653625
4 6 0.680969
4 7 0.664348
4 8 0.646850
4 9 0.623401
4 10 0.557325
4 11 0.500000
4 12 0.500000
4 13 0.628127
5 2 0.545954
5 3 0.500000
5 4 0.653625
5 5 0.595724
5 6 0.565295
5 7 0.575458
5 8 0.583994
5 9 0.555961
5 10 0.523926
5 11 0.500000
5 12 0.500000
5 13 0.569860
5 14 0.500000
6 2 0.540182
6 3 0.500000
6 4 0.680969
6 5 0.565295
6 6 0.718060
6 7 0.610116
6 8 0.585855
6 9 0.617481
6 10 0.514609
6 11 0.500000
6 12 0.500000
6 13 0.562331
6 14 0.500000
7 2 0.537885
7 3 0.500000
7 4 0.664348
7 5 0.575458
7 6 0.610116
7 7 0.610856
7 8 0.586855
7 9 0.558663
7 10 0.521384
7 11 0.500000
7 12 0.500000
7 13 0.562901
8 2 0.548739
8 3 0.500000
8 4 0.646850
8 5 0.583994
8 6 0.585855
8 7 0.586855
8 8 0.587684
8 9 0.560159
8 10 0.518851
8 11 0.500000
8 12 0.500000
8 13 0.565437
9 2 0.522314
9 3 0.500000
9 4 0.623401
9 5 0.555961
9 6 0.617481
9 7 0.558663
9 8 0.560159
9 9 0.617610
9 10 0.516699
9 11 0.500000
9 12 0.500000
9 13 0.543078
9 14 0.500000
10 1 0.539780
10 2 0.500124
10 3 0.500000
10 4 0.557325
10 5 0.523926
10 6 0.514609
10 7 0.521384
10 8 0.518851
10 9 0.516699
10 10 0.524260
10 11 0.500000
10 12 0.500000
10 13 0.517853
10 14 0.500000
11 2 0.500000
11 3 0.500000
11 4 0.500000
11 5 0.500000
11 6 0.500000
11 7 0.500000
11 8 0.500000
11 9 0.500000
11 10 0.500000
11 11 0.500000
11 12 0.500000
11 13 0.500000
12 1 0.500000
12 2 0.500000
12 3 0.500000
12 4 0.500000
12 5 0.500000
12 6 0.500000
12 7 0.500000
12 8 0.500000
12 9 0.500000
12 10 0.500000
12 11 0.500000
12 12 0.500000
12 13 0.500000
12 14 0.500000
13 2 0.541575
13 3 0.500000
13 4 0.628127
13 5 0.569860
13 6 0.562331
13 7 0.562901
13 8 0.565437
13 9 0.543078
13 10 0.517853
13 11 0.500000
13 12 0.500000
13 13 0.558405
14 2 0.500000
14 3 0.500000
14 5 0.500000
14 6 0.500000
14 9 0.500000
14 10 0.500000
14 12 0.500000
14 14 0.500000
