1 2 0.643485
1 4 0.695062
1 5 0.597112
1 6 0.705221
1 7 0.728435
1 8 0.648108
1 9 0.669659
1 11 0.500000
1 13 0.618843
1 14 0.500000
2 1 0.643485
4 1 0.695062
4 14 0.500000
5 1 0.597112
6 1 0.705221
7 1 0.728435
7 14 0.500000
8 1 0.648108
8 14 0.500000
9 1 0.669659
11 1 0.500000
11 14 0.500000
13 1 0.618843
13 14 0.500000
14 1 0.500000
14 4 0.500000
14 7 0.500000
14 8 0.500000
14 11 0.500000
14 13 0.500000
1 1 0.797641
1 3 0.500000
1 10 0.494937
1 12 0.500000
2 2 0.567132
2 3 0.500000
2 4 0.588107
2 5 0.543512
2 6 0.591732
2 7 0.591481
2 8 0.567062
2 9 0.573925
2 10 0.497087
2 11 0.500000
2 12 0.500000
2 13 0.554925
2 14 0.500000
3 1 0.500000
3 2 0.500000
3 3 0.500000
3 4 0.500000
3 5 0.500000
3 6 0.500000
3 7 0.500000
3 8 0.500000
3 9 0.500000
3 10 0.500000
3 11 0.500000
3 12 0.500000
3 13 0.500000
3 14 0.500000
4 2 0.588107
4 3 0.500000
4 4 0.714974
4 5 0.561404
4 6 0.654771
4 7 0.639922
4 8 0.551393
4 9 0.616634
4 10 0.487347
4 11 0.500000
4 12 0.500000
4 13 0.568689
5 2 0.543512
5 3 0.500000
5 4 0.561404
5 5 0.550792
5 6 0.559727
5 7 0.546030
5 8 0.548335
5 9 0.574101
5 10 0.491837
5 11 0.500000
5 12 0.500000
5 13 0.536456
5 14 0.500000
6 2 0.591732
6 3 0.500000
6 4 0.654771
6 5 0.559727
6 6 0.674690
6 7 0.661444
6 8 0.578827
6 9 0.616626
6 10 0.501111
6 11 0.500000
6 12 0.500000
6 13 0.572730
6 14 0.500000
7 2 0.591481
7 3 0.500000
7 4 0.639922
7 5 0.546030
7 6 0.661444
7 7 0.764756
7 8 0.597767
7 9 0.612201
7 10 0.510035
7 11 0.500000
7 12 0.500000
7 13 0.572328
8 2 0.567062
8 3 0.500000
8 4 0.551393
8 5 0.548335
8 6 0.578827
8 7 0.597767
8 8 0.597284
8 9 0.578971
8 10 0.492753
8 11 0.500000
8 12 0.500000
8 13 0.556677
9 2 0.573925
9 3 0.500000
9 4 0.616634
9 5 0.574101
9 6 0.616626
9 7 0.612201
9 8 0.578971
9 9 0.626075
9 10 0.487353
9 11 0.500000
9 12 0.500000
9 13 0.560879
9 14 0.500000
10 1 0.494937
10 2 0.497087
10 3 0.500000
10 4 0.487347
10 5 0.491837
10 6 0.501111
10 7 0.510035
10 8 0.492753
10 9 0.487353
10 10 0.517102
10 11 0.500000
10 12 0.500000
10 13 0.496854
10 14 0.500000
11 2 0.500000
11 3 0.500000
11 4 0.500000
11 5 0.500000
11 6 0.500000
11 7 0.500000
11 8 0.500000
11 9 0.500000
11 10 0.500000
11 11 0.500000
11 12 0.500000
11 13 0.500000
12 1 0.500000
12 2 0.500000
12 3 0.500000
12 4 0.500000
12 5 0.500000
12 6 0.500000
12 7 0.500000
12 8 0.500000
12 9 0.500000
12 10 0.500000
12 11 0.500000
12 12 0.500000
12 13 0.500000
12 14 0.500000
13 2 0.554925
13 3 0.500000
13 4 0.568689
13 5 0.536456
13 6 0.572730
13 7 0.572328
13 8 0.556677
13 9 0.560879
13 10 0.496854
13 11 0.500000
13 12 0.500000
13 13 0.546715
14 2 0.500000
14 3 0.500000
14 5 0.500000
14 6 0.500000
14 9 0.500000
14 10 0.500000
14 12 0.500000
14 14 0.500000
