3.161484
1.800321
1.970135
1.852058
4.053767
1.544420
1.870131
2.153200
2.045268
1.588177
2.129739
2.333408
2.278540
2.576155
1.525789
2.315158
3.655473
2.377764
1.576674
1.887654
2.087112
2.518176
1.939466
1.774708
1.895218
1.791570
2.243424
2.377834
1.660810
2.146058
4.279059
2.059488
1.886631
1.446915
2.140209
2.194230
2.674944
3.192136
1.328834
1.626848
1.562909
1.902064
2.579142
1.885158
1.919955
2.223511
1.344923
2.918488
2.429839
2.105982
1.531800
3.065912
1.635333
1.867229
1.790459
2.678444
2.497432
3.248347
2.435302
3.584429
1.748024
1.737163
2.534139
1.761908
4.654152
2.023103
3.227693
2.208612
2.220739
2.130232
2.254596
2.416309
1.289580
1.000463
2.008916
2.580760
2.587655
2.447854
3.544035
1.932847
3.533213
2.539191
2.013807
1.970997
1.726849
3.043049
1.596168
1.668266
3.103171
2.353312
2.036089
1.738871
1.473771
1.867022
1.928614
2.016799
1.650630
2.274777
2.136564
2.474109
2.032377
2.103318
1.269209
1.796204
2.013569
2.446018
2.971312
2.090949
1.331436
1.933380
1.553066
2.139445
2.396192
1.601363
1.863055
1.560629
1.793771
2.057887
1.273546
2.937022
1.341428
1.647649
2.059561
2.726411
3.048739
2.558820
2.287399
2.050382
2.068516
1.497981
2.211159
1.066297
2.480669
1.509579
2.464028
2.207872
2.385388
2.484786
2.742665
2.481392
1.714946
2.038305
1.847197
2.829881
2.383764
2.226472
1.468380
1.589849
1.823518
1.445685
1.418012
1.258250
2.046597
2.858329
1.423410
1.554289
2.070161
2.476751
4.125525
1.902692
2.083108
1.859770
2.088890
2.614930
1.334831
1.315549
2.053691
2.903438
1.521184
1.539143
2.171308
2.384428
2.641177
1.481547
2.292145
1.874676
2.081234
1.498526
2.182870
1.561384
1.784133
2.739699
3.080912
2.228742
1.308726
2.715723
3.065449
2.935305
1.417881
2.336910
2.793631
3.060361
1.516540
3.012731
1.380826
1.400834
1.785448
1.696631
1.992052
1.588240
