2.761004
3.127177
2.937092
3.638151
3.896895
2.791221
2.719311
1.659964
2.392856
2.030632
1.888486
3.357584
1.567734
1.776732
2.741245
1.874802
1.660711
1.789994
2.166425
2.093456
2.641280
1.859022
3.232852
1.184399
1.963971
3.736255
2.742613
1.277275
2.750811
1.037300
1.892009
2.071997
2.599983
2.333977
1.737021
1.550861
1.926364
2.076961
2.610056
2.218906
2.423882
1.359385
1.827172
2.145204
1.750405
2.333217
2.725795
1.733718
1.848318
2.150446
2.280787
2.296939
2.291607
1.319097
1.267740
2.509945
2.846644
1.025367
1.324025
2.025139
3.041278
3.634820
1.896086
2.157511
2.216153
1.660121
1.094169
1.458342
1.301244
1.903445
1.979120
3.122335
2.546763
1.318615
2.557882
1.900009
1.856750
1.227484
2.182638
1.888807
1.370926
1.784360
1.900651
1.770712
1.402377
1.186729
1.929103
4.146354
1.768353
2.963929
1.377534
1.792854
2.712203
1.812987
1.623893
1.815771
2.454066
2.007250
0.843021
1.595885
2.382104
2.807673
3.120343
1.992125
2.404284
2.703849
1.694036
1.395715
2.334411
1.805663
2.000051
2.048970
1.370707
1.974108
1.754546
1.808538
1.415569
1.471735
1.074391
1.544892
1.778818
1.575211
1.900709
2.411078
3.393993
2.106865
1.600838
1.606079
2.194833
1.398717
1.603800
1.231979
0.972460
0.998789
1.774460
1.026830
1.856379
2.390697
1.288249
3.067304
1.830819
1.212730
1.328066
1.201249
1.209652
1.320730
2.472967
1.575537
1.271282
1.946390
2.320839
2.773140
1.469780
1.865448
2.508165
1.594246
1.431889
2.117443
1.234483
1.654074
2.416051
1.386511
2.855474
1.821990
1.098151
3.202322
1.471526
1.917977
1.364162
1.118756
2.330801
1.928770
2.473468
1.647522
1.860705
2.505265
2.370018
1.216998
3.316625
1.195447
1.945932
1.733647
2.392956
1.575551
2.595819
2.551785
1.964225
1.137298
2.121072
1.845907
2.215103
2.468016
3.091987
3.374881
1.395887
1.920935
2.553576
1.562780
1.646177
2.192502
2.668872
1.913135
1.343033
1.219495
1.358026
1.499023
1.175459
3.092087
1.812480
1.709698
1.415700
