1.212807
2.752522
1.032980
2.882905
1.500695
1.342208
3.064525
1.904326
2.169769
2.094805
2.046024
3.307903
2.846834
1.180873
2.300849
2.512508
2.977113
1.932327
1.823634
2.030957
2.379806
2.308356
1.505048
3.568567
2.658816
1.689477
1.236920
3.334759
2.172736
1.876212
3.138332
1.549896
1.991976
2.953659
2.216942
2.627445
1.000998
2.368845
1.940961
2.142229
1.293542
1.814971
1.169494
2.049660
2.851458
2.632831
3.321310
1.928554
2.178623
1.529959
2.048609
0.888915
1.428687
1.400577
2.919329
2.277164
1.353792
1.663263
1.635024
1.541856
4.087370
2.157229
2.679764
3.314067
3.352736
2.289965
3.866370
1.938695
1.716036
2.260091
2.960976
1.591987
1.010926
1.565404
1.735146
3.700679
3.451429
1.185238
2.812362
2.506629
3.643406
2.999613
2.937840
1.258133
1.619733
2.017220
1.603734
1.508782
1.782778
1.594590
1.529377
0.861025
2.184659
2.383212
1.124812
3.061093
1.966879
2.088658
3.168933
4.516150
1.461553
2.473290
1.210364
1.790794
2.105057
3.377479
2.369879
1.961289
2.104255
1.739087
2.947987
2.829891
1.940742
2.598276
1.908454
1.222627
1.789731
1.474158
2.487221
3.459807
2.125292
2.207215
3.094141
3.879954
1.747875
2.164760
2.470776
2.416606
3.505418
3.991920
2.621678
1.981033
1.944504
2.184803
2.406927
1.481578
1.038150
2.144650
1.450674
1.619369
1.885871
2.454103
1.327834
2.061106
2.023633
2.180975
3.870515
1.122458
2.319515
2.665946
2.146273
3.427396
2.987271
3.261991
1.541659
2.343121
2.661950
1.617668
1.251281
2.803418
2.296268
2.851724
1.654125
