1.947735
2.044029
2.153184
1.387060
1.582151
2.183998
1.251590
1.236674
2.550996
3.209533
1.769598
2.098249
2.134541
2.123862
1.767886
2.619494
3.421200
3.058482
1.897547
1.813422
1.757494
2.193019
2.617102
2.593147
1.728201
2.983256
3.090162
2.729246
1.869627
2.752131
1.648906
1.695001
2.035927
2.012282
1.875670
1.562029
1.849670
2.374393
2.923883
2.173784
2.661313
1.550064
2.261961
3.278363
1.851084
1.492200
2.475722
1.520255
3.079975
1.353569
2.676546
1.962701
1.697336
2.020539
1.530065
1.554390
1.651884
2.756202
3.198482
2.347351
2.483703
1.527834
1.901804
3.429963
1.744594
1.207128
1.509646
2.724422
1.446992
1.500851
2.045893
2.517612
3.497860
1.742897
1.816131
0.975620
2.627618
1.789563
3.454520
1.946835
1.767848
2.860108
2.247655
1.504806
1.503109
1.934515
1.875145
2.865496
1.616768
1.680604
1.735373
1.804838
2.532264
1.151450
1.749171
2.405000
1.441480
1.473413
1.119496
1.762210
4.433200
2.249187
2.668581
0.833576
1.475499
2.609964
1.707487
1.409074
2.359876
1.173562
1.185923
2.307586
2.106679
1.216166
1.990610
2.237519
3.185702
2.347130
2.002791
1.916757
1.921173
1.644134
2.065931
1.697814
1.667381
2.336630
1.530576
1.857632
1.619842
1.311534
