1.661231
1.968557
1.835679
1.046072
2.041760
1.017724
1.449931
1.904998
2.245579
1.442164
1.526765
1.518883
2.039653
3.797226
1.694278
1.118395
1.794716
2.333269
1.175292
1.846269
1.348445
3.353734
1.638539
2.004145
2.207915
2.443891
1.512863
1.665084
1.691618
0.916177
3.153139
1.103251
1.748788
1.821750
1.694198
1.958199
1.901055
1.092606
2.062975
1.355002
1.872654
1.415985
1.599619
1.375707
3.103334
1.930668
1.895268
1.101130
1.326264
1.908119
1.960478
1.956403
2.391768
1.954808
1.177179
1.391251
1.119913
1.310401
1.255219
1.076379
1.433955
2.196719
1.264781
1.453834
2.277941
1.837339
2.565466
2.220891
1.548041
1.978513
1.621192
1.587701
1.563831
1.850289
2.012212
0.851353
1.325351
1.982190
1.575264
2.562802
1.512144
1.169133
1.882722
1.684995
1.809024
1.061663
2.522900
1.876396
1.703939
1.688538
1.523534
1.881932
2.112525
1.425081
1.525783
2.462097
1.639309
1.735511
2.414985
1.407524
1.598500
2.326601
2.680567
2.171915
1.163057
1.815155
1.597578
1.451749
1.591789
1.688735
1.543772
1.825542
3.660828
1.466128
2.295712
2.125333
0.950782
1.592142
1.726881
2.391607
2.246812
1.869002
1.612707
2.819025
1.985992
2.571049
1.466751
1.370575
0.971211
1.359088
1.787109
1.902233
1.799476
3.436406
1.241226
2.256070
2.513401
1.283907
1.292258
1.965059
2.545034
2.313549
1.930542
1.704265
3.394397
1.575844
2.437707
1.781910
1.230851
0.917466
1.182268
1.661095
1.593735
1.305921
1.415657
2.229406
1.337958
2.162054
1.828228
1.646702
1.548777
2.097358
1.174437
1.956381
1.777060
3.226594
1.305348
1.700200
3.371120
1.650165
1.878736
1.442139
1.321663
1.895458
2.997572
4.206766
2.353208
2.066604
2.658545
1.756204
1.949566
1.655301
1.996376
1.210753
2.003388
1.199176
1.339846
1.555578
1.219256
2.542297
1.762504
2.251052
1.636277
1.463053
2.044369
1.413609
1.509284
2.683738
1.567942
1.323416
1.899231
1.413499
1.673860
2.659751
1.367190
2.480692
2.007407
4.813392
1.372490
1.582036
1.679466
1.996089
1.340635
2.326992
1.706255
2.396373
3.034621
1.305874
2.568275
1.258849
1.562094
1.252457
1.667349
1.580573
2.104928
2.214115
1.188473
1.280906
1.611151
2.133713
1.413971
1.642066
1.837799
1.550401
1.052536
1.738780
1.238501
0.992683
1.338179
2.797244
1.339818
1.712890
1.251116
2.496745
2.481763
1.443367
1.431658
1.282027
1.039035
1.578884
1.844249
1.929764
1.821532
1.570738
1.677333
1.593774
0.982405
1.701409
1.907675
1.193548
3.003775
1.950286
1.949324
0.910313
2.391888
1.844535
2.111304
1.461123
1.114377
1.594245
2.027155
1.121865
1.217162
2.237319
1.716493
1.490320
2.136563
1.521140
1.536612
1.703090
1.668637
2.361369
2.147107
1.813583
1.564109
2.840400
1.666298
1.806371
1.263754
1.909257
1.456720
1.216031
1.853315
1.617715
2.027804
2.577095
1.131954
1.276619
1.756435
0.950748
2.264180
1.264090
1.109745
1.092364
1.495153
1.240293
1.082094
1.507188
2.502357
1.345846
0.944393
2.515283
1.817805
1.048767
1.507092
1.501457
3.099608
1.481831
1.277843
