1.618942
1.160217
5.778797
1.674093
2.490543
2.011350
4.029725
5.297119
2.227820
1.556660
1.499896
1.729713
1.486548
1.722084
1.466411
2.125710
3.769936
1.340855
2.370046
2.037600
2.551289
2.507958
1.699662
2.086344
1.505890
1.979795
1.148262
1.544203
1.653767
1.366204
3.200288
4.105457
2.261283
1.856994
1.792985
1.538068
1.779432
2.513965
2.344140
2.142772
2.895720
1.246927
1.486428
2.607557
1.584032
1.268179
1.127557
1.829298
1.618065
4.066750
1.960961
2.771896
1.418554
2.980510
1.954624
1.556538
1.365196
1.766142
2.422303
2.128412
2.837507
1.618236
1.901471
1.616740
2.368144
2.386693
1.986706
1.277126
1.488189
1.701464
2.125039
1.646735
3.366121
2.498282
1.467806
2.878686
1.897435
1.921017
1.807044
1.956950
1.159671
1.315887
1.183985
1.513110
5.258767
1.650276
2.411124
2.960821
3.148205
2.481067
2.956403
2.226502
1.728364
1.560903
2.055648
1.707095
1.294164
1.734279
1.492222
1.805851
1.209046
1.573477
2.033994
2.028425
1.898742
1.805864
2.620531
2.787948
2.567596
1.174289
2.368552
1.597819
3.271141
1.764771
1.194729
5.586018
3.220100
1.599636
2.138485
1.304227
2.425900
1.578234
1.932034
1.320148
1.430080
1.644951
1.848161
4.186028
1.276822
2.127521
2.754801
1.249161
1.094627
2.120716
2.113422
1.189403
1.188263
2.177508
1.086301
2.130829
2.398275
1.446169
4.394171
2.023607
1.887420
2.835261
1.887966
1.955813
1.554398
1.589050
1.659393
1.827861
1.595809
3.016903
1.232504
1.784145
1.521879
1.976399
1.638327
2.620326
2.676543
1.910709
1.331786
1.521559
1.264020
1.116158
1.321568
2.204078
2.457627
1.758953
2.035571
1.992926
2.052652
2.247556
2.154193
3.496440
0.811386
1.256578
1.789177
0.775137
2.951201
1.751682
3.971523
0.926684
2.259782
1.810700
1.238461
1.339548
1.753645
1.734546
1.617307
1.884204
1.976760
2.397056
1.410015
1.257642
1.165018
1.499196
1.427091
0.925924
2.833075
1.850787
1.581786
1.434754
1.447911
1.477991
2.021859
1.496212
1.598969
2.495070
2.750735
1.326514
1.372660
2.456511
1.665449
1.577313
2.928398
1.097583
1.670931
2.170513
1.534283
1.847582
1.990372
1.868454
1.819625
1.067432
2.732169
1.985351
2.427903
2.364807
1.801342
1.226621
2.488879
1.702212
1.386586
1.386239
1.590270
1.216707
3.849663
1.551026
1.508507
2.228042
0.956727
2.649649
1.338509
1.256795
2.723286
1.740206
1.583646
2.445570
1.545816
2.149915
2.980010
1.051551
2.423168
1.408319
1.218604
2.365852
2.353950
2.148555
1.218702
2.981739
1.760776
4.128264
1.392140
1.286884
3.514852
2.095016
1.471768
1.264319
1.593257
1.452012
1.823544
1.727095
1.684023
1.093889
1.338153
1.501068
1.570659
1.605267
2.691124
0.999063
1.515573
1.776937
1.921391
2.019008
1.572165
2.144700
2.296301
1.309655
1.274992
2.332526
2.991576
1.346525
0.884984
1.736716
1.744688
2.496661
1.412349
1.483190
1.653935
1.530658
0.981763
1.965548
1.780779
2.519127
1.624557
1.496228
2.130545
1.287537
1.588282
2.036798
2.284413
2.385877
1.200177
1.212936
1.398957
1.201538
1.663411
2.582405
1.836020
2.926227
1.669603
3.106600
1.331960
1.589243
2.115988
1.422426
1.403415
1.785978
1.561998
1.754196
1.672577
1.649001
1.457593
1.020352
1.941327
0.896464
1.316634
2.567736
1.168707
1.193638
2.171396
1.365312
1.969655
3.435109
2.933712
1.226367
1.543888
1.690656
0.786682
2.068386
1.652356
2.652254
2.523502
1.633063
1.940048
1.793272
2.185962
2.091424
1.632361
2.821397
1.629785
1.444179
1.282103
1.285321
1.532604
1.122313
1.402724
1.284430
1.601572
1.779876
2.543700
1.298973
1.416782
1.399381
1.388484
1.676959
1.447430
2.309326
1.443234
1.748456
1.307031
1.852631
2.611480
1.599281
1.521370
2.451276
1.200499
2.319904
2.136942
1.360117
1.369669
1.891994
1.136154
1.240547
1.757435
1.631203
1.899908
0.889716
1.114670
1.300538
1.435452
2.305030
1.249224
1.788758
1.493044
1.607196
1.447422
1.948949
2.446842
1.037497
1.909443
1.498513
1.924728
1.929805
3.668103
2.063529
1.113627
1.218322
3.229860
1.159275
3.475064
1.177560
2.303063
1.396621
1.809475
2.260209
1.555088
1.288935
1.846534
1.840347
1.598993
1.363449
1.263826
1.173937
1.139889
2.208861
1.235003
2.812183
1.376035
1.518745
1.787052
1.268545
1.337093
2.124066
1.665522
2.501885
1.105671
1.405188
1.441551
1.042247
2.851933
1.762760
1.372566
1.795550
1.536842
1.644891
1.364088
1.196100
1.410995
2.088554
2.552146
2.142143
1.646008
1.873615
1.485558
1.013558
1.883192
1.321455
1.644784
2.330228
2.310105
1.509468
1.252998
1.262552
1.876388
1.728401
0.940044
2.931937
2.025562
1.257554
1.046527
1.811275
1.503166
1.633320
1.855436
2.562350
1.583588
1.825035
1.629816
1.746239
1.454181
2.252459
1.535682
1.582861
1.508616
1.440242
2.310688
1.242496
2.655015
1.646811
1.480082
1.556373
