1 2 0.855194
1 3 0.835478
1 5 0.797461
1 8 0.930311
1 12 0.784561
1 16 0.748540
1 17 0.835509
1 19 0.959842
2 1 0.855194
2 8 0.895583
2 19 0.933736
3 1 0.835478
3 8 0.874645
4 17 0.500000
5 1 0.797461
5 8 0.814088
8 1 0.930311
8 2 0.895583
8 3 0.874645
8 5 0.814088
8 12 0.841660
8 13 0.812968
8 14 0.999888
8 15 0.500000
8 16 0.779462
8 17 0.885275
8 19 0.978855
10 19 0.921333
12 1 0.784561
12 8 0.841660
13 8 0.812968
14 8 0.999888
15 8 0.500000
16 1 0.748540
16 8 0.779462
17 1 0.835509
17 4 0.500000
17 8 0.885275
17 19 0.921588
18 19 0.935538
19 1 0.959842
19 2 0.933736
19 8 0.978855
19 10 0.921333
19 17 0.921588
19 18 0.935538
1 1 0.902835
1 4 0.500000
1 6 0.963869
1 7 0.504185
1 9 0.581591
1 10 0.837173
1 11 0.662313
1 13 0.756803
1 14 0.999563
1 15 0.500000
1 18 0.855462
2 2 0.820644
2 3 0.790323
2 4 0.500000
2 5 0.742068
2 6 0.956961
2 7 0.503354
2 9 0.556758
2 10 0.796393
2 11 0.632967
2 12 0.741443
2 13 0.727765
2 14 0.997909
2 15 0.500000
2 16 0.694730
2 17 0.798133
2 18 0.809828
3 2 0.790323
3 3 0.777097
3 4 0.500000
3 5 0.728996
3 6 0.922179
3 7 0.503042
3 9 0.555715
3 10 0.768791
3 11 0.624928
3 12 0.719682
3 13 0.702869
3 14 0.995831
3 15 0.500000
3 16 0.686465
3 17 0.771970
3 18 0.779990
3 19 0.913105
4 1 0.500000
4 2 0.500000
4 3 0.500000
4 4 0.500000
4 5 0.500000
4 6 0.500000
4 7 0.500000
4 8 0.500000
4 9 0.500000
4 10 0.500000
4 11 0.500000
4 12 0.500000
4 13 0.500000
4 14 0.500000
4 15 0.500000
4 16 0.500000
4 18 0.500000
4 19 0.500000
5 2 0.742068
5 3 0.728996
5 4 0.500000
5 5 0.724953
5 6 0.870796
5 7 0.502517
5 9 0.546535
5 10 0.724947
5 11 0.592229
5 12 0.668992
5 13 0.654909
5 14 0.992461
5 15 0.500000
5 16 0.652068
5 17 0.712564
5 18 0.733999
5 19 0.865309
6 1 0.963869
6 2 0.956961
6 3 0.922179
6 4 0.500000
6 5 0.870796
6 6 1.000000
6 7 0.505697
6 8 0.980916
6 9 0.546713
6 10 0.924747
6 11 0.694043
6 12 0.849411
6 13 0.872900
6 14 0.999922
6 15 0.500000
6 16 0.745418
6 17 0.920491
6 18 0.948393
6 19 0.992510
7 1 0.504185
7 2 0.503354
7 3 0.503042
7 4 0.500000
7 5 0.502517
7 6 0.505697
7 7 0.500040
7 8 0.504973
7 9 0.500553
7 10 0.503059
7 11 0.501503
7 12 0.502600
7 13 0.502467
7 14 0.514821
7 15 0.500000
7 16 0.502163
7 17 0.503184
7 18 0.503369
7 19 0.505998
8 4 0.500000
8 6 0.980916
8 7 0.504973
8 8 0.962438
8 9 0.589613
8 10 0.876952
8 11 0.707329
8 18 0.890062
9 1 0.581591
9 2 0.556758
9 3 0.555715
9 4 0.500000
9 5 0.546535
9 6 0.546713
9 7 0.500553
9 8 0.589613
9 9 0.537198
9 10 0.559066
9 11 0.524333
9 12 0.540352
9 13 0.533581
9 14 0.703872
9 15 0.500000
9 16 0.553407
9 17 0.558834
9 18 0.578055
9 19 0.615539
10 1 0.837173
10 2 0.796393
10 3 0.768791
10 4 0.500000
10 5 0.724947
10 6 0.924747
10 7 0.503059
10 8 0.876952
10 9 0.559066
10 10 0.781399
10 11 0.626629
10 12 0.726145
10 13 0.705418
10 14 0.997134
10 15 0.500000
10 16 0.690397
10 17 0.779489
10 18 0.799437
11 1 0.662313
11 2 0.632967
11 3 0.624928
11 4 0.500000
11 5 0.592229
11 6 0.694043
11 7 0.501503
11 8 0.707329
11 9 0.524333
11 10 0.626629
11 11 0.573717
11 12 0.616401
11 13 0.604598
11 14 0.918121
11 15 0.500000
11 16 0.587970
11 17 0.636124
11 18 0.636021
11 19 0.735427
12 2 0.741443
12 3 0.719682
12 4 0.500000
12 5 0.668992
12 6 0.849411
12 7 0.502600
12 9 0.540352
12 10 0.726145
12 11 0.616401
12 12 0.718480
12 13 0.681616
12 14 0.991946
12 15 0.500000
12 16 0.655591
12 17 0.739077
12 18 0.738370
12 19 0.870107
13 1 0.756803
13 2 0.727765
13 3 0.702869
13 4 0.500000
13 5 0.654909
13 6 0.872900
13 7 0.502467
13 9 0.533581
13 10 0.705418
13 11 0.604598
13 12 0.681616
13 13 0.676459
13 14 0.984700
13 15 0.500000
13 16 0.632039
13 17 0.718513
13 18 0.713422
13 19 0.847069
14 1 0.999563
14 2 0.997909
14 3 0.995831
14 4 0.500000
14 5 0.992461
14 6 0.999922
14 7 0.514821
14 9 0.703872
14 10 0.997134
14 11 0.918121
14 12 0.991946
14 13 0.984700
14 14 1.000000
14 15 0.500000
14 16 0.978004
14 17 0.996795
14 18 0.997761
14 19 0.999986
15 1 0.500000
15 2 0.500000
15 3 0.500000
15 4 0.500000
15 5 0.500000
15 6 0.500000
15 7 0.500000
15 9 0.500000
15 10 0.500000
15 11 0.500000
15 12 0.500000
15 13 0.500000
15 14 0.500000
15 15 0.500000
15 16 0.500000
15 17 0.500000
15 18 0.500000
15 19 0.500000
16 2 0.694730
16 3 0.686465
16 4 0.500000
16 5 0.652068
16 6 0.745418
16 7 0.502163
16 9 0.553407
16 10 0.690397
16 11 0.587970
16 12 0.655591
16 13 0.632039
16 14 0.978004
16 15 0.500000
16 16 0.651704
16 17 0.690657
16 18 0.714361
16 19 0.826996
17 2 0.798133
17 3 0.771970
17 5 0.712564
17 6 0.920491
17 7 0.503184
17 9 0.558834
17 10 0.779489
17 11 0.636124
17 12 0.739077
17 13 0.718513
17 14 0.996795
17 15 0.500000
17 16 0.690657
17 17 0.788183
17 18 0.795860
18 1 0.855462
18 2 0.809828
18 3 0.779990
18 4 0.500000
18 5 0.733999
18 6 0.948393
18 7 0.503369
18 8 0.890062
18 9 0.578055
18 10 0.799437
18 11 0.636021
18 12 0.738370
18 13 0.713422
18 14 0.997761
18 15 0.500000
18 16 0.714361
18 17 0.795860
18 18 0.832695
19 3 0.913105
19 4 0.500000
19 5 0.865309
19 6 0.992510
19 7 0.505998
19 9 0.615539
19 11 0.735427
19 12 0.870107
19 13 0.847069
19 14 0.999986
19 15 0.500000
19 16 0.826996
19 19 0.991615
