3.417030
3.781172
3.364364
3.265161
2.838628
3.484267
2.469635
2.491308
2.514341
3.663951
3.573931
3.110822
1.971637
2.806779
4.522324
1.971199
3.577839
2.994618
2.984865
2.662380
3.147441
4.128764
2.711451
3.489693
2.462095
2.662898
2.768878
2.878450
3.692213
2.480238
3.592332
3.006263
3.131319
2.530871
4.203130
4.493225
3.366343
3.467145
2.959600
3.480334
3.087891
2.363872
2.650581
3.708067
2.518774
3.470994
2.328619
3.318102
2.784378
2.465093
2.807120
3.025223
3.200310
2.012648
2.986725
1.941607
3.003363
3.455400
3.527950
2.879948
3.104311
2.444491
4.001263
3.460220
3.674236
3.590285
3.160456
2.804462
4.068152
2.792801
2.447809
2.229685
2.683098
2.808474
2.539706
2.914006
3.294779
3.695957
3.368509
2.129769
1.833409
3.112300
2.394116
2.707333
2.992024
3.722978
3.304658
2.411685
2.933944
2.924146
1.942353
3.649707
3.342279
2.624412
2.619441
2.707168
3.156552
3.935206
3.706467
2.262530
3.193323
2.727046
2.659840
2.795116
3.442883
2.829862
3.468339
2.434538
3.136059
2.432434
2.572927
2.868199
1.856802
2.213413
3.895784
3.215646
2.366264
2.566181
3.026941
3.426694
2.007044
3.238209
2.385292
3.027906
3.723007
2.734626
3.075281
2.560622
2.824022
2.121161
2.325145
2.817558
3.465419
2.582779
2.502408
3.212371
2.343662
1.942089
2.371910
2.242343
2.092463
2.060945
2.514765
2.469093
2.435359
1.850308
1.772263
2.261135
1.771496
2.761753
3.017908
3.127595
2.503458
1.885577
1.966399
3.529767
2.679910
1.878299
2.900311
2.692478
1.773566
2.761631
3.557907
3.384145
1.852515
1.871947
2.427893
2.430206
3.107385
2.841018
3.084130
1.759211
2.636130
2.332844
3.810160
3.306063
1.706029
2.274387
2.390138
2.644721
2.427251
1.869633
1.937529
3.247821
2.374782
3.394291
2.601331
2.503024
2.846928
2.365237
2.388570
2.130575
2.539037
2.958608
2.106177
1.798480
3.001964
