9.725989
4.447692
7.331925
4.372182
3.800373
6.031941
6.054434
7.618927
5.706447
5.794824
6.525486
7.380403
6.637362
6.719766
10.518589
4.302329
10.740667
11.016873
8.937001
4.307949
9.075757
5.672609
8.807469
4.405190
5.516914
7.922316
4.786161
3.852994
7.773691
5.058005
8.810492
7.627147
7.774537
11.805385
5.453373
4.599631
3.707917
6.041254
4.492396
4.960139
2.613352
6.523110
5.284681
6.667633
4.913425
6.734251
3.255116
4.664096
8.217563
6.694564
2.865268
5.643466
6.671296
4.880027
6.426954
3.240683
5.308738
7.315086
7.245970
5.655354
5.340418
6.111801
7.311450
6.110370
4.561884
4.256727
4.798901
7.764867
4.525456
7.299579
7.736598
7.937102
4.729917
6.019090
7.636442
7.452217
8.062704
5.834792
4.923777
2.158505
4.400375
5.341679
4.729858
4.532231
3.308487
4.304224
4.487788
8.369579
4.949430
4.370246
5.285058
5.188545
5.263450
2.803059
3.958456
4.253674
3.869897
3.337872
5.125008
3.382347
6.572154
3.976131
6.552780
4.801459
4.388783
4.550943
4.280083
4.107797
5.639056
3.847706
5.482612
5.888682
3.573688
3.291023
3.783734
3.149935
4.271535
2.601357
4.099534
2.352590
4.917175
4.241520
7.245452
3.859743
4.351601
3.850008
3.838697
5.026804
4.683100
3.621436
5.016886
4.584374
4.275691
6.801043
3.293604
3.802451
3.098909
2.707489
5.477742
2.876034
7.054077
4.806557
3.205450
4.243811
7.819271
2.622434
6.652013
5.435994
3.976991
4.574442
3.834636
4.303332
3.771010
2.776499
2.736160
4.110396
3.468162
4.752986
3.326506
7.815022
5.603280
4.725140
3.941096
3.243546
2.821675
3.942528
3.386523
5.401805
5.928542
4.288651
4.876851
4.258858
3.391973
5.164308
3.460932
5.369801
2.764898
2.934704
3.065855
3.854792
6.216685
3.024605
3.145394
3.602626
4.987713
2.948041
2.692952
4.372733
5.129173
5.822246
2.860230
3.229019
5.364797
4.857475
4.670447
3.437422
3.286813
6.940192
3.323965
3.468562
2.877702
3.180012
4.192424
3.136355
2.527761
3.848193
3.757053
2.922328
3.321539
2.350284
3.715169
3.936442
4.624244
3.127563
2.563006
3.513239
2.970178
6.340068
3.158577
2.221364
2.642457
3.298255
2.619885
4.064027
4.347290
3.570959
3.253702
3.087381
2.636963
3.294579
2.658528
3.053798
2.644761
3.119193
3.210387
2.454688
3.095667
2.560002
4.136837
4.965287
3.593649
3.264231
6.429265
2.424021
2.165780
4.933841
3.189668
3.028382
2.733172
6.428757
2.810019
3.249657
4.830014
3.923783
4.212728
5.120033
4.073579
3.351001
4.389110
2.785704
3.303053
2.562130
3.905736
4.185302
3.667285
4.759007
2.607113
2.860040
2.970605
3.220652
2.877750
3.173455
2.418124
4.208134
3.580915
2.455482
3.451690
3.625404
3.596381
2.981808
2.832179
3.015462
3.877858
2.063866
2.189075
3.129816
4.202048
4.987002
1.813863
4.906292
3.954066
2.816718
3.325636
2.950950
3.268223
4.590420
3.733346
3.036783
3.353233
1.869881
2.794728
2.415358
2.665945
3.380728
3.061581
3.901484
2.363252
2.471429
3.320258
3.185556
4.280548
2.723465
3.022182
6.189565
1.861723
4.038476
2.976551
2.599316
3.457285
2.256715
2.788179
2.631098
4.806036
5.039944
3.506049
4.048707
3.616200
2.261125
2.767608
2.231886
2.693856
1.928038
4.271956
4.824478
4.701484
2.816371
2.108208
3.117946
3.318588
3.032523
2.872449
5.194099
2.571980
2.489272
4.222885
3.478627
2.279273
4.077956
4.477248
1.738560
3.498800
2.345100
3.109690
2.616870
2.414954
3.389541
2.040424
2.011107
3.004254
3.535689
3.187260
1.829603
3.279455
3.095070
2.501118
2.406163
3.190631
2.854706
3.303225
3.248869
2.335355
2.236153
3.200642
2.889909
3.893366
2.756049
3.849031
3.015199
2.298628
4.300564
2.476631
2.500784
2.150156
3.150893
2.095668
2.774128
3.490693
2.546080
2.536081
2.684839
3.327891
2.690021
2.819096
1.898648
4.199903
2.056112
3.098040
2.670509
2.656772
2.530145
3.485826
2.888547
3.074762
2.317803
2.194718
2.469592
2.186065
2.580871
2.127883
2.732051
2.489928
2.586515
3.502863
3.344023
4.296474
3.680845
2.758807
3.706394
1.904463
2.933916
3.122087
2.544699
2.779077
2.542657
2.043968
2.739373
3.521176
2.806468
3.470451
2.159699
2.306492
2.494745
2.244166
2.366939
3.757334
3.202834
3.201560
2.682651
2.804471
2.194165
2.335840
2.381635
2.892567
1.839549
2.756235
2.550679
2.506876
2.674804
3.111476
2.115264
2.574975
2.003203
2.070316
2.842462
2.830066
1.776378
2.828366
2.642484
2.124639
3.211537
2.258586
2.247018
3.363047
3.843279
2.675513
2.214934
2.983120
3.039932
1.706509
2.681418
2.469377
2.506701
2.305747
2.052861
2.300518
2.457600
2.867954
2.445261
2.789606
2.888378
4.081343
1.695956
3.199403
1.898317
2.496099
2.420449
