2.592460
2.382884
2.482990
2.967714
2.326698
2.262829
2.291421
2.182033
1.915815
3.744496
4.122284
2.774276
2.291786
2.888379
2.810864
2.344767
4.569366
2.286944
2.312417
3.169234
2.309799
3.244816
2.304561
1.940944
2.522073
2.656032
2.553860
3.087052
2.020177
3.087112
2.673581
3.584882
4.047174
3.157407
2.522034
2.105947
2.267969
2.980851
2.535302
1.998670
2.707894
2.564147
3.150338
2.608053
2.581849
1.986001
3.300716
2.629342
2.358858
2.946709
2.235496
2.437956
2.775703
2.599864
2.162207
1.924995
2.458446
2.304397
2.614924
2.453479
2.437609
2.854990
2.542600
2.697650
2.577931
2.639145
3.239099
1.657639
2.542789
2.350788
2.259091
1.833911
2.633919
1.795477
2.383299
3.448236
3.037955
1.860314
2.667130
2.089327
1.949294
1.593723
1.847853
2.107380
2.578166
3.008832
2.016515
1.674257
2.229888
2.050559
2.373295
4.084485
2.484725
2.192423
2.386071
2.565931
2.541112
1.959147
2.402254
2.272861
2.211252
1.595033
2.996207
2.234564
1.700781
2.047249
1.808865
3.729623
1.933859
2.222042
1.929388
2.424914
2.777198
2.883420
2.579071
1.706306
2.608692
2.359028
2.248270
1.515827
2.496604
1.867857
1.850836
1.689011
2.148870
2.532348
2.368896
2.481613
2.374852
2.005931
2.588397
2.067484
1.936785
1.536289
2.236737
1.799978
2.377671
2.654118
2.276501
3.500258
2.410394
2.368985
1.989218
3.417353
2.124007
2.253378
2.090105
2.289740
1.638871
2.487764
2.150936
2.347637
1.806760
2.290412
1.707477
1.565889
2.403698
1.657449
2.387717
2.966982
2.918759
2.442393
2.308783
1.985883
2.549284
3.290813
2.190673
1.679855
2.343782
2.340535
2.467617
2.531824
1.981454
1.905297
2.253925
2.273598
1.618103
2.416321
2.373903
2.266298
2.596947
2.221766
1.657653
1.738955
2.176521
2.792751
1.766950
1.876811
