1.990608
1.914804
3.420538
2.969858
3.516400
2.509339
2.422881
2.781662
2.355608
2.567259
2.233214
2.647391
3.731433
2.682367
2.564269
2.451521
2.103492
2.752127
2.282957
2.322493
3.754121
2.241540
4.983793
1.885146
1.758619
1.692793
2.309966
2.226090
2.463167
2.207018
2.623609
2.826224
2.368955
1.616928
2.407943
2.463381
2.316102
2.071978
2.533432
3.157898
2.225474
2.404942
2.103791
2.248985
1.897957
2.334104
2.619420
3.036807
2.765208
2.147354
1.266136
2.435515
2.391178
1.510158
2.038558
2.342587
1.676221
2.238036
2.358188
1.933165
2.026587
1.977035
1.525883
1.914740
2.719481
2.558975
1.871584
1.615644
2.066602
2.287830
2.663138
2.499065
2.985342
1.789046
3.367536
1.870514
1.566442
1.838712
2.292593
2.511685
3.332580
2.052150
2.982539
3.958964
1.797381
1.961857
1.641515
1.772217
1.816389
3.255291
2.506522
2.601524
2.641381
2.559230
1.891014
1.435734
2.491621
1.763843
2.248510
1.970380
2.272783
2.926543
3.401124
1.377757
2.842643
1.964295
2.045480
2.326258
1.708510
3.850344
1.730965
1.874934
1.740109
2.079459
1.789509
2.182177
1.647535
1.443924
2.245167
2.178512
2.126452
1.999610
2.596505
1.776060
2.557981
1.712577
2.102640
2.217935
4.988258
1.797630
2.601614
1.775311
2.127420
1.764943
1.750926
1.763337
1.450943
2.622273
2.532146
1.350053
2.130150
1.671167
3.375105
1.846231
1.979272
1.939125
2.135293
2.200164
1.594200
2.339947
1.993854
2.584823
3.233654
1.518075
2.121566
1.870692
1.732310
2.480493
1.671710
1.911194
2.206924
1.958626
2.472327
1.933451
2.043006
1.715579
1.922308
3.113820
2.144921
1.748464
2.276313
1.856080
2.448105
1.967919
2.366051
1.315373
2.795680
1.455866
