3.209236
1.869954
3.117483
2.379868
2.932037
2.361831
2.208581
2.363900
2.799465
3.007476
1.989836
2.531793
1.622954
2.744873
2.771123
4.279171
6.340289
2.428755
2.800634
2.433089
2.991210
2.990443
2.045789
2.162687
3.310352
1.974505
2.233007
4.632685
1.915774
4.036188
2.039343
2.100045
2.530648
4.060478
3.174790
2.734802
2.517023
2.127712
2.255640
2.999296
2.860942
3.913682
2.174170
3.222025
2.420779
2.238976
2.548161
2.822762
3.767503
1.884497
2.464658
2.540057
3.282422
1.874597
1.900953
2.071270
3.122845
2.411396
1.844688
2.700120
3.502604
2.116297
2.418117
2.416908
2.422162
2.775505
2.215906
2.325500
1.646777
2.812429
2.255057
2.503922
2.616797
2.494884
1.902360
2.851930
2.559802
2.845933
2.103729
1.636597
1.910498
2.057724
2.806529
1.811242
2.509098
3.705440
2.099047
2.327573
3.508241
1.857916
3.220606
2.257994
3.126859
1.608257
2.270849
1.475003
1.769622
2.305205
3.281637
1.805426
2.371711
2.121311
2.027714
1.660613
2.455534
2.149204
2.644185
2.022468
2.304811
2.720558
1.426299
2.378386
2.226730
2.462785
2.224473
1.899963
2.463195
2.725476
2.909509
1.904815
2.398302
2.993927
2.181050
2.766349
1.571700
1.964371
2.196733
1.978574
2.184522
1.831997
2.290581
2.105168
2.415854
2.836104
1.703013
2.243819
3.375732
2.160214
2.243750
2.652735
1.955215
2.363954
2.903737
2.716781
2.538983
2.017712
2.165887
2.417656
2.209949
1.481196
2.450729
3.130008
2.211514
2.415046
2.753315
1.971016
1.777431
1.731988
2.933563
2.099378
1.983420
2.209173
2.491769
3.527949
2.326284
2.376142
1.381063
1.413561
1.279270
2.308177
2.007629
2.373079
2.014627
2.586040
1.807623
2.054789
1.985864
2.417077
3.095748
2.477673
2.340804
2.581151
2.031168
2.094650
2.788563
1.794581
1.789154
1.649876
1.568976
2.573887
2.179021
1.496996
2.210961
1.954975
1.481043
2.865024
1.578332
1.564453
2.900895
2.001824
2.255341
2.850041
2.528236
2.016538
1.366382
1.845788
2.645583
2.477952
2.080550
2.021764
1.958063
1.997866
2.901722
1.988353
2.331329
1.753168
1.737578
2.276662
1.592331
1.770766
1.532157
1.795409
2.358152
1.557873
2.856335
2.124878
1.949471
2.075041
2.709194
1.729967
1.624472
1.188203
1.960810
1.660499
1.685979
2.428662
1.669693
2.816724
1.951610
2.189955
2.188823
1.785057
2.004502
2.141407
1.840917
1.308282
1.837139
1.894188
2.221831
2.277394
2.001749
1.686113
2.444789
2.052627
1.855620
1.621786
2.960025
2.521643
1.729878
1.923399
2.237360
1.767169
2.339427
2.878585
1.942370
2.302110
2.076072
2.367170
2.073041
2.474880
1.493786
2.079419
3.059053
1.895339
1.662777
2.363963
1.878989
1.728816
2.317508
2.104995
2.714849
2.573148
2.800338
2.199503
2.143978
2.490404
2.087873
2.201592
2.409501
1.550622
2.568625
2.305528
2.876795
1.974066
2.072711
1.464843
2.753602
2.121534
2.289862
2.549212
1.413827
1.828351
1.708699
2.216288
1.650118
1.975697
2.035972
1.992516
1.995841
1.975209
2.461158
1.829288
1.481169
2.150475
2.049427
2.817715
1.893815
2.430995
1.543265
2.472736
2.088436
2.052061
2.320531
1.407555
2.268478
1.918110
2.030529
2.102094
2.674882
1.614135
2.690133
1.256784
1.688314
1.995629
1.721227
3.026460
1.298985
1.675146
1.911343
2.069969
2.159017
2.270606
2.291518
1.887107
1.796120
2.084353
2.813980
1.837496
2.423442
1.726834
2.267254
2.635113
2.025918
1.676215
3.586520
1.768847
1.979641
1.458978
1.594318
2.700157
1.641745
1.756505
1.773036
1.607044
1.839111
1.537702
2.289604
1.812401
2.498333
1.899472
1.864346
2.759108
1.947335
1.394213
1.889381
2.702779
1.817734
1.791723
1.841642
1.700675
1.553255
2.280677
2.780121
1.721997
1.628559
2.164716
2.197929
1.337552
2.374938
2.552414
2.380937
2.296213
1.865440
1.761017
1.677921
1.863357
1.935269
1.881307
1.589017
2.092684
2.212095
1.466038
1.954013
1.969171
1.567963
1.577096
2.038057
1.416905
1.589631
1.910429
1.660880
1.435075
1.547244
2.076690
1.736187
1.825285
1.776077
1.417043
1.384808
1.941215
2.208322
2.935138
2.013246
1.369014
1.989552
1.756781
1.742022
1.970263
2.159141
1.247023
2.341532
2.068964
1.444893
1.410659
1.930936
2.478960
1.846617
2.568183
2.173375
2.585672
1.942212
1.484251
1.542832
1.939943
2.337514
1.455024
1.438198
1.233065
1.428491
1.599950
2.074243
1.182878
2.022678
1.997801
2.102563
1.634344
2.135597
1.762307
1.182339
1.807251
1.766944
2.186192
1.762819
1.584351
2.385432
1.860206
