3.886286
4.044674
2.693846
3.828307
2.435498
3.578098
3.383512
4.795256
3.168942
3.166094
2.532397
3.671490
4.196667
2.735058
5.282279
4.615534
2.620896
3.333937
3.373703
2.613681
4.616481
3.331489
4.038023
3.473381
4.001793
2.626699
3.423699
4.016505
3.571888
4.360884
2.768725
4.137512
3.110526
3.503603
3.161911
3.176455
4.707994
2.523254
2.905435
3.203287
3.962935
3.669071
3.105754
4.163841
2.946926
3.600747
3.842778
2.280816
3.634598
2.829763
2.596398
2.834522
2.907527
3.289899
3.249520
3.296230
3.579376
2.889241
2.780716
3.106663
2.471046
2.085761
3.631915
2.531007
2.507152
3.703824
3.084416
3.326420
2.668672
3.131660
2.528675
2.739191
3.057451
2.962038
3.630404
2.500085
3.615570
2.738355
2.252509
2.887934
3.981585
2.256032
3.234004
3.869455
2.784953
2.554042
3.338097
2.800956
3.420614
3.822338
2.440415
3.898625
4.701808
3.466805
3.319155
2.568976
4.251956
1.748589
2.465645
4.446056
2.854673
2.956448
3.926553
3.485221
4.325689
2.696070
2.813899
2.509343
3.847513
3.787435
2.345089
3.294962
2.218767
3.078325
4.735848
2.811568
2.914451
2.842454
3.783258
2.671700
2.652726
3.625059
2.901631
3.037141
1.922248
4.634715
2.037841
3.964846
2.249928
3.173374
3.193726
2.294687
2.767835
2.581281
3.262877
3.043449
3.242357
2.644255
3.592951
3.203849
4.389415
2.949213
2.930333
2.496022
2.990509
3.561487
2.703924
3.907187
3.182497
3.233080
2.274386
2.479649
2.469860
3.526836
2.156056
2.829109
3.855127
2.910170
2.658646
2.321546
2.541209
3.307016
2.202592
2.010147
3.994709
2.663808
2.152392
2.421780
2.655840
2.335691
2.078498
1.839740
2.499371
2.514849
2.934424
2.625740
2.401440
1.915489
3.119388
2.901414
1.857337
2.235170
2.539186
1.925940
3.354132
3.065030
3.369620
2.397329
3.813158
3.136739
2.910689
3.636318
3.098235
2.916418
2.368788
3.024949
2.719748
2.092575
2.875622
2.782589
3.701790
2.917910
2.597183
1.689066
3.180814
2.663148
3.631477
3.017088
2.586338
2.460387
2.861890
2.551153
2.556228
1.822275
2.522162
2.390431
1.637585
1.991008
2.199455
2.929750
2.760401
2.096475
3.966280
2.976446
2.918317
1.741918
3.482933
3.282748
2.875271
2.900615
1.962747
2.242043
2.936224
2.187594
2.661400
2.233154
1.806846
3.140553
