1 2 0.974157
1 3 0.825369
1 5 0.905477
1 8 0.977001
1 12 0.893512
1 16 0.749461
1 17 0.937141
1 19 0.993138
2 1 0.974157
2 8 0.963262
2 19 0.991562
3 1 0.825369
3 8 0.869450
4 17 0.500000
5 1 0.905477
5 8 0.918347
8 1 0.977001
8 2 0.963262
8 3 0.869450
8 5 0.918347
8 12 0.902896
8 13 0.826357
8 14 0.881034
8 15 0.500000
8 16 0.830825
8 17 0.951315
8 19 0.993356
10 19 0.500000
12 1 0.893512
12 8 0.902896
13 8 0.826357
14 8 0.881034
15 8 0.500000
16 1 0.749461
16 8 0.830825
17 1 0.937141
17 4 0.500000
17 8 0.951315
17 19 0.977818
18 19 0.993518
19 1 0.993138
19 2 0.991562
19 8 0.993356
19 10 0.500000
19 17 0.977818
19 18 0.993518
1 1 0.979182
1 4 0.500000
1 6 0.989043
1 7 0.502920
1 9 0.540695
1 10 0.500000
1 11 0.719442
1 13 0.796366
1 14 0.739664
1 15 0.500000
1 18 0.972533
2 2 0.975087
2 3 0.786360
2 4 0.500000
2 5 0.880909
2 6 0.963421
2 7 0.502765
2 9 0.498988
2 10 0.500000
2 11 0.700500
2 12 0.872865
2 13 0.765879
2 14 0.671156
2 15 0.500000
2 16 0.704812
2 17 0.921340
2 18 0.967374
3 2 0.786360
3 3 0.702117
3 4 0.500000
3 5 0.739019
3 6 0.948861
3 7 0.500874
3 9 0.562096
3 10 0.500000
3 11 0.579415
3 12 0.716872
3 13 0.663263
3 14 0.692850
3 15 0.500000
3 16 0.669790
3 17 0.770462
3 18 0.818925
3 19 0.885443
4 1 0.500000
4 2 0.500000
4 3 0.500000
4 4 0.500000
4 5 0.500000
4 6 0.500000
4 7 0.500000
4 8 0.500000
4 9 0.500000
4 10 0.500000
4 11 0.500000
4 12 0.500000
4 13 0.500000
4 14 0.500000
4 15 0.500000
4 16 0.500000
4 18 0.500000
4 19 0.500000
5 2 0.880909
5 3 0.739019
5 4 0.500000
5 5 0.808233
5 6 0.968019
5 7 0.501466
5 9 0.552665
5 10 0.500000
5 11 0.633032
5 12 0.784855
5 13 0.712051
5 14 0.696954
5 15 0.500000
5 16 0.686433
5 17 0.835880
5 18 0.889231
5 19 0.947075
6 1 0.989043
6 2 0.963421
6 3 0.948861
6 4 0.500000
6 5 0.968019
6 6 1.000000
6 7 0.500900
6 8 0.998306
6 9 0.843114
6 10 0.500000
6 11 0.699793
6 12 0.944321
6 13 0.923644
6 14 0.952624
6 15 0.500000
6 16 0.924920
6 17 0.986338
6 18 0.993529
6 19 0.998518
7 1 0.502920
7 2 0.502765
7 3 0.500874
7 4 0.500000
7 5 0.501466
7 6 0.500900
7 7 0.500019
7 8 0.502474
7 9 0.499794
7 10 0.500000
7 11 0.501259
7 12 0.501598
7 13 0.500707
7 14 0.500588
7 15 0.500000
7 16 0.500456
7 17 0.502056
7 18 0.502440
7 19 0.503663
8 4 0.500000
8 6 0.998306
8 7 0.502474
8 8 0.988811
8 9 0.621048
8 10 0.500000
8 11 0.723563
8 18 0.972990
9 1 0.540695
9 2 0.498988
9 3 0.562096
9 4 0.500000
9 5 0.552665
9 6 0.843114
9 7 0.499794
9 8 0.621048
9 9 0.583049
9 10 0.500000
9 11 0.466428
9 12 0.539951
9 13 0.542076
9 14 0.594833
9 15 0.500000
9 16 0.566871
9 17 0.564425
9 18 0.558921
9 19 0.568367
10 1 0.500000
10 2 0.500000
10 3 0.500000
10 4 0.500000
10 5 0.500000
10 6 0.500000
10 7 0.500000
10 8 0.500000
10 9 0.500000
10 10 0.500000
10 11 0.500000
10 12 0.500000
10 13 0.500000
10 14 0.500000
10 15 0.500000
10 16 0.500000
10 17 0.500000
10 18 0.500000
11 1 0.719442
11 2 0.700500
11 3 0.579415
11 4 0.500000
11 5 0.633032
11 6 0.699793
11 7 0.501259
11 8 0.723563
11 9 0.466428
11 10 0.500000
11 11 0.659476
11 12 0.629306
11 13 0.580423
11 14 0.595343
11 15 0.500000
11 16 0.555027
11 17 0.680540
11 18 0.705303
11 19 0.779663
12 2 0.872865
12 3 0.716872
12 4 0.500000
12 5 0.784855
12 6 0.944321
12 7 0.501598
12 9 0.539951
12 10 0.500000
12 11 0.629306
12 12 0.772189
12 13 0.687251
12 14 0.689499
12 15 0.500000
12 16 0.668544
12 17 0.825593
12 18 0.874393
12 19 0.939415
13 1 0.796366
13 2 0.765879
13 3 0.663263
13 4 0.500000
13 5 0.712051
13 6 0.923644
13 7 0.500707
13 9 0.542076
13 10 0.500000
13 11 0.580423
13 12 0.687251
13 13 0.648418
13 14 0.638082
13 15 0.500000
13 16 0.631442
13 17 0.734462
13 18 0.786883
13 19 0.855236
14 1 0.739664
14 2 0.671156
14 3 0.692850
14 4 0.500000
14 5 0.696954
14 6 0.952624
14 7 0.500588
14 9 0.594833
14 10 0.500000
14 11 0.595343
14 12 0.689499
14 13 0.638082
14 14 0.845223
14 15 0.500000
14 16 0.706087
14 17 0.761357
14 18 0.713499
14 19 0.818792
15 1 0.500000
15 2 0.500000
15 3 0.500000
15 4 0.500000
15 5 0.500000
15 6 0.500000
15 7 0.500000
15 9 0.500000
15 10 0.500000
15 11 0.500000
15 12 0.500000
15 13 0.500000
15 14 0.500000
15 15 0.500000
15 16 0.500000
15 17 0.500000
15 18 0.500000
15 19 0.500000
16 2 0.704812
16 3 0.669790
16 4 0.500000
16 5 0.686433
16 6 0.924920
16 7 0.500456
16 9 0.566871
16 10 0.500000
16 11 0.555027
16 12 0.668544
16 13 0.631442
16 14 0.706087
16 15 0.500000
16 16 0.666679
16 17 0.717093
16 18 0.745354
16 19 0.812999
17 2 0.921340
17 3 0.770462
17 5 0.835880
17 6 0.986338
17 7 0.502056
17 9 0.564425
17 10 0.500000
17 11 0.680540
17 12 0.825593
17 13 0.734462
17 14 0.761357
17 15 0.500000
17 16 0.717093
17 17 0.901392
17 18 0.939539
18 1 0.972533
18 2 0.967374
18 3 0.818925
18 4 0.500000
18 5 0.889231
18 6 0.993529
18 7 0.502440
18 8 0.972990
18 9 0.558921
18 10 0.500000
18 11 0.705303
18 12 0.874393
18 13 0.786883
18 14 0.713499
18 15 0.500000
18 16 0.745354
18 17 0.939539
18 18 0.979077
19 3 0.885443
19 4 0.500000
19 5 0.947075
19 6 0.998518
19 7 0.503663
19 9 0.568367
19 11 0.779663
19 12 0.939415
19 13 0.855236
19 14 0.818792
19 15 0.500000
19 16 0.812999
19 19 0.998966
