1 2 0.835314
1 3 0.777374
1 5 0.683579
1 8 0.912798
1 12 0.773680
1 16 0.762832
1 17 0.828348
1 19 0.877421
2 1 0.835314
2 8 0.866998
2 19 0.845762
3 1 0.777374
3 8 0.806925
4 17 0.500000
5 1 0.683579
5 8 0.755998
8 1 0.912798
8 2 0.866998
8 3 0.806925
8 5 0.755998
8 12 0.813783
8 13 0.736961
8 14 0.923457
8 15 0.500000
8 16 0.772301
8 17 0.862318
8 19 0.902490
10 19 0.807830
12 1 0.773680
12 8 0.813783
13 8 0.736961
14 8 0.923457
15 8 0.500000
16 1 0.762832
16 8 0.772301
17 1 0.828348
17 4 0.500000
17 8 0.862318
17 19 0.837222
18 19 0.878701
19 1 0.877421
19 2 0.845762
19 8 0.902490
19 10 0.807830
19 17 0.837222
19 18 0.878701
1 1 0.891666
1 4 0.500000
1 6 0.751699
1 7 0.501424
1 9 0.578033
1 10 0.769757
1 11 0.605868
1 13 0.677742
1 14 0.868524
1 15 0.500000
1 18 0.911712
2 2 0.808477
2 3 0.731839
2 4 0.500000
2 5 0.669903
2 6 0.716847
2 7 0.500564
2 9 0.550010
2 10 0.744238
2 11 0.582982
2 12 0.736767
2 13 0.673312
2 14 0.811433
2 15 0.500000
2 16 0.693634
2 17 0.795551
2 18 0.806492
3 2 0.731839
3 3 0.702110
3 4 0.500000
3 5 0.602556
3 6 0.571281
3 7 0.500761
3 9 0.543066
3 10 0.668673
3 11 0.569126
3 12 0.683806
3 13 0.629542
3 14 0.777238
3 15 0.500000
3 16 0.666679
3 17 0.724271
3 18 0.748115
3 19 0.759024
4 1 0.500000
4 2 0.500000
4 3 0.500000
4 4 0.500000
4 5 0.500000
4 6 0.500000
4 7 0.500000
4 8 0.500000
4 9 0.500000
4 10 0.500000
4 11 0.500000
4 12 0.500000
4 13 0.500000
4 14 0.500000
4 15 0.500000
4 16 0.500000
4 18 0.500000
4 19 0.500000
5 2 0.669903
5 3 0.602556
5 4 0.500000
5 5 0.664334
5 6 0.682971
5 7 0.500425
5 9 0.540358
5 10 0.638368
5 11 0.537463
5 12 0.629500
5 13 0.610499
5 14 0.678660
5 15 0.500000
5 16 0.579276
5 17 0.667314
5 18 0.748185
5 19 0.706773
6 1 0.751699
6 2 0.716847
6 3 0.571281
6 4 0.500000
6 5 0.682971
6 6 0.999797
6 7 0.501788
6 8 0.765106
6 9 0.493774
6 10 0.622916
6 11 0.580815
6 12 0.634503
6 13 0.631704
6 14 0.622830
6 15 0.500000
6 16 0.698154
6 17 0.683972
6 18 0.913124
6 19 0.724090
7 1 0.501424
7 2 0.500564
7 3 0.500761
7 4 0.500000
7 5 0.500425
7 6 0.501788
7 7 0.500017
7 8 0.501770
7 9 0.500424
7 10 0.500272
7 11 0.500281
7 12 0.500671
7 13 0.500367
7 14 0.501800
7 15 0.500000
7 16 0.501152
7 17 0.500681
7 18 0.502003
7 19 0.500651
8 4 0.500000
8 6 0.765106
8 7 0.501770
8 8 0.951733
8 9 0.611933
8 10 0.795932
8 11 0.625444
8 18 0.934251
9 1 0.578033
9 2 0.550010
9 3 0.543066
9 4 0.500000
9 5 0.540358
9 6 0.493774
9 7 0.500424
9 8 0.611933
9 9 0.548164
9 10 0.560211
9 11 0.513898
9 12 0.546118
9 13 0.523905
9 14 0.600999
9 15 0.500000
9 16 0.535094
9 17 0.558000
9 18 0.609933
9 19 0.582235
10 1 0.769757
10 2 0.744238
10 3 0.668673
10 4 0.500000
10 5 0.638368
10 6 0.622916
10 7 0.500272
10 8 0.795932
10 9 0.560211
10 10 0.727598
10 11 0.552456
10 12 0.677741
10 13 0.612416
10 14 0.715309
10 15 0.500000
10 16 0.628176
10 17 0.738184
10 18 0.768025
11 1 0.605868
11 2 0.582982
11 3 0.569126
11 4 0.500000
11 5 0.537463
11 6 0.580815
11 7 0.500281
11 8 0.625444
11 9 0.513898
11 10 0.552456
11 11 0.529775
11 12 0.565777
11 13 0.544155
11 14 0.610786
11 15 0.500000
11 16 0.558900
11 17 0.578135
11 18 0.626908
11 19 0.590978
12 2 0.736767
12 3 0.683806
12 4 0.500000
12 5 0.629500
12 6 0.634503
12 7 0.500671
12 9 0.546118
12 10 0.677741
12 11 0.565777
12 12 0.685756
12 13 0.633457
12 14 0.769536
12 15 0.500000
12 16 0.653498
12 17 0.728884
12 18 0.762239
12 19 0.769841
13 1 0.677742
13 2 0.673312
13 3 0.629542
13 4 0.500000
13 5 0.610499
13 6 0.631704
13 7 0.500367
13 9 0.523905
13 10 0.612416
13 11 0.544155
13 12 0.633457
13 13 0.631945
13 14 0.700916
13 15 0.500000
13 16 0.593035
13 17 0.664439
13 18 0.591385
13 19 0.680796
14 1 0.868524
14 2 0.811433
14 3 0.777238
14 4 0.500000
14 5 0.678660
14 6 0.622830
14 7 0.501800
14 9 0.600999
14 10 0.715309
14 11 0.610786
14 12 0.769536
14 13 0.700916
14 14 0.921129
14 15 0.500000
14 16 0.745640
14 17 0.807083
14 18 0.858081
14 19 0.832181
15 1 0.500000
15 2 0.500000
15 3 0.500000
15 4 0.500000
15 5 0.500000
15 6 0.500000
15 7 0.500000
15 9 0.500000
15 10 0.500000
15 11 0.500000
15 12 0.500000
15 13 0.500000
15 14 0.500000
15 15 0.500000
15 16 0.500000
15 17 0.500000
15 18 0.500000
15 19 0.500000
16 2 0.693634
16 3 0.666679
16 4 0.500000
16 5 0.579276
16 6 0.698154
16 7 0.501152
16 9 0.535094
16 10 0.628176
16 11 0.558900
16 12 0.653498
16 13 0.593035
16 14 0.745640
16 15 0.500000
16 16 0.686018
16 17 0.689243
16 18 0.767597
16 19 0.716653
17 2 0.795551
17 3 0.724271
17 5 0.667314
17 6 0.683972
17 7 0.500681
17 9 0.558000
17 10 0.738184
17 11 0.578135
17 12 0.728884
17 13 0.664439
17 14 0.807083
17 15 0.500000
17 16 0.689243
17 17 0.786049
17 18 0.806763
18 1 0.911712
18 2 0.806492
18 3 0.748115
18 4 0.500000
18 5 0.748185
18 6 0.913124
18 7 0.502003
18 8 0.934251
18 9 0.609933
18 10 0.768025
18 11 0.626908
18 12 0.762239
18 13 0.591385
18 14 0.858081
18 15 0.500000
18 16 0.767597
18 17 0.806763
18 18 0.996113
19 3 0.759024
19 4 0.500000
19 5 0.706773
19 6 0.724090
19 7 0.500651
19 9 0.582235
19 11 0.590978
19 12 0.769841
19 13 0.680796
19 14 0.832181
19 15 0.500000
19 16 0.716653
19 19 0.898764
