5.569180
37.657768
51.083736
52.699364
9.963717
24.322233
38.642708
23.255003
26.623520
34.028275
13.373828
19.774096
21.900459
30.349585
18.727631
40.845573
17.702002
15.283090
51.743481
14.276691
15.313615
32.480515
15.072281
17.114605
16.060995
36.276440
11.733737
52.682011
27.011364
13.757057
7.688405
38.209747
9.576662
6.490444
30.781977
39.799824
12.709392
19.131989
17.159153
18.873337
15.403211
29.247906
29.858442
20.370941
19.089464
11.949981
11.665272
17.358786
8.963964
28.084961
22.914757
13.816819
28.375036
16.749428
7.322005
22.580103
10.730769
11.123713
34.156578
16.860168
8.243878
6.184656
11.810793
6.379438
18.049906
30.817261
12.663473
14.369798
8.357739
18.084320
26.846033
19.776199
15.441815
8.447124
7.603054
7.981257
19.760767
11.854041
7.804693
12.461135
9.447006
13.916014
7.318737
29.674311
17.505272
4.348948
11.429094
11.545454
16.290651
5.106620
27.135757
25.100864
22.027769
8.561954
8.868091
3.717087
23.411667
36.663662
8.193430
12.797859
10.127669
4.746054
8.659875
20.342617
10.595909
28.479147
9.600750
30.809336
13.771792
10.283942
15.637506
46.994297
10.308840
11.360586
5.394050
12.917661
20.096931
10.633620
25.809055
8.037337
15.677601
11.980516
16.922647
29.794159
9.167653
8.552001
6.073484
22.454639
4.408556
22.914078
7.602326
15.623674
11.463473
7.059138
19.015694
12.962316
7.054661
13.930127
5.659765
5.641585
6.824702
10.323544
10.443978
12.428112
8.927416
5.848832
14.324272
13.559582
8.460285
10.840311
8.906512
6.254416
7.600938
11.909000
11.109015
8.825696
5.346233
7.650435
8.734520
15.271239
7.147318
7.853783
6.462729
5.474834
11.331212
3.248000
4.822431
12.510149
17.813398
6.005331
4.279056
6.661271
8.568022
7.830224
5.410789
11.569080
17.049034
12.151245
10.848421
8.762213
11.417274
11.506915
9.389286
10.457327
13.993023
5.718718
7.460924
8.069899
13.250165
15.512891
5.475944
13.227172
8.479217
5.690567
7.784595
4.889493
9.075130
6.127769
4.997299
11.946511
11.540040
3.992910
11.483801
7.434954
8.416208
7.620337
4.472220
6.918035
7.882027
6.748418
7.343014
9.187376
11.731503
6.343066
5.854649
3.420220
8.760656
11.781158
20.817997
6.799449
14.282877
5.175012
8.170614
19.062489
3.974446
11.177866
5.031796
6.146614
5.945496
9.546902
7.564572
5.542898
32.453777
6.067279
5.479271
9.541415
7.514510
14.042574
4.770936
13.039459
13.485479
16.267384
4.991315
13.016715
8.832137
5.452518
8.131345
4.367355
4.500117
17.261847
5.032157
7.438165
5.504361
5.746954
9.649879
4.908415
6.975290
5.336330
4.533236
7.075105
6.922673
3.762833
4.308496
6.947479
2.780296
4.024453
6.874540
2.821421
13.574358
4.824655
4.391155
11.093950
9.939884
4.497139
7.691063
10.340312
15.530696
6.783236
9.975642
3.379478
10.429944
9.467509
3.557255
20.076645
4.624358
7.410455
13.401094
5.833103
6.306020
3.970123
8.572025
4.380377
3.322537
3.833289
5.946673
5.482926
12.198558
7.614224
6.197625
6.147191
5.633954
7.722462
6.295106
2.878367
8.933476
4.701801
5.630759
13.524341
3.936700
5.684184
6.602414
11.939756
4.850642
6.844985
5.785432
3.479092
5.232627
4.748587
8.847505
6.352190
2.840045
2.732984
4.303392
11.307039
7.328280
6.666206
14.026752
11.070973
9.107502
16.087704
7.438849
4.063315
6.115625
5.614006
3.283662
3.976458
4.930281
5.687906
15.500472
4.446174
6.798477
4.988912
5.536269
6.023791
9.752330
4.928732
11.023713
5.634491
3.794340
9.497775
5.765983
5.139562
4.088996
12.708683
4.173737
4.433693
4.989283
3.773524
9.464886
6.635923
4.734687
2.339589
7.422105
4.962766
