4.176774
2.694368
3.169818
3.781013
3.479850
3.144039
2.742115
3.082060
2.749897
2.556865
2.521353
3.465781
3.319073
3.375801
2.177429
5.291646
3.773648
4.193351
3.920571
2.391356
3.606494
3.085673
3.578427
2.750339
4.574796
2.387337
2.593768
3.157504
3.042593
2.781856
2.515952
4.448794
3.297555
3.679055
3.683243
3.185919
2.577206
3.105640
2.193303
4.136979
2.667726
4.287414
3.854171
3.426398
2.867708
2.931329
3.213161
3.101234
3.371376
2.075722
3.514382
2.151510
2.622403
2.043439
3.098266
2.889654
2.692163
4.029565
3.525239
3.117572
2.915993
2.706288
2.173154
2.470640
3.697700
2.856942
3.223931
2.166837
3.015722
4.711182
3.479590
2.613836
2.756703
2.382779
2.776999
4.316929
2.738943
3.316234
3.237434
2.857515
2.775041
4.339814
3.628239
3.990152
2.462717
2.700165
2.796558
2.516715
2.652713
3.175025
3.840963
3.438272
2.631879
3.075048
2.938037
2.734158
3.028178
3.175354
1.761344
2.354364
3.445704
3.107139
3.243523
2.493367
2.774459
2.328224
4.109476
2.663178
2.406208
3.027800
3.582244
3.385648
2.781807
2.587941
2.429218
3.098268
3.445566
3.661175
2.320134
2.627887
1.920420
3.266494
2.395009
2.099240
3.446079
2.701148
3.278392
2.179196
5.240923
2.777280
3.645210
1.891747
2.924838
3.130758
2.659470
2.590340
2.832444
2.013922
2.740607
3.511250
2.254942
2.827673
2.626417
1.853919
2.203004
2.494344
3.121662
2.405591
3.000768
3.169022
2.578882
2.977128
2.367178
2.000113
3.178520
3.978145
2.172259
1.976314
2.551413
1.901800
2.980173
2.896440
2.954586
2.595167
2.515161
2.586691
2.911705
2.988734
2.369682
2.349906
2.200371
2.011992
2.289002
2.744900
1.755649
2.518382
2.206993
2.050010
1.557787
2.662694
2.233420
2.686752
2.246558
2.690838
4.039312
1.782941
1.939456
2.968326
2.502772
3.465806
2.487571
2.894100
2.954265
2.661151
1.841319
1.785851
2.039467
2.622720
3.159845
3.164337
1.956056
2.222163
3.444986
2.582663
2.408300
2.866520
2.865187
2.394111
2.450456
2.689079
2.632412
3.689631
2.509862
3.227196
2.345427
2.336624
2.248099
2.574651
1.685228
2.045447
2.065973
3.318816
2.317222
3.222237
3.344598
2.816427
3.723055
2.960402
1.730983
1.717135
1.961292
3.250440
2.504452
3.023042
1.774605
2.200620
2.747929
2.445829
2.698035
1.478075
2.102611
2.542282
1.841001
2.220715
2.395565
2.694665
1.986688
2.500253
2.582125
2.464333
2.230107
1.732720
2.996794
1.600492
2.826568
2.360860
2.572310
2.370486
2.908151
2.120773
2.158970
1.982530
2.744754
2.850814
2.181700
3.251689
2.702220
2.986292
2.680839
1.297666
2.356649
2.346198
2.467412
2.149061
2.925472
2.871592
2.728623
2.358817
3.011294
2.761100
2.038973
3.029232
2.245727
1.614724
1.936364
2.102626
2.105326
3.985715
1.918177
2.244777
2.719366
1.619338
1.859664
2.323823
2.191649
2.637522
2.663505
2.462585
2.827806
1.904561
2.596580
1.898963
2.252400
1.763368
3.152496
2.483784
2.381321
2.356866
2.494008
2.446152
3.434474
2.144736
2.663702
1.732337
2.240744
2.463963
2.339375
3.070000
1.984481
2.461139
2.060560
1.744232
2.559692
2.647306
3.165591
1.974834
2.252363
2.041138
2.023337
2.386918
3.139911
2.391423
1.606880
3.059486
