2.079678
2.929963
3.152295
2.231822
3.747935
2.797391
3.036557
2.464303
2.456971
3.099948
2.027106
3.131464
3.016443
3.054192
2.646731
3.126285
3.957927
2.811231
2.826307
4.096291
3.460914
3.108499
5.457451
2.694600
3.191732
1.852588
2.164429
3.295261
2.078783
3.563293
1.906273
1.958002
3.025293
2.334927
2.559544
2.758412
3.011759
3.049438
2.581469
2.237719
2.823372
2.542114
3.057544
2.238251
2.832726
3.268279
1.964887
3.210128
2.294008
2.905930
3.300615
2.194589
2.331217
1.697097
2.985529
2.597104
2.987162
4.020012
2.817734
2.436121
2.909128
3.103219
2.378875
2.008144
3.029274
2.990467
2.723210
3.103580
1.449321
2.964735
2.530808
2.041495
2.174154
2.234979
1.438158
3.964622
2.409841
2.500192
3.178629
3.358493
2.545071
2.418725
2.835270
2.786277
2.334997
2.287866
2.467225
3.407839
4.040807
2.379023
2.970543
2.098451
2.281927
2.604684
4.496160
3.181771
2.441509
2.046333
3.614544
2.990808
1.573903
3.430481
2.635268
2.539974
2.320642
3.304583
2.665630
2.307262
2.237706
2.136226
2.551631
2.594682
2.444189
2.178146
2.318480
2.027147
3.172418
3.305187
2.799061
2.712087
2.416328
1.946154
2.856591
