1.955586
3.318936
2.902818
3.342240
2.810851
2.317028
3.234820
3.376516
1.746188
2.031267
2.083569
1.915734
2.844676
2.606510
2.627680
2.387424
1.837798
5.893738
1.802656
3.559400
2.689559
3.486655
2.326854
2.415704
2.229416
4.312084
3.938127
2.186099
1.838441
1.829824
2.356256
1.811645
2.181079
3.464955
4.050007
2.667206
2.803055
2.810442
2.719285
2.100736
4.190011
2.253353
2.520522
4.655200
1.401296
3.380833
2.682722
2.197430
2.683347
2.375768
2.098998
5.011072
1.781985
2.200203
2.690543
2.430968
1.900321
3.553670
3.173348
1.790482
1.552789
1.976456
2.362993
2.408124
1.544641
1.685733
2.036240
2.816766
4.123005
1.903351
2.554204
2.516280
2.274327
1.722986
1.444147
2.281939
2.032748
1.711001
1.872537
1.640250
1.973802
2.298962
2.192443
2.375559
2.887692
2.057583
3.055752
1.838309
2.539236
3.181159
1.750966
2.225201
2.079578
2.620847
1.987449
2.280398
2.791740
2.354298
2.358658
1.871191
1.772335
2.472880
1.624256
2.383027
1.955513
2.942045
3.728894
2.008002
1.979638
2.260024
2.946340
2.138824
1.966781
2.988875
2.678582
3.874510
2.246453
2.036702
1.975838
2.592297
2.307224
1.764792
2.468916
1.955369
2.378397
3.341237
1.963329
2.806548
2.148835
2.080919
1.479358
2.433510
2.077643
3.181201
1.664083
2.528851
1.595595
1.835099
2.904705
3.572926
2.627611
3.139413
1.663001
1.841974
2.083102
1.751324
2.049295
2.150963
1.550531
2.007014
1.977793
1.332592
1.657439
1.982628
2.878864
1.802505
2.070565
1.680341
2.089816
1.754054
1.521100
2.504569
2.074712
1.706749
1.520070
1.907072
2.240482
2.088458
3.363535
1.435954
2.685533
2.687707
1.845230
1.922112
4.187798
3.077813
2.056476
1.475828
1.773167
1.343970
2.135694
1.831902
1.862359
1.528997
2.866943
3.187434
2.686368
2.664630
2.444763
2.587792
1.650526
2.316568
1.500553
2.977065
2.101830
1.979673
1.982512
3.193602
1.634076
1.553757
1.775399
2.265390
2.114549
2.041391
2.402996
1.486967
