5.270896
5.065847
7.586050
5.594634
6.788068
4.535502
3.791237
7.615273
3.660569
5.299808
4.234345
6.946547
4.466631
6.216150
4.149224
4.861864
6.935292
5.134064
7.012206
5.514841
4.651846
4.183150
6.757470
5.158312
5.861366
5.460969
4.109069
3.597430
6.347989
6.241827
4.652342
4.464619
5.511769
5.703835
4.093490
4.126813
5.888169
6.706671
6.546422
5.769090
3.398970
3.146556
2.954649
4.762074
4.654465
3.853674
4.187152
6.781353
5.818334
6.250916
4.388182
3.718675
5.608647
4.244308
4.792018
5.091897
4.781545
9.784255
5.098052
3.825444
2.647405
4.156919
3.859995
4.582763
7.379211
10.564475
4.735767
3.710303
4.996734
4.813871
4.683747
3.932962
4.835287
4.145651
5.410821
2.831689
4.006185
7.602071
5.001894
5.189760
5.565133
4.617562
3.782420
4.189605
3.673572
4.852915
7.194349
2.719923
3.768111
4.174100
4.244971
4.358505
3.736777
3.822049
5.550202
2.721260
3.820873
2.990582
3.156666
7.113021
4.336430
2.683796
3.511697
2.970845
5.601490
4.000623
5.545059
3.693438
4.541496
3.979167
3.787194
4.074769
3.345784
6.132600
4.611355
3.190405
3.730386
4.819035
4.016318
3.250639
5.397991
3.999667
3.405354
5.424394
3.250531
4.608390
2.730133
4.828216
3.638364
5.102947
4.202464
4.106230
3.772951
3.973801
3.288682
3.237061
3.814775
4.698855
5.022222
5.926785
4.273904
