4.610650
3.206198
2.725049
3.454131
5.066017
4.797964
2.295944
2.665032
2.875714
4.308675
3.655447
9.683685
4.055462
5.226210
3.733740
3.243733
3.312628
2.985057
3.347548
3.080000
3.127234
3.139015
4.291021
2.408251
3.000424
3.752647
3.876281
2.506633
2.313549
3.250724
2.693001
2.593300
2.114734
5.790686
1.945635
3.187704
2.983158
2.445640
2.986234
3.651079
4.081263
2.824121
3.204991
2.959456
3.212588
3.279492
2.958555
3.103246
3.657720
2.461049
3.733356
2.505066
3.637758
5.036902
4.552857
4.682766
2.716607
4.102480
2.306777
3.539014
2.747664
3.382275
3.028631
3.393777
5.089910
2.885642
3.714663
3.932840
2.704376
3.424958
2.762021
2.904004
2.991466
3.895827
3.634385
2.819936
3.819658
3.148690
2.405748
1.662355
3.091682
2.932290
2.466739
2.494233
2.706766
3.401179
2.566345
4.337003
2.145988
1.803267
3.278939
2.229751
2.628531
3.133208
2.459276
2.086677
3.472820
3.036055
2.065763
2.809446
4.448076
3.401453
2.595687
2.947763
3.219082
2.723828
3.118062
3.280978
2.794289
4.539072
2.305292
2.049465
3.028047
2.615090
5.143839
1.722389
2.110266
2.510339
1.978494
2.562313
1.889351
2.159972
2.422836
3.604969
2.540190
2.776525
2.449046
1.824584
2.347434
3.244465
2.284670
2.236173
1.946653
3.805239
