6.300208
3.358225
5.384324
3.451876
3.109889
5.281020
2.325364
3.740088
3.417373
3.964724
4.797563
4.495888
4.637270
5.354505
3.613328
4.452890
5.554289
4.532469
3.561739
2.623911
4.006248
3.134627
3.255130
5.616010
4.380839
2.855002
2.503072
4.499399
4.359978
5.733697
5.411940
4.243234
7.189074
4.553881
4.044812
4.985919
5.926063
3.532240
5.162726
2.728401
3.813650
5.556244
4.999156
3.437907
3.650489
2.917487
5.026816
5.922863
4.523846
4.376483
4.698378
4.537384
3.334874
4.288753
4.180996
5.602919
4.328217
5.609287
3.203812
4.330086
4.424988
3.970971
3.678225
3.825822
4.326065
4.198031
2.787027
3.489451
3.422563
3.611364
2.501860
3.154265
5.426609
3.174979
5.666520
2.378696
3.959143
3.786255
2.314035
3.704390
4.456640
3.871071
4.848983
4.272758
3.525929
2.953060
3.758886
7.546954
4.557727
3.340121
4.437319
3.060545
2.220306
4.459622
2.998720
2.286441
1.920705
4.517762
4.427892
4.518924
3.397241
2.502258
2.512728
2.992140
2.127302
2.517524
2.893899
2.361151
5.710884
2.365614
3.230689
3.628028
3.543461
4.967333
3.241261
6.060472
2.908452
2.882387
4.299533
3.594993
3.906079
3.029889
2.947307
3.286785
3.319326
2.800219
5.923140
2.727575
3.703524
3.278668
4.508054
2.676516
3.400652
3.090632
2.716640
3.253758
4.152435
3.285113
3.503636
2.838290
3.968875
2.915764
5.003870
3.801856
3.412799
3.441145
4.317759
5.011048
2.752647
2.160889
2.965897
3.146376
3.060560
4.921383
2.684157
3.196669
3.581036
3.423498
3.184860
3.368696
3.287648
3.652350
3.296922
3.275044
3.536847
2.128956
4.343174
3.502909
3.904224
2.774297
2.466738
2.919738
3.440503
3.256945
2.590307
3.077552
5.028377
2.491410
2.207550
4.155014
3.642008
3.453648
4.733474
2.527238
2.241119
3.391914
1.919649
3.276931
2.454702
3.372815
2.204798
2.643796
1.965807
3.444813
3.028709
3.537182
2.140981
4.205483
2.811198
3.634506
1.649489
2.195767
2.868987
3.192875
2.361223
3.685512
2.801314
2.286659
2.403462
2.131230
2.205643
3.499510
2.821295
3.313833
3.577415
3.920180
2.769056
1.864684
1.528625
2.969282
3.272261
2.591649
3.236894
4.136841
3.088552
1.922886
2.371645
4.618563
4.324014
1.726151
3.061645
3.627956
2.583657
3.293092
1.879693
3.236157
2.742942
4.400884
2.892818
3.239667
3.544405
4.260355
2.449203
1.762692
2.597351
2.860684
3.127059
1.926847
3.184436
2.441777
2.549926
3.228059
2.495192
2.263339
2.572626
2.772415
2.485503
2.161928
