1 2 0.738558
1 4 0.908936
1 5 0.931117
1 6 0.882750
1 7 0.848362
1 8 0.784409
1 9 0.861379
1 11 0.500000
1 13 0.740432
1 14 0.500000
2 1 0.738558
4 1 0.908936
4 14 0.500000
5 1 0.931117
6 1 0.882750
7 1 0.848362
7 14 0.500000
8 1 0.784409
8 14 0.500000
9 1 0.861379
11 1 0.500000
11 14 0.500000
13 1 0.740432
13 14 0.500000
14 1 0.500000
14 4 0.500000
14 7 0.500000
14 8 0.500000
14 11 0.500000
14 13 0.500000
1 1 0.948795
1 3 0.500000
1 10 0.515232
1 12 0.500000
2 2 0.594682
2 3 0.500000
2 4 0.692453
2 5 0.704894
2 6 0.670754
2 7 0.649223
2 8 0.613622
2 9 0.657264
2 10 0.504076
2 11 0.500000
2 12 0.500000
2 13 0.593262
2 14 0.500000
3 1 0.500000
3 2 0.500000
3 3 0.500000
3 4 0.500000
3 5 0.500000
3 6 0.500000
3 7 0.500000
3 8 0.500000
3 9 0.500000
3 10 0.500000
3 11 0.500000
3 12 0.500000
3 13 0.500000
3 14 0.500000
4 2 0.692453
4 3 0.500000
4 4 0.893427
4 5 0.903628
4 6 0.806397
4 7 0.720952
4 8 0.734160
4 9 0.805790
4 10 0.512048
4 11 0.500000
4 12 0.500000
4 13 0.694554
5 2 0.704894
5 3 0.500000
5 4 0.903628
5 5 0.987655
5 6 0.851771
5 7 0.908710
5 8 0.760925
5 9 0.853675
5 10 0.577518
5 11 0.500000
5 12 0.500000
5 13 0.714326
5 14 0.500000
6 2 0.670754
6 3 0.500000
6 4 0.806397
6 5 0.851771
6 6 0.862530
6 7 0.756223
6 8 0.713088
6 9 0.772704
6 10 0.520495
6 11 0.500000
6 12 0.500000
6 13 0.681834
6 14 0.500000
7 2 0.649223
7 3 0.500000
7 4 0.720952
7 5 0.908710
7 6 0.756223
7 7 0.970516
7 8 0.666458
7 9 0.778783
7 10 0.558594
7 11 0.500000
7 12 0.500000
7 13 0.645786
8 2 0.613622
8 3 0.500000
8 4 0.734160
8 5 0.760925
8 6 0.713088
8 7 0.666458
8 8 0.655786
8 9 0.681298
8 10 0.503396
8 11 0.500000
8 12 0.500000
8 13 0.614265
9 2 0.657264
9 3 0.500000
9 4 0.805790
9 5 0.853675
9 6 0.772704
9 7 0.778783
9 8 0.681298
9 9 0.774265
9 10 0.517248
9 11 0.500000
9 12 0.500000
9 13 0.659627
9 14 0.500000
10 1 0.515232
10 2 0.504076
10 3 0.500000
10 4 0.512048
10 5 0.577518
10 6 0.520495
10 7 0.558594
10 8 0.503396
10 9 0.517248
10 10 0.517898
10 11 0.500000
10 12 0.500000
10 13 0.507046
10 14 0.500000
11 2 0.500000
11 3 0.500000
11 4 0.500000
11 5 0.500000
11 6 0.500000
11 7 0.500000
11 8 0.500000
11 9 0.500000
11 10 0.500000
11 11 0.500000
11 12 0.500000
11 13 0.500000
12 1 0.500000
12 2 0.500000
12 3 0.500000
12 4 0.500000
12 5 0.500000
12 6 0.500000
12 7 0.500000
12 8 0.500000
12 9 0.500000
12 10 0.500000
12 11 0.500000
12 12 0.500000
12 13 0.500000
12 14 0.500000
13 2 0.593262
13 3 0.500000
13 4 0.694554
13 5 0.714326
13 6 0.681834
13 7 0.645786
13 8 0.614265
13 9 0.659627
13 10 0.507046
13 11 0.500000
13 12 0.500000
13 13 0.597024
14 2 0.500000
14 3 0.500000
14 5 0.500000
14 6 0.500000
14 9 0.500000
14 10 0.500000
14 12 0.500000
14 14 0.500000
