1 2 0.618676
1 4 0.677051
1 5 0.669037
1 6 0.925255
1 7 0.642293
1 8 0.698200
1 9 0.654409
1 11 0.602408
1 13 0.607518
1 14 0.500000
2 1 0.618676
4 1 0.677051
4 14 0.500000
5 1 0.669037
6 1 0.925255
7 1 0.642293
7 14 0.500000
8 1 0.698200
8 14 0.500000
9 1 0.654409
11 1 0.602408
11 14 0.500000
13 1 0.607518
13 14 0.500000
14 1 0.500000
14 4 0.500000
14 7 0.500000
14 8 0.500000
14 11 0.500000
14 13 0.500000
1 1 0.792389
1 3 0.500000
1 10 0.521361
1 12 0.500000
2 2 0.553083
2 3 0.500000
2 4 0.573129
2 5 0.572993
2 6 0.721556
2 7 0.546852
2 8 0.552752
2 9 0.554773
2 10 0.504063
2 11 0.542323
2 12 0.500000
2 13 0.541280
2 14 0.500000
3 1 0.500000
3 2 0.500000
3 3 0.500000
3 4 0.500000
3 5 0.500000
3 6 0.500000
3 7 0.500000
3 8 0.500000
3 9 0.500000
3 10 0.500000
3 11 0.500000
3 12 0.500000
3 13 0.500000
3 14 0.500000
4 2 0.573129
4 3 0.500000
4 4 0.661010
4 5 0.592717
4 6 0.818541
4 7 0.577150
4 8 0.680169
4 9 0.573465
4 10 0.505029
4 11 0.555429
4 12 0.500000
4 13 0.550482
5 2 0.572993
5 3 0.500000
5 4 0.592717
5 5 0.644622
5 6 0.821648
5 7 0.580127
5 8 0.572240
5 9 0.604314
5 10 0.501636
5 11 0.568308
5 12 0.500000
5 13 0.564522
5 14 0.500000
6 2 0.721556
6 3 0.500000
6 4 0.818541
6 5 0.821648
6 6 0.999259
6 7 0.731667
6 8 0.721439
6 9 0.745677
6 10 0.491280
6 11 0.696546
6 12 0.500000
6 13 0.721418
6 14 0.500000
7 2 0.546852
7 3 0.500000
7 4 0.577150
7 5 0.580127
7 6 0.731667
7 7 0.574953
7 8 0.623672
7 9 0.577940
7 10 0.511820
7 11 0.543189
7 12 0.500000
7 13 0.544852
8 2 0.552752
8 3 0.500000
8 4 0.680169
8 5 0.572240
8 6 0.721439
8 7 0.623672
8 8 0.929032
8 9 0.605951
8 10 0.545827
8 11 0.538299
8 12 0.500000
8 13 0.535248
9 2 0.554773
9 3 0.500000
9 4 0.573465
9 5 0.604314
9 6 0.745677
9 7 0.577940
9 8 0.605951
9 9 0.600429
9 10 0.514326
9 11 0.553879
9 12 0.500000
9 13 0.550970
9 14 0.500000
10 1 0.521361
10 2 0.504063
10 3 0.500000
10 4 0.505029
10 5 0.501636
10 6 0.491280
10 7 0.511820
10 8 0.545827
10 9 0.514326
10 10 0.510494
10 11 0.504083
10 12 0.500000
10 13 0.503072
10 14 0.500000
11 2 0.542323
11 3 0.500000
11 4 0.555429
11 5 0.568308
11 6 0.696546
11 7 0.543189
11 8 0.538299
11 9 0.553879
11 10 0.504083
11 11 0.537539
11 12 0.500000
11 13 0.536371
12 1 0.500000
12 2 0.500000
12 3 0.500000
12 4 0.500000
12 5 0.500000
12 6 0.500000
12 7 0.500000
12 8 0.500000
12 9 0.500000
12 10 0.500000
12 11 0.500000
12 12 0.500000
12 13 0.500000
12 14 0.500000
13 2 0.541280
13 3 0.500000
13 4 0.550482
13 5 0.564522
13 6 0.721418
13 7 0.544852
13 8 0.535248
13 9 0.550970
13 10 0.503072
13 11 0.536371
13 12 0.500000
13 13 0.546935
14 2 0.500000
14 3 0.500000
14 5 0.500000
14 6 0.500000
14 9 0.500000
14 10 0.500000
14 12 0.500000
14 14 0.500000
