1 2 0.648875
1 4 0.806176
1 5 0.721221
1 6 0.944137
1 7 0.729404
1 8 0.708775
1 9 0.768479
1 11 0.657182
1 13 0.667790
1 14 0.500000
2 1 0.648875
4 1 0.806176
4 14 0.500000
5 1 0.721221
6 1 0.944137
7 1 0.729404
7 14 0.500000
8 1 0.708775
8 14 0.500000
9 1 0.768479
11 1 0.657182
11 14 0.500000
13 1 0.667790
13 14 0.500000
14 1 0.500000
14 4 0.500000
14 7 0.500000
14 8 0.500000
14 11 0.500000
14 13 0.500000
1 1 0.845950
1 3 0.500000
1 10 0.580985
1 12 0.500000
2 2 0.558681
2 3 0.500000
2 4 0.623612
2 5 0.554378
2 6 0.731737
2 7 0.571703
2 8 0.577246
2 9 0.603913
2 10 0.527064
2 11 0.559199
2 12 0.500000
2 13 0.564763
2 14 0.500000
3 1 0.500000
3 2 0.500000
3 3 0.500000
3 4 0.500000
3 5 0.500000
3 6 0.500000
3 7 0.500000
3 8 0.500000
3 9 0.500000
3 10 0.500000
3 11 0.500000
3 12 0.500000
3 13 0.500000
3 14 0.500000
4 2 0.623612
4 3 0.500000
4 4 0.799389
4 5 0.707753
4 6 0.904360
4 7 0.731545
4 8 0.683259
4 9 0.724011
4 10 0.570972
4 11 0.632668
4 12 0.500000
4 13 0.635733
5 2 0.554378
5 3 0.500000
5 4 0.707753
5 5 0.997110
5 6 0.971483
5 7 0.867419
5 8 0.596905
5 9 0.758128
5 10 0.560849
5 11 0.573398
5 12 0.500000
5 13 0.575804
5 14 0.500000
6 2 0.731737
6 3 0.500000
6 4 0.904360
6 5 0.971483
6 6 0.999831
6 7 0.840308
6 8 0.805995
6 9 0.909270
6 10 0.671777
6 11 0.756553
6 12 0.500000
6 13 0.774548
6 14 0.500000
7 2 0.571703
7 3 0.500000
7 4 0.731545
7 5 0.867419
7 6 0.840308
7 7 0.868058
7 8 0.631725
7 9 0.665922
7 10 0.555677
7 11 0.582200
7 12 0.500000
7 13 0.580978
8 2 0.577246
8 3 0.500000
8 4 0.683259
8 5 0.596905
8 6 0.805995
8 7 0.631725
8 8 0.632579
8 9 0.646887
8 10 0.549947
8 11 0.585048
8 12 0.500000
8 13 0.588396
9 2 0.603913
9 3 0.500000
9 4 0.724011
9 5 0.758128
9 6 0.909270
9 7 0.665922
9 8 0.646887
9 9 0.722982
9 10 0.565682
9 11 0.612233
9 12 0.500000
9 13 0.618451
9 14 0.500000
10 1 0.580985
10 2 0.527064
10 3 0.500000
10 4 0.570972
10 5 0.560849
10 6 0.671777
10 7 0.555677
10 8 0.549947
10 9 0.565682
10 10 0.527121
10 11 0.532367
10 12 0.500000
10 13 0.531024
10 14 0.500000
11 2 0.559199
11 3 0.500000
11 4 0.632668
11 5 0.573398
11 6 0.756553
11 7 0.582200
11 8 0.585048
11 9 0.612233
11 10 0.532367
11 11 0.563285
11 12 0.500000
11 13 0.567798
12 1 0.500000
12 2 0.500000
12 3 0.500000
12 4 0.500000
12 5 0.500000
12 6 0.500000
12 7 0.500000
12 8 0.500000
12 9 0.500000
12 10 0.500000
12 11 0.500000
12 12 0.500000
12 13 0.500000
12 14 0.500000
13 2 0.564763
13 3 0.500000
13 4 0.635733
13 5 0.575804
13 6 0.774548
13 7 0.580978
13 8 0.588396
13 9 0.618451
13 10 0.531024
13 11 0.567798
13 12 0.500000
13 13 0.575246
14 2 0.500000
14 3 0.500000
14 5 0.500000
14 6 0.500000
14 9 0.500000
14 10 0.500000
14 12 0.500000
14 14 0.500000
