1 2 0.707371
1 4 0.731497
1 5 0.886532
1 6 0.798018
1 7 0.725659
1 8 0.394921
1 9 0.734062
1 11 0.676282
1 13 0.681791
1 14 0.500000
2 1 0.707371
4 1 0.731497
4 14 0.500000
5 1 0.886532
6 1 0.798018
7 1 0.725659
7 14 0.500000
8 1 0.394921
8 14 0.500000
9 1 0.734062
11 1 0.676282
11 14 0.500000
13 1 0.681791
13 14 0.500000
14 1 0.500000
14 4 0.500000
14 7 0.500000
14 8 0.500000
14 11 0.500000
14 13 0.500000
1 1 0.846962
1 3 0.500000
1 10 0.529176
1 12 0.500000
2 2 0.614938
2 3 0.500000
2 4 0.636756
2 5 0.747911
2 6 0.670251
2 7 0.622312
2 8 0.421474
2 9 0.618588
2 10 0.514918
2 11 0.594309
2 12 0.500000
2 13 0.596925
2 14 0.500000
3 1 0.500000
3 2 0.500000
3 3 0.500000
3 4 0.500000
3 5 0.500000
3 6 0.500000
3 7 0.500000
3 8 0.500000
3 9 0.500000
3 10 0.500000
3 11 0.500000
3 12 0.500000
3 13 0.500000
3 14 0.500000
4 2 0.636756
4 3 0.500000
4 4 0.984391
4 5 0.838413
4 6 0.639352
4 7 0.661282
4 8 0.819664
4 9 0.321947
4 10 0.522769
4 11 0.605450
4 12 0.500000
4 13 0.569613
5 2 0.747911
5 3 0.500000
5 4 0.838413
5 5 0.987839
5 6 0.787636
5 7 0.734683
5 8 0.384707
5 9 0.874747
5 10 0.566720
5 11 0.705952
5 12 0.500000
5 13 0.699042
5 14 0.500000
6 2 0.670251
6 3 0.500000
6 4 0.639352
6 5 0.787636
6 6 0.778529
6 7 0.688194
6 8 0.363805
6 9 0.682045
6 10 0.523956
6 11 0.644013
6 12 0.500000
6 13 0.654170
6 14 0.500000
7 2 0.622312
7 3 0.500000
7 4 0.661282
7 5 0.734683
7 6 0.688194
7 7 0.662785
7 8 0.473480
7 9 0.564258
7 10 0.509321
7 11 0.603667
7 12 0.500000
7 13 0.601632
8 2 0.421474
8 3 0.500000
8 4 0.819664
8 5 0.384707
8 6 0.363805
8 7 0.473480
8 8 0.947200
8 9 0.402990
8 10 0.493231
8 11 0.446760
8 12 0.500000
8 13 0.429828
9 2 0.618588
9 3 0.500000
9 4 0.321947
9 5 0.874747
9 6 0.682045
9 7 0.564258
9 8 0.402990
9 9 0.936372
9 10 0.551067
9 11 0.601252
9 12 0.500000
9 13 0.639652
9 14 0.500000
10 1 0.529176
10 2 0.514918
10 3 0.500000
10 4 0.522769
10 5 0.566720
10 6 0.523956
10 7 0.509321
10 8 0.493231
10 9 0.551067
10 10 0.510943
10 11 0.511697
10 12 0.500000
10 13 0.513045
10 14 0.500000
11 2 0.594309
11 3 0.500000
11 4 0.605450
11 5 0.705952
11 6 0.644013
11 7 0.603667
11 8 0.446760
11 9 0.601252
11 10 0.511697
11 11 0.579027
11 12 0.500000
11 13 0.580615
12 1 0.500000
12 2 0.500000
12 3 0.500000
12 4 0.500000
12 5 0.500000
12 6 0.500000
12 7 0.500000
12 8 0.500000
12 9 0.500000
12 10 0.500000
12 11 0.500000
12 12 0.500000
12 13 0.500000
12 14 0.500000
13 2 0.596925
13 3 0.500000
13 4 0.569613
13 5 0.699042
13 6 0.654170
13 7 0.601632
13 8 0.429828
13 9 0.639652
13 10 0.513045
13 11 0.580615
13 12 0.500000
13 13 0.593462
14 2 0.500000
14 3 0.500000
14 5 0.500000
14 6 0.500000
14 9 0.500000
14 10 0.500000
14 12 0.500000
14 14 0.500000
