1 2 0.779457
1 4 0.918329
1 5 0.404911
1 6 0.826269
1 7 0.818900
1 8 0.812260
1 9 0.736995
1 11 0.785539
1 13 0.844757
1 14 0.500000
2 1 0.779457
4 1 0.918329
4 14 0.500000
5 1 0.404911
6 1 0.826269
7 1 0.818900
7 14 0.500000
8 1 0.812260
8 14 0.500000
9 1 0.736995
11 1 0.785539
11 14 0.500000
13 1 0.844757
13 14 0.500000
14 1 0.500000
14 4 0.500000
14 7 0.500000
14 8 0.500000
14 11 0.500000
14 13 0.500000
1 1 0.966095
1 3 0.500000
1 10 0.535673
1 12 0.500000
2 2 0.622836
2 3 0.500000
2 4 0.707664
2 5 0.478927
2 6 0.632349
2 7 0.645107
2 8 0.633958
2 9 0.582579
2 10 0.510104
2 11 0.619014
2 12 0.500000
2 13 0.655351
2 14 0.500000
3 1 0.500000
3 2 0.500000
3 3 0.500000
3 4 0.500000
3 5 0.500000
3 6 0.500000
3 7 0.500000
3 8 0.500000
3 9 0.500000
3 10 0.500000
3 11 0.500000
3 12 0.500000
3 13 0.500000
3 14 0.500000
4 2 0.707664
4 3 0.500000
4 4 0.872433
4 5 0.396541
4 6 0.765617
4 7 0.742157
4 8 0.756499
4 9 0.687858
4 10 0.527524
4 11 0.723470
4 12 0.500000
4 13 0.774229
5 2 0.478927
5 3 0.500000
5 4 0.396541
5 5 0.928197
5 6 0.435839
5 7 0.467826
5 8 0.497814
5 9 0.473589
5 10 0.508088
5 11 0.457471
5 12 0.500000
5 13 0.439728
5 14 0.500000
6 2 0.632349
6 3 0.500000
6 4 0.765617
6 5 0.435839
6 6 0.713116
6 7 0.650693
6 8 0.659930
6 9 0.680109
6 10 0.518233
6 11 0.648546
6 12 0.500000
6 13 0.685295
6 14 0.500000
7 2 0.645107
7 3 0.500000
7 4 0.742157
7 5 0.467826
7 6 0.650693
7 7 0.688499
7 8 0.663588
7 9 0.554365
7 10 0.514251
7 11 0.641076
7 12 0.500000
7 13 0.678896
8 2 0.633958
8 3 0.500000
8 4 0.756499
8 5 0.497814
8 6 0.659930
8 7 0.663588
8 8 0.677167
8 9 0.597508
8 10 0.517997
8 11 0.641627
8 12 0.500000
8 13 0.677879
9 2 0.582579
9 3 0.500000
9 4 0.687858
9 5 0.473589
9 6 0.680109
9 7 0.554365
9 8 0.597508
9 9 0.888753
9 10 0.510346
9 11 0.590717
9 12 0.500000
9 13 0.633198
9 14 0.500000
10 1 0.535673
10 2 0.510104
10 3 0.500000
10 4 0.527524
10 5 0.508088
10 6 0.518233
10 7 0.514251
10 8 0.517997
10 9 0.510346
10 10 0.507578
10 11 0.513744
10 12 0.500000
10 13 0.515325
10 14 0.500000
11 2 0.619014
11 3 0.500000
11 4 0.723470
11 5 0.457471
11 6 0.648546
11 7 0.641076
11 8 0.641627
11 9 0.590717
11 10 0.513744
11 11 0.624837
11 12 0.500000
11 13 0.659842
12 1 0.500000
12 2 0.500000
12 3 0.500000
12 4 0.500000
12 5 0.500000
12 6 0.500000
12 7 0.500000
12 8 0.500000
12 9 0.500000
12 10 0.500000
12 11 0.500000
12 12 0.500000
12 13 0.500000
12 14 0.500000
13 2 0.655351
13 3 0.500000
13 4 0.774229
13 5 0.439728
13 6 0.685295
13 7 0.678896
13 8 0.677879
13 9 0.633198
13 10 0.515325
13 11 0.659842
13 12 0.500000
13 13 0.707798
14 2 0.500000
14 3 0.500000
14 5 0.500000
14 6 0.500000
14 9 0.500000
14 10 0.500000
14 12 0.500000
14 14 0.500000
