1 2 0.689483
1 4 0.706224
1 5 0.842215
1 6 0.861177
1 7 0.644709
1 8 0.709896
1 9 0.700252
1 11 0.659542
1 13 0.695562
1 14 0.500000
2 1 0.689483
4 1 0.706224
4 14 0.500000
5 1 0.842215
6 1 0.861177
7 1 0.644709
7 14 0.500000
8 1 0.709896
8 14 0.500000
9 1 0.700252
11 1 0.659542
11 14 0.500000
13 1 0.695562
13 14 0.500000
14 1 0.500000
14 4 0.500000
14 7 0.500000
14 8 0.500000
14 11 0.500000
14 13 0.500000
1 1 0.863976
1 3 0.500000
1 10 0.506681
1 12 0.500000
2 2 0.588706
2 3 0.500000
2 4 0.601848
2 5 0.649564
2 6 0.683559
2 7 0.565269
2 8 0.597282
2 9 0.582022
2 10 0.503065
2 11 0.571411
2 12 0.500000
2 13 0.589784
2 14 0.500000
3 1 0.500000
3 2 0.500000
3 3 0.500000
3 4 0.500000
3 5 0.500000
3 6 0.500000
3 7 0.500000
3 8 0.500000
3 9 0.500000
3 10 0.500000
3 11 0.500000
3 12 0.500000
3 13 0.500000
3 14 0.500000
4 2 0.601848
4 3 0.500000
4 4 0.651916
4 5 0.616000
4 6 0.687107
4 7 0.556999
4 8 0.600873
4 9 0.567132
4 10 0.506073
4 11 0.577840
4 12 0.500000
4 13 0.607211
5 2 0.649564
5 3 0.500000
5 4 0.616000
5 5 0.973272
5 6 0.871221
5 7 0.620242
5 8 0.702351
5 9 0.819266
5 10 0.560510
5 11 0.649289
5 12 0.500000
5 13 0.671338
5 14 0.500000
6 2 0.683559
6 3 0.500000
6 4 0.687107
6 5 0.871221
6 6 0.880198
6 7 0.625910
6 8 0.715412
6 9 0.718649
6 10 0.503385
6 11 0.659280
6 12 0.500000
6 13 0.690481
6 14 0.500000
7 2 0.565269
7 3 0.500000
7 4 0.556999
7 5 0.620242
7 6 0.625910
7 7 0.582497
7 8 0.563001
7 9 0.554809
7 10 0.501276
7 11 0.550888
7 12 0.500000
7 13 0.563204
8 2 0.597282
8 3 0.500000
8 4 0.600873
8 5 0.702351
8 6 0.715412
8 7 0.563001
8 8 0.621997
8 9 0.592688
8 10 0.503167
8 11 0.582403
8 12 0.500000
8 13 0.594225
9 2 0.582022
9 3 0.500000
9 4 0.567132
9 5 0.819266
9 6 0.718649
9 7 0.554809
9 8 0.592688
9 9 0.951038
9 10 0.601062
9 11 0.583350
9 12 0.500000
9 13 0.644805
9 14 0.500000
10 1 0.506681
10 2 0.503065
10 3 0.500000
10 4 0.506073
10 5 0.560510
10 6 0.503385
10 7 0.501276
10 8 0.503167
10 9 0.601062
10 10 0.524433
10 11 0.504598
10 12 0.500000
10 13 0.513363
10 14 0.500000
11 2 0.571411
11 3 0.500000
11 4 0.577840
11 5 0.649289
11 6 0.659280
11 7 0.550888
11 8 0.582403
11 9 0.583350
11 10 0.504598
11 11 0.560274
11 12 0.500000
11 13 0.573807
12 1 0.500000
12 2 0.500000
12 3 0.500000
12 4 0.500000
12 5 0.500000
12 6 0.500000
12 7 0.500000
12 8 0.500000
12 9 0.500000
12 10 0.500000
12 11 0.500000
12 12 0.500000
12 13 0.500000
12 14 0.500000
13 2 0.589784
13 3 0.500000
13 4 0.607211
13 5 0.671338
13 6 0.690481
13 7 0.563204
13 8 0.594225
13 9 0.644805
13 10 0.513363
13 11 0.573807
13 12 0.500000
13 13 0.603197
14 2 0.500000
14 3 0.500000
14 5 0.500000
14 6 0.500000
14 9 0.500000
14 10 0.500000
14 12 0.500000
14 14 0.500000
