1 2 0.750984
1 4 0.706325
1 5 0.942044
1 6 0.893257
1 7 0.821568
1 8 0.804220
1 9 0.862422
1 11 0.500000
1 13 0.750985
1 14 0.500000
2 1 0.750984
4 1 0.706325
4 14 0.500000
5 1 0.942044
6 1 0.893257
7 1 0.821568
7 14 0.500000
8 1 0.804220
8 14 0.500000
9 1 0.862422
11 1 0.500000
11 14 0.500000
13 1 0.750985
13 14 0.500000
14 1 0.500000
14 4 0.500000
14 7 0.500000
14 8 0.500000
14 11 0.500000
14 13 0.500000
1 1 0.947761
1 3 0.500000
1 10 0.534712
1 12 0.500000
2 2 0.607792
2 3 0.500000
2 4 0.605939
2 5 0.761360
2 6 0.696978
2 7 0.637666
2 8 0.630448
2 9 0.671836
2 10 0.514225
2 11 0.500000
2 12 0.500000
2 13 0.600891
2 14 0.500000
3 1 0.500000
3 2 0.500000
3 3 0.500000
3 4 0.500000
3 5 0.500000
3 6 0.500000
3 7 0.500000
3 8 0.500000
3 9 0.500000
3 10 0.500000
3 11 0.500000
3 12 0.500000
3 13 0.500000
3 14 0.500000
4 2 0.605939
4 3 0.500000
4 4 0.999974
4 5 0.885301
4 6 0.665838
4 7 0.588724
4 8 0.629163
4 9 0.646812
4 10 0.584456
4 11 0.500000
4 12 0.500000
4 13 0.595370
5 2 0.761360
5 3 0.500000
5 4 0.885301
5 5 0.997581
5 6 0.895498
5 7 0.777730
5 8 0.766270
5 9 0.878456
5 10 0.565550
5 11 0.500000
5 12 0.500000
5 13 0.734193
5 14 0.500000
6 2 0.696978
6 3 0.500000
6 4 0.665838
6 5 0.895498
6 6 0.839459
6 7 0.747195
6 8 0.736861
6 9 0.792660
6 10 0.525956
6 11 0.500000
6 12 0.500000
6 13 0.687267
6 14 0.500000
7 2 0.637666
7 3 0.500000
7 4 0.588724
7 5 0.777730
7 6 0.747195
7 7 0.709695
7 8 0.677600
7 9 0.718266
7 10 0.508683
7 11 0.500000
7 12 0.500000
7 13 0.646475
8 2 0.630448
8 3 0.500000
8 4 0.629163
8 5 0.766270
8 6 0.736861
8 7 0.677600
8 8 0.673088
8 9 0.709625
8 10 0.516962
8 11 0.500000
8 12 0.500000
8 13 0.633798
9 2 0.671836
9 3 0.500000
9 4 0.646812
9 5 0.878456
9 6 0.792660
9 7 0.718266
9 8 0.709625
9 9 0.785351
9 10 0.531218
9 11 0.500000
9 12 0.500000
9 13 0.670470
9 14 0.500000
10 1 0.534712
10 2 0.514225
10 3 0.500000
10 4 0.584456
10 5 0.565550
10 6 0.525956
10 7 0.508683
10 8 0.516962
10 9 0.531218
10 10 0.513042
10 11 0.500000
10 12 0.500000
10 13 0.514799
10 14 0.500000
11 2 0.500000
11 3 0.500000
11 4 0.500000
11 5 0.500000
11 6 0.500000
11 7 0.500000
11 8 0.500000
11 9 0.500000
11 10 0.500000
11 11 0.500000
11 12 0.500000
11 13 0.500000
12 1 0.500000
12 2 0.500000
12 3 0.500000
12 4 0.500000
12 5 0.500000
12 6 0.500000
12 7 0.500000
12 8 0.500000
12 9 0.500000
12 10 0.500000
12 11 0.500000
12 12 0.500000
12 13 0.500000
12 14 0.500000
13 2 0.600891
13 3 0.500000
13 4 0.595370
13 5 0.734193
13 6 0.687267
13 7 0.646475
13 8 0.633798
13 9 0.670470
13 10 0.514799
13 11 0.500000
13 12 0.500000
13 13 0.612582
14 2 0.500000
14 3 0.500000
14 5 0.500000
14 6 0.500000
14 9 0.500000
14 10 0.500000
14 12 0.500000
14 14 0.500000
