1 2 0.725677
1 4 0.728060
1 5 0.736999
1 6 0.861201
1 7 0.801411
1 8 0.740537
1 9 0.717017
1 11 0.707553
1 13 0.751951
1 14 0.500000
2 1 0.725677
4 1 0.728060
4 14 0.500000
5 1 0.736999
6 1 0.861201
7 1 0.801411
7 14 0.500000
8 1 0.740537
8 14 0.500000
9 1 0.717017
11 1 0.707553
11 14 0.500000
13 1 0.751951
13 14 0.500000
14 1 0.500000
14 4 0.500000
14 7 0.500000
14 8 0.500000
14 11 0.500000
14 13 0.500000
1 1 0.892169
1 3 0.500000
1 10 0.537533
1 12 0.500000
2 2 0.616911
2 3 0.500000
2 4 0.643489
2 5 0.628031
2 6 0.689685
2 7 0.672562
2 8 0.624996
2 9 0.611208
2 10 0.526730
2 11 0.601851
2 12 0.500000
2 13 0.629353
2 14 0.500000
3 1 0.500000
3 2 0.500000
3 3 0.500000
3 4 0.500000
3 5 0.500000
3 6 0.500000
3 7 0.500000
3 8 0.500000
3 9 0.500000
3 10 0.500000
3 11 0.500000
3 12 0.500000
3 13 0.500000
3 14 0.500000
4 2 0.643489
4 3 0.500000
4 4 0.999330
4 5 0.799048
4 6 0.653064
4 7 0.872429
4 8 0.574178
4 9 0.932710
4 10 0.622156
4 11 0.583475
4 12 0.500000
4 13 0.585744
5 2 0.628031
5 3 0.500000
5 4 0.799048
5 5 0.678944
5 6 0.688976
5 7 0.693941
5 8 0.628921
5 9 0.722989
5 10 0.546378
5 11 0.605273
5 12 0.500000
5 13 0.629230
5 14 0.500000
6 2 0.689685
6 3 0.500000
6 4 0.653064
6 5 0.688976
6 6 0.873949
6 7 0.742267
6 8 0.689001
6 9 0.623741
6 10 0.524293
6 11 0.688345
6 12 0.500000
6 13 0.718908
6 14 0.500000
7 2 0.672562
7 3 0.500000
7 4 0.872429
7 5 0.693941
7 6 0.742267
7 7 0.955924
7 8 0.662842
7 9 0.773459
7 10 0.597678
7 11 0.638052
7 12 0.500000
7 13 0.700630
8 2 0.624996
8 3 0.500000
8 4 0.574178
8 5 0.628921
8 6 0.689001
8 7 0.662842
8 8 0.645157
8 9 0.602792
8 10 0.521429
8 11 0.608083
8 12 0.500000
8 13 0.639746
9 2 0.611208
9 3 0.500000
9 4 0.932710
9 5 0.722989
9 6 0.623741
9 7 0.773459
9 8 0.602792
9 9 0.945234
9 10 0.569453
9 11 0.584517
9 12 0.500000
9 13 0.610889
9 14 0.500000
10 1 0.537533
10 2 0.526730
10 3 0.500000
10 4 0.622156
10 5 0.546378
10 6 0.524293
10 7 0.597678
10 8 0.521429
10 9 0.569453
10 10 0.529726
10 11 0.517596
10 12 0.500000
10 13 0.523801
10 14 0.500000
11 2 0.601851
11 3 0.500000
11 4 0.583475
11 5 0.605273
11 6 0.688345
11 7 0.638052
11 8 0.608083
11 9 0.584517
11 10 0.517596
11 11 0.593997
11 12 0.500000
11 13 0.616686
12 1 0.500000
12 2 0.500000
12 3 0.500000
12 4 0.500000
12 5 0.500000
12 6 0.500000
12 7 0.500000
12 8 0.500000
12 9 0.500000
12 10 0.500000
12 11 0.500000
12 12 0.500000
12 13 0.500000
12 14 0.500000
13 2 0.629353
13 3 0.500000
13 4 0.585744
13 5 0.629230
13 6 0.718908
13 7 0.700630
13 8 0.639746
13 9 0.610889
13 10 0.523801
13 11 0.616686
13 12 0.500000
13 13 0.651713
14 2 0.500000
14 3 0.500000
14 5 0.500000
14 6 0.500000
14 9 0.500000
14 10 0.500000
14 12 0.500000
14 14 0.500000
