1.578099
2.257663
1.345026
2.718346
2.797333
1.321821
3.503719
1.157811
1.985584
1.269744
1.689313
1.786954
1.729581
1.244908
2.279666
2.866558
2.839617
1.954364
1.842116
1.820788
1.895644
1.861330
1.439979
1.389440
1.710735
2.599215
1.259817
2.640021
1.577700
1.473506
1.467078
1.337505
1.251143
2.939072
2.529494
2.029938
1.359392
1.414723
1.256436
1.873791
1.158374
1.658025
1.606803
0.831484
1.322974
3.092886
3.071426
1.263081
1.681596
1.096965
3.157179
1.830049
1.214327
2.041272
1.288580
1.637640
2.300258
1.291199
1.584750
2.132859
2.000421
1.648509
1.548524
1.085660
2.860638
1.936043
4.044158
0.972445
1.297917
1.801941
1.331713
1.375378
2.591705
2.436224
1.619098
1.151482
2.630162
2.415524
2.109901
1.393285
1.720289
2.977095
1.248746
1.866270
1.320485
1.518376
1.800865
2.201419
2.349017
2.214015
1.732374
1.362357
1.444870
1.067885
2.314203
1.297403
2.386337
1.676817
1.762959
1.873642
1.958648
2.158582
1.375156
2.977138
1.811828
1.980426
1.438049
3.510147
1.376371
1.927439
1.670314
1.992304
1.063388
1.387768
1.774940
1.516685
1.358184
2.234587
1.443613
1.559724
2.261357
2.978516
1.992178
1.119021
2.565317
2.274311
2.237794
1.376054
2.411036
1.057710
