1.866172
1.700711
2.043548
4.231661
2.802355
3.709268
1.995179
2.307848
2.117985
1.948975
2.011578
2.988284
2.176533
2.582456
3.170215
2.130671
3.291511
2.896293
1.584460
2.393646
2.846876
2.104978
2.576130
1.761047
1.964674
2.231671
1.698868
2.066988
1.599849
2.251572
2.094830
1.811445
2.936340
2.745049
2.363888
3.147224
2.601504
1.576961
2.217460
2.659613
1.362833
2.460018
1.544196
1.959026
2.016134
2.817802
1.401104
1.375077
2.127400
1.916119
3.911614
3.786076
2.137776
3.466747
2.451355
1.795920
1.491803
2.392421
3.638537
3.694936
1.494613
2.931484
2.834315
2.401927
2.641847
2.678324
2.306571
1.143010
3.815993
2.234203
2.197853
2.029830
2.819867
3.045898
1.941519
1.871871
4.357497
2.699138
3.224107
2.566202
5.773702
1.002858
2.053137
3.194833
2.254615
1.827248
3.268177
1.586811
2.591006
2.911047
5.875538
1.755075
3.187201
1.972744
2.549550
2.754333
2.576079
1.743191
3.233589
2.094620
3.253312
1.719550
2.784087
2.756585
1.584079
1.541131
1.603015
1.777342
2.526505
4.431835
1.933646
1.647931
1.509269
1.431722
4.635653
2.402959
4.761787
