2.137608
1.319395
1.796983
3.573617
1.935455
1.563549
1.290320
2.218773
1.855529
1.794890
0.975085
2.278576
2.217556
1.944466
1.989185
1.325561
2.390683
2.675696
2.160318
4.187078
1.758569
1.771434
1.155830
2.321187
1.762128
2.132944
1.341399
2.945707
1.723797
1.561122
3.998948
1.701015
1.527027
1.922657
2.030644
1.954524
1.745250
1.466840
3.598300
1.664247
2.911540
1.797850
1.047537
2.534801
2.617869
1.699085
1.484837
1.315037
1.598132
1.552048
1.943609
1.755353
2.531852
1.975989
2.903329
3.349852
2.029623
1.689813
1.964271
1.419879
2.806300
2.906930
1.868940
1.397400
1.588994
2.383753
1.926376
2.201636
1.497333
1.915218
3.676487
1.412182
3.768477
1.194137
2.029920
2.307147
1.438398
1.972160
2.601920
1.495241
1.395250
4.346347
1.414910
1.563359
2.703350
2.223526
2.171690
2.197797
1.140159
1.281647
4.954065
2.335401
1.569493
1.984552
2.123559
1.942113
1.255064
2.033080
1.455161
1.179222
1.633931
1.948107
2.017345
2.611493
1.943107
2.491174
2.253616
1.532426
1.378765
2.096056
2.211004
1.221277
1.661635
2.029135
1.150090
1.512203
2.126583
2.065627
1.102948
2.040548
1.481939
2.461897
1.978420
3.478701
1.677552
1.763301
2.772356
1.889892
2.111574
3.440743
1.669651
3.406551
1.098752
1.942865
1.856568
1.541550
1.956757
1.479605
2.375599
1.763047
1.376723
1.257652
1.622718
1.996443
2.412931
3.000895
3.616546
1.289543
2.233984
1.850864
2.479581
1.917713
1.485184
2.863461
1.714778
4.169006
2.352206
3.664984
1.575657
1.257152
1.715968
1.818958
2.421554
1.688423
1.538489
1.856563
1.335049
0.986832
2.438225
1.905233
2.279534
1.377475
1.301990
2.095293
1.648807
1.651321
1.177170
1.468774
2.484268
1.386975
2.907678
1.701654
2.106624
1.251700
1.641015
1.998301
1.693939
1.198380
1.468709
1.841431
2.192843
1.024539
1.450928
1.286433
2.518830
2.608670
2.194419
1.264162
1.746652
1.932820
2.398420
2.504724
1.695932
1.861844
1.339769
2.168749
2.167605
1.629612
2.215729
1.579700
1.635769
2.101554
2.085150
1.812407
1.914043
1.884162
1.942306
2.842566
2.165474
1.336683
2.223690
1.449356
2.168442
1.201392
1.678217
3.485062
1.643261
1.516525
1.865376
2.043767
1.685642
3.314915
1.531148
1.685407
2.638723
1.432729
1.417156
1.214784
2.016867
2.424666
2.348589
1.943127
2.393103
1.850246
1.798364
1.760817
1.242687
1.210419
2.313188
2.632192
1.223433
1.210032
0.991677
1.900329
1.786960
2.809555
1.840836
1.631442
1.080403
1.003299
1.412263
1.862228
3.409717
3.039071
1.836972
2.341929
1.984149
2.132264
1.810623
2.006507
1.500201
1.267097
1.157643
1.181780
2.532166
2.081793
1.417537
1.535131
2.185238
2.448903
2.418444
2.166805
1.166869
2.204651
1.778840
1.696485
2.099796
2.775447
1.449667
3.000683
2.300029
1.838573
2.306435
2.327583
1.429964
1.458181
1.666472
2.056999
1.565983
1.560804
1.838707
1.230425
1.497742
1.669257
2.553523
2.353393
2.300823
3.379158
1.870102
1.699965
2.933283
1.974078
1.779719
1.506799
1.659448
2.394585
1.225122
4.061724
2.654289
1.485299
1.320639
1.144953
1.564282
1.974873
2.121766
2.220678
1.991276
1.606284
0.907113
1.630608
1.551923
1.118532
1.272700
1.376814
2.747992
1.410923
3.179380
2.409684
1.390091
2.229867
2.045887
3.224886
1.704666
1.954227
2.420511
2.685918
1.294790
1.831265
2.059622
1.674276
1.562668
1.964479
1.438408
1.881526
2.813316
1.894355
2.256335
2.209829
1.258318
1.312523
1.494807
1.235627
1.665155
2.193206
2.379960
1.987511
1.748023
3.732902
1.901840
2.838402
1.378008
2.073436
1.438809
1.463789
1.612390
2.980518
2.650408
2.656259
1.218529
3.300283
1.134120
2.386281
1.844241
1.251306
1.307575
1.701020
1.789838
1.203389
2.721726
2.577778
1.327437
1.646567
2.175919
2.195962
1.915490
2.383860
1.693269
2.228686
2.006152
3.876629
1.520630
1.399477
2.597907
1.863024
3.518193
2.059232
2.336372
2.098656
0.929614
1.214185
1.797912
2.084117
2.130633
1.914314
1.433189
1.821631
1.962801
1.200067
1.265915
1.386298
2.389071
1.437226
1.972500
2.430809
1.427382
1.675136
1.790628
1.422796
1.002604
2.140342
1.293998
1.799999
1.751122
1.320942
2.907183
1.434651
1.526847
2.456966
2.214208
1.381872
1.947516
1.494622
1.486180
1.775394
2.050575
1.419632
1.209433
1.316292
1.455543
2.463517
0.961810
1.711850
1.249277
