1.990829
1.668950
1.990580
1.860750
2.139171
2.739908
1.140702
1.897602
1.468622
2.283665
1.742230
5.156013
1.514849
2.137222
3.793462
1.278130
3.021086
2.126780
2.122966
1.215159
1.921315
1.398293
1.983959
3.017895
2.630422
1.952495
1.380799
2.022898
1.652702
2.160116
2.133403
2.473903
2.695379
1.571611
2.584848
3.304640
2.738298
2.523616
1.682672
1.757767
1.395386
2.000470
1.956671
1.961754
1.693037
2.295998
2.220843
1.879350
1.308274
1.703133
2.418327
1.692445
2.162064
1.737934
2.758937
2.389956
2.431132
1.876049
1.999666
1.623731
2.451447
2.157237
1.647937
1.207568
2.233186
2.592618
1.651524
2.121420
1.173522
1.598384
1.598833
2.018480
1.400549
2.050797
2.220944
2.607203
2.301014
1.885621
1.468467
3.543331
1.863556
1.922463
1.639150
1.528448
2.366493
1.411762
1.463929
2.716102
1.355931
2.581052
1.819699
2.281839
2.729052
1.169387
1.897984
1.810524
2.221056
2.422378
1.396136
1.949965
3.734038
1.316080
2.532343
1.920285
3.260421
1.183234
1.828221
1.725568
1.845880
1.671386
1.701865
0.970537
1.841223
2.499290
2.285295
2.375487
1.049362
1.695899
1.971439
1.657623
2.729901
2.640410
2.572181
3.895980
1.594251
3.246314
1.280111
1.433753
2.185330
1.601086
1.163916
2.549226
3.177196
1.510661
3.143926
1.883920
1.464469
3.081072
3.902665
1.047539
1.683394
2.265234
1.905532
2.155820
1.757931
2.149376
2.530013
2.351385
0.993103
1.665800
1.515087
2.364303
1.330807
1.462809
1.129773
1.313521
1.722059
2.282054
1.751112
1.846234
1.124611
1.243571
1.640813
1.721861
1.729829
1.818019
1.763750
1.580907
1.183823
1.934156
2.666518
2.025389
2.130791
1.783047
2.193485
2.764913
1.126138
1.970614
4.144809
2.362693
1.567892
2.494753
2.099110
1.738209
3.701990
2.544453
1.379481
2.701822
1.939558
2.418507
1.338960
3.470251
2.408482
1.263955
1.834970
1.747050
1.583687
1.909848
2.921488
2.517369
1.467251
1.565147
2.448343
1.948293
1.557723
1.811256
1.359629
1.371455
1.385684
1.079327
3.361290
1.456375
1.325811
1.607622
3.172920
1.710892
1.072702
1.578756
1.250028
