3.935611
1.631090
2.358819
2.183755
1.022675
1.176175
2.560549
1.533216
1.102881
1.374689
1.805501
1.044135
2.006050
2.172676
1.705511
1.693549
1.821680
2.607082
3.590643
3.136143
1.344184
3.560795
1.722843
1.775546
1.447712
1.915897
1.586872
3.352611
1.463820
1.522150
2.287291
2.519584
2.825109
2.927461
1.663543
2.654470
1.288573
4.246591
2.596127
2.154173
1.589887
1.204750
1.568121
1.996054
1.986778
1.473697
1.549382
2.901792
2.663483
1.284482
2.211951
2.482603
1.459396
3.342614
2.417004
1.784701
1.256976
1.722547
2.769206
1.482130
1.294282
3.166420
3.635972
2.783712
3.811630
1.889299
3.852234
1.366110
1.832856
2.641551
2.267307
2.470087
1.182656
2.604544
2.095447
1.464659
1.830245
1.080046
1.443468
1.930694
1.572359
1.840356
4.318318
1.494817
3.633291
1.176528
1.896683
1.623069
1.639436
2.574745
1.409809
2.033788
1.743668
1.294138
2.425649
2.512359
2.422792
2.442993
1.977056
2.362654
2.656839
0.986155
1.367219
1.527332
3.055727
2.066492
1.318274
2.107161
1.290169
2.108129
1.716843
2.390970
2.051541
2.602031
