1.575871
3.411706
1.958727
2.985415
2.186813
4.584396
1.645450
1.820885
1.215158
1.320917
2.533944
1.949003
1.913114
1.936564
2.603030
2.110916
1.727031
1.779703
1.908018
1.627445
2.163585
1.797727
2.765482
2.046109
2.723342
1.777678
4.057370
1.979433
4.843786
2.855514
2.295089
1.793222
1.371972
1.911688
3.065076
1.926197
2.671166
1.241595
2.368094
3.302693
1.781522
2.895065
2.158120
1.712827
3.553054
2.200649
1.609361
1.275329
1.668803
1.328198
1.717466
2.424530
1.409286
2.051536
1.628657
3.089928
2.357875
1.391062
0.967785
2.327299
1.373455
2.269350
2.670151
1.706985
2.275290
2.195463
3.864815
2.059797
1.378376
2.015977
1.063219
1.954132
1.129055
4.764402
2.020469
3.642363
1.570336
1.149052
1.406124
2.393471
1.791285
1.928308
1.593108
2.004158
2.064935
1.230759
1.714011
1.681595
3.110900
1.956970
1.754811
1.647866
0.993603
1.822882
0.994641
1.691362
3.184259
2.085497
2.699071
1.746422
4.261653
2.165350
1.902332
1.673192
2.129728
3.258049
1.002586
2.497174
1.756909
2.315378
2.595192
1.190504
2.051598
1.213845
1.514268
1.032161
1.966900
1.350446
1.306002
2.805127
1.324948
1.348054
3.100343
0.960254
2.021248
2.851623
1.169757
2.890413
2.731034
2.362313
1.653249
2.500443
2.087677
2.268319
2.317752
1.144556
1.739849
2.750057
0.980193
3.064406
2.769483
2.318785
1.761018
2.512407
2.153365
1.336946
2.039337
3.390627
1.064293
1.508742
1.721647
1.374743
3.401777
1.467261
1.698888
2.881779
1.305880
2.101740
1.462063
2.021117
1.700568
1.664276
1.117237
1.407216
1.986547
1.461601
2.779907
1.221097
2.322238
2.457973
1.143230
1.842149
1.375126
3.142293
2.084557
1.147661
1.282359
2.176311
1.757304
1.283890
0.966615
2.077030
1.283677
1.416274
1.580840
3.139218
1.561145
