1.445130
1.671344
2.030289
1.213495
1.539810
1.705185
1.389421
2.614062
2.092737
2.586157
1.502323
1.830420
1.313906
1.623408
1.488147
3.285500
1.104136
1.045485
1.438150
1.164220
1.363962
2.060155
1.434160
3.216551
1.224843
1.796692
1.452530
1.785075
1.810614
1.226846
1.756213
1.072571
2.629828
1.352724
5.544368
1.171570
1.750229
2.271234
2.102894
3.141009
1.879178
1.504000
1.986672
1.716462
1.403891
1.620517
2.527260
2.619496
1.980221
1.679307
1.535881
1.549846
1.952200
1.490644
2.034739
1.287472
1.434004
1.253164
1.773044
1.713052
0.932994
1.522677
1.931106
1.067175
3.599164
2.074779
1.083943
1.037735
1.044394
1.400024
1.019604
2.232168
2.068184
1.429276
1.276199
1.750445
1.667040
1.339865
1.675740
1.619884
1.585869
1.481815
2.813855
0.974153
2.222200
1.712807
1.438740
1.739810
1.095670
1.901482
1.077454
1.506681
1.655214
1.250829
1.296458
2.207061
2.098013
1.214687
1.517509
3.162673
1.456689
1.641093
1.243290
1.307082
1.223977
1.664211
0.976749
2.257385
1.933140
1.067955
1.536808
1.733672
1.504434
1.053388
1.524403
2.599797
1.887806
1.303544
0.921944
2.465184
2.396729
1.423180
1.087269
1.824138
1.417837
2.475438
1.044970
