1.898096
2.024482
1.180082
0.990038
0.897633
1.214636
1.900251
1.967121
0.991618
1.404783
1.802509
1.836241
1.193436
1.053753
1.497021
1.303855
1.410326
1.221519
0.820384
1.612570
1.334516
2.006399
1.765855
1.342548
1.717044
1.626925
1.371425
1.081610
1.368932
1.560903
1.341742
1.048570
1.315923
1.348670
1.494364
1.202393
2.204569
1.230942
1.204943
1.164589
0.974821
1.088549
1.682337
1.273578
1.400470
1.704806
1.190305
1.380769
1.602307
1.623633
1.322071
2.231498
1.575180
1.288251
1.264935
1.212947
1.448135
0.857349
1.135435
0.950213
1.586108
1.465332
1.353225
1.780274
1.622227
1.026173
0.959688
1.477915
2.165754
1.428805
1.011441
1.643439
1.242772
1.519871
2.073335
1.288507
1.173403
1.407766
1.497844
1.496785
0.928836
1.553470
0.965690
1.059338
2.187630
1.258395
1.125756
1.461114
1.351058
1.489100
1.303524
1.576868
1.556936
1.061277
1.176973
2.030090
1.569600
1.680063
1.582360
1.022100
0.943667
1.642494
1.444343
1.383549
2.151411
1.672689
1.526526
1.092282
1.333002
1.474583
1.545456
1.080699
1.010264
1.237159
0.924439
1.385466
1.252741
1.547692
1.485231
0.946880
1.876323
1.308746
