1.353994
2.513819
1.448318
3.071060
1.351248
2.691358
1.466168
2.092152
1.168084
1.436345
1.980371
2.519621
2.516306
1.770505
1.604074
2.900500
1.391151
2.054994
1.975841
1.590531
1.879225
2.251361
1.897956
1.069373
1.946189
1.292697
1.224419
2.111296
1.998423
2.142491
2.334954
3.929947
1.796890
3.051216
1.871416
2.201818
1.565595
3.417213
2.236135
1.327206
2.230877
2.439832
1.705795
2.380125
1.701446
2.292439
2.036626
1.386718
2.778562
2.787711
2.533576
0.867735
1.525503
2.129053
2.886708
1.237805
2.134056
1.708481
1.690258
1.170895
1.979939
1.048264
3.441905
1.883645
2.637560
3.290112
1.068551
1.376426
2.718200
2.288844
1.715758
1.843790
1.498005
2.462086
1.005022
1.368766
2.886305
1.348448
1.960284
2.210923
1.844313
2.851937
1.121455
2.375586
2.349785
1.429243
2.567135
2.073889
1.559205
1.377002
2.060222
1.189838
1.582218
1.719087
1.627982
1.935615
1.039848
1.980348
2.930719
1.561992
1.720853
1.597319
2.114002
2.030820
2.527856
1.808172
1.456638
2.241694
2.038332
1.566054
2.059962
3.701133
2.498902
1.455283
1.030824
3.785886
2.073256
2.537938
1.318433
2.424465
1.827353
1.129974
2.519903
1.802719
1.122095
1.304000
1.220914
2.426306
1.283945
2.227910
1.426134
1.503297
3.249716
1.246331
2.078171
1.548378
1.435750
1.695085
1.799383
1.368744
1.555664
2.053974
2.863798
0.994477
2.260844
2.755503
3.032903
1.689949
1.822718
1.860491
1.754589
1.518582
2.790277
2.728343
1.412944
1.473883
