0.936960
2.130279
1.837379
1.566981
1.785021
1.931230
4.465679
2.718055
1.945944
1.378605
1.791143
2.184772
1.920842
1.767640
1.228652
1.925895
1.357963
1.199550
2.169784
2.217258
2.098739
2.617529
2.426164
1.895612
1.141688
2.550490
1.483141
3.137766
1.315526
2.822323
1.598959
1.764338
1.934791
3.728974
1.268849
1.792489
1.121163
2.193260
1.091720
1.215013
1.947772
2.187600
1.718727
1.954393
1.331811
2.481152
1.048432
1.991260
1.526886
2.181654
2.275025
2.246658
1.601980
1.896280
1.495447
2.005095
2.114430
2.210739
1.670638
1.790725
1.392216
2.060256
1.845078
1.769025
1.158542
1.313817
1.411301
3.323310
1.209858
1.773527
1.594934
1.535415
2.139983
1.696675
2.264220
2.002709
1.220301
2.390053
1.133568
2.723690
1.022878
1.701945
2.324095
2.181449
2.319179
1.530807
3.236278
1.310817
1.855930
3.388429
1.602770
2.345645
1.701543
0.945490
1.167524
1.561508
2.460206
1.634192
3.110037
0.960326
2.342903
1.582360
1.379499
1.351604
1.919420
1.765522
1.532855
2.001843
2.267846
1.028355
1.313852
1.320274
1.916693
4.407288
2.826614
2.070846
1.772770
2.457315
1.268849
1.458845
2.434918
1.502169
2.840253
1.476936
2.077789
2.284979
1.788664
2.918225
1.633007
2.874491
1.074100
1.924315
1.721066
1.734900
2.636646
1.928470
1.758675
1.366956
1.410130
1.618600
0.955386
2.651855
1.957139
2.050684
1.136559
1.965787
1.745100
2.055646
1.656042
1.298977
1.112733
1.425647
1.093161
2.305225
1.833542
2.278716
