2.270118
2.572973
2.088481
2.966389
1.690494
1.079026
2.364232
1.754942
1.976609
2.499671
1.697099
1.218023
2.381987
1.760061
1.954801
1.777802
2.371953
1.481943
1.961167
1.562893
1.700918
1.741853
1.546202
2.453491
1.410213
2.825217
2.449749
1.789910
2.035337
2.073662
1.184901
2.673416
3.122459
1.859814
1.489673
2.443428
1.343246
1.210459
2.229054
2.138401
1.165178
1.010949
2.137586
1.691887
1.846299
1.963509
1.457143
1.230940
1.871527
1.668950
1.746848
1.610411
2.429651
2.340467
1.356468
2.124715
1.855099
1.864669
2.554737
1.475419
2.261990
1.577400
2.238398
1.939608
3.032366
2.130425
1.846243
2.119420
1.470953
1.429250
1.486370
1.230874
2.099823
2.048238
1.744242
2.478563
1.629739
1.453133
1.360744
2.058450
2.042519
1.259564
1.672032
1.807295
1.496781
1.982875
2.033915
2.247563
3.380316
2.168885
1.133784
1.438225
2.111364
2.214308
1.884028
2.104714
1.416404
1.420087
1.197132
1.870732
2.019658
1.490831
2.045215
1.505767
1.624037
2.140133
1.872704
1.841902
1.644174
1.687861
1.678964
1.541561
2.587435
3.039813
2.800297
1.531286
1.340241
1.009271
1.986744
1.228791
1.381787
2.340919
1.446486
1.481838
2.542351
1.467051
1.389870
1.590892
1.805839
1.367412
1.462394
1.895231
1.931109
1.944047
1.568493
1.795115
2.009494
1.745552
3.676480
1.538190
0.967486
1.619222
1.771182
1.826993
1.723021
1.848383
1.570027
1.927370
1.663667
1.646466
1.389053
1.451473
1.985491
2.047044
1.827069
1.509801
3.234378
2.314507
1.555540
2.087615
3.164008
1.262437
1.734454
1.947153
1.474207
2.301847
1.763730
1.942178
1.279604
1.762414
1.532283
1.581662
1.229303
1.813794
3.091129
1.385302
1.995207
1.773567
1.383736
1.970367
1.567769
1.413365
1.870964
3.081524
2.197155
2.071204
1.914803
1.751721
1.678859
2.005838
1.827512
2.109626
1.564550
1.424930
2.556075
1.641938
1.596708
2.171867
1.924652
2.033576
2.034794
2.616371
2.114724
1.286575
3.285416
2.125498
1.510504
1.545706
1.247572
2.203763
1.708751
1.294513
1.724312
2.741383
1.478261
2.216936
2.560147
1.113811
1.864990
1.891951
1.356237
1.539784
2.038620
1.406744
1.277592
1.544426
2.746359
1.232879
2.115271
1.685380
1.955223
1.442145
1.466372
1.652286
1.597424
1.547485
1.738949
2.001150
1.568690
2.549507
1.741163
1.869413
1.463078
2.156597
1.360918
1.082886
2.151270
1.419866
1.750373
2.016795
1.511875
2.665575
1.851058
2.087528
1.158918
1.619720
2.439872
2.150465
1.531836
2.272806
1.181100
2.186652
2.625286
1.423545
2.105638
2.473208
1.332746
1.888343
1.756362
1.763032
2.014731
1.028955
1.797320
1.319974
1.770551
2.295135
2.177031
1.267067
2.762014
1.601161
3.574420
1.812933
1.470819
1.380659
3.291430
1.784853
2.316853
1.377204
1.489859
2.677281
1.613697
1.899938
2.278454
2.085902
1.380367
2.074449
1.770168
1.971591
2.143028
1.635851
1.713763
1.500859
2.185067
2.540437
1.444209
2.100470
2.632444
1.304750
1.091118
1.354640
1.661357
1.618270
1.409718
1.313964
1.987371
1.596204
1.917709
1.229490
1.547042
1.733511
1.032236
0.964896
1.701141
2.360490
1.254518
1.577407
1.518600
0.997235
2.606985
3.828574
3.103476
1.789364
1.600736
1.320160
1.184144
1.687761
1.980328
2.738148
1.856503
1.282846
1.692755
1.665665
1.233292
3.859235
1.561436
2.161410
1.421915
2.083125
