1.687896
1.208869
1.199550
2.203438
0.981352
1.445206
1.482011
1.462844
1.354398
1.551566
2.166893
1.903114
1.443815
2.904983
1.572231
1.696609
1.823717
1.364784
1.365742
3.272151
1.599965
1.611745
0.888177
1.444199
2.090733
1.617715
1.885453
2.024452
1.097999
1.836164
1.269043
1.214311
0.994705
1.205410
1.236742
1.860733
4.070839
2.286774
1.345040
1.406329
1.331334
2.111650
1.792048
1.268131
1.185074
1.516189
2.257663
1.174990
1.358741
1.892830
2.535995
2.029861
2.213966
1.365603
1.530127
1.851561
3.166402
1.294826
1.592609
2.095974
1.090016
2.384077
1.372084
1.290750
1.447360
1.641376
1.777450
1.717583
1.513195
1.466640
1.579716
1.253949
1.456226
2.284162
1.888165
1.226017
1.409642
1.594887
1.852510
1.616841
1.802264
1.321714
1.887568
2.478455
1.731024
1.017203
2.886845
1.345704
1.478166
1.805203
3.158656
2.096850
2.877390
1.608756
1.745502
1.263352
2.002917
1.567827
1.639989
1.374943
1.474149
2.628273
1.181827
2.252551
1.571876
1.341542
2.595893
1.176318
1.622455
1.525761
2.704758
2.439571
1.154777
1.747544
1.855085
1.331791
1.491449
1.294210
1.416279
1.383254
2.541728
1.324299
1.787174
1.250506
1.757126
2.452351
1.541537
2.239824
2.065825
1.211975
1.717400
1.059955
1.536750
1.164925
1.171561
1.301284
1.556234
1.711467
2.868418
1.478214
1.011186
1.717472
1.230421
1.688160
1.408256
2.207232
2.163107
1.877896
1.112959
1.627889
1.445117
2.225131
2.491468
1.917502
1.885215
2.343062
1.441401
2.217844
1.067059
2.555812
1.885020
1.437902
1.262635
1.103247
1.844494
1.062666
1.831235
0.907627
1.911482
1.301968
1.277588
2.210700
1.297646
1.678831
1.390610
2.275352
2.447520
1.966311
2.147592
1.512377
1.547940
1.598073
1.260919
1.104981
1.996604
1.388245
1.606976
1.878031
1.674255
1.424690
