1.156163
1.276075
0.952732
1.842391
2.447754
2.123250
2.438400
2.269716
1.549514
1.162556
1.487671
1.349301
1.578791
1.582822
2.204604
2.374733
1.048612
1.360996
1.361879
2.370050
1.807037
0.862679
1.523907
2.444764
1.407969
3.205734
2.031249
1.253388
1.577473
1.996070
1.780691
2.042158
1.553165
2.844074
1.876374
1.224025
1.939794
1.310089
2.339823
1.514667
1.837623
1.341956
1.530718
1.225985
2.199613
1.680592
1.372314
1.717298
1.629819
1.610252
2.120261
1.476668
1.954661
1.463317
1.109757
1.795385
1.331105
1.836818
1.457887
1.127033
1.924619
1.268085
1.824477
1.201107
1.426617
1.265900
1.568198
2.329218
1.694440
2.394633
1.252274
1.736084
1.898409
1.237245
2.332529
2.153361
1.187966
1.712550
2.087479
1.936874
1.834725
1.152674
1.078386
1.071318
2.087099
2.295987
1.301682
1.501635
1.284039
1.063744
1.873234
1.048702
2.695899
1.277339
1.889924
2.428886
1.320151
1.474149
1.530367
1.447924
1.755682
1.750104
1.290212
1.894994
1.350098
1.137782
1.616978
0.925205
1.989603
2.012004
2.403798
1.256114
1.302012
1.876825
1.909927
1.057910
1.447320
1.609990
1.677567
1.184013
1.881615
2.856174
1.874960
1.802154
1.800125
1.035057
1.168811
1.512880
1.319414
1.537829
0.925568
2.220839
1.115155
1.527685
1.579522
1.083796
1.085941
1.183122
1.403561
1.813452
1.052293
2.581373
1.699811
1.470657
1.641704
1.167843
1.038223
1.679262
2.079465
2.117584
1.117687
1.415372
1.846356
1.290939
2.771624
1.186644
1.250390
1.126898
0.949132
1.372870
2.094206
1.440820
1.227464
1.168753
1.835315
1.681741
1.366000
2.417748
1.178073
1.345145
1.772604
1.614715
1.792470
1.744341
0.919307
2.321200
1.523688
1.779541
1.325970
1.669722
1.447603
1.644970
3.052725
1.247060
1.391011
1.900409
1.386112
1.525625
2.042753
1.918678
1.600350
2.498375
1.226925
1.311340
2.529386
1.430098
1.361777
1.624446
1.354861
2.188110
2.355831
1.425376
1.981069
1.377092
1.556907
1.596564
1.086114
1.488964
1.460808
1.741128
1.283708
1.327073
2.705085
1.532059
1.504268
1.901742
1.880670
1.464700
