1.070163
0.955065
1.604542
2.140977
0.965652
1.957251
1.388691
1.208375
2.213367
1.173980
1.565782
1.077306
0.958012
1.257534
2.756693
1.025442
1.003267
1.768611
1.486577
1.647704
0.940599
1.470269
1.655320
1.875110
1.157438
1.162304
1.264610
1.419640
1.643437
1.927874
1.463673
1.157304
1.148581
1.502706
1.705244
1.295356
1.431713
1.136674
1.370575
1.704670
1.402284
1.340032
1.473826
1.051638
1.404433
1.545421
1.081530
1.814624
0.941400
1.298345
1.530167
0.955216
1.052186
1.385997
1.741657
1.200193
1.563199
1.472535
0.954036
1.006164
1.705237
1.087597
1.319187
1.822657
1.568567
1.256679
1.696237
1.515055
1.135751
1.510196
1.628473
1.026009
1.742431
1.716011
1.206389
1.821234
1.414081
1.181008
0.909288
1.617351
1.350676
0.898817
1.150689
1.687885
1.935797
1.157919
2.102514
1.813709
1.952166
1.377866
1.886438
1.274751
1.912737
1.613720
1.077371
1.258854
0.956815
1.311327
1.665622
1.236716
1.478976
1.256797
1.873205
1.888699
1.362590
2.068035
1.105893
1.896450
1.297907
1.316229
1.352708
1.155092
1.014505
1.036920
1.357877
1.672058
0.937745
1.921502
1.014083
1.641476
1.148836
1.421950
1.335547
1.276742
1.071542
