1.427103
1.096110
1.657577
1.780455
1.668453
1.606954
2.883948
1.450591
1.543230
1.943056
1.659253
1.674003
1.834063
1.156019
1.886619
1.822661
2.022345
2.351773
1.898777
1.371252
2.084832
2.342033
2.184097
1.476379
1.887709
1.563269
1.879152
2.560867
1.069359
1.605728
1.179039
1.233398
1.995757
1.487497
1.844089
1.367730
1.271552
2.005714
1.503433
1.363279
2.342624
1.532486
1.008757
1.466813
1.792881
1.182583
1.574957
2.500240
2.082022
2.086002
1.373920
1.745556
1.211943
1.116116
1.565376
1.223507
2.000764
1.180822
1.741544
1.632118
2.338758
1.716534
1.530185
1.754739
1.706288
1.087898
1.191835
1.955209
1.703155
1.155418
1.819979
1.799825
1.187321
1.825330
1.816376
1.094816
1.177030
1.811123
2.033301
1.906202
1.088399
3.558870
1.729368
2.361034
2.258019
1.159601
1.925835
1.618673
1.661375
1.158065
1.421735
1.526005
2.418745
1.372630
1.952138
1.953776
1.231328
1.551508
1.609293
1.558091
1.411112
1.240832
1.217711
1.339676
1.278003
1.424215
1.128971
1.084685
1.683473
1.244019
1.104508
1.504311
1.660024
2.050187
1.737859
1.925195
1.479687
2.189954
1.191452
2.418814
1.396556
2.185938
1.312010
1.346187
1.151457
2.131760
1.804374
