2.919334
1.183875
2.347850
2.173925
2.786405
2.209845
2.110749
1.763231
1.687292
2.492640
1.978098
1.255731
1.368138
2.365704
2.370108
2.035591
2.461212
1.639407
2.647307
2.047109
1.465742
1.416815
2.806392
1.566668
1.928715
1.524660
2.013790
1.726352
1.342277
1.868355
2.379238
2.096495
2.028664
1.750928
0.975609
1.714977
2.491062
1.230888
2.273412
1.434689
1.457489
2.393687
2.021307
2.519449
2.308979
1.998609
1.994097
1.612255
1.656642
1.669114
1.655393
1.862060
2.569320
1.982373
1.487599
2.073786
2.783614
2.399126
2.046907
2.198642
1.737673
1.310577
2.119927
2.095520
1.509339
2.796688
2.020454
3.085953
2.452643
1.899113
1.038185
1.290733
1.448938
1.862143
1.942216
2.155722
1.368767
1.740969
2.678637
2.540035
1.471070
1.569458
1.566648
2.435222
2.063382
3.087053
1.985204
2.194593
1.498503
2.092869
1.842909
1.736877
2.500275
1.211240
1.235839
1.464270
1.355387
2.707441
2.615218
1.292471
1.990436
1.348463
3.289906
1.140479
1.834438
0.980078
1.918036
2.833619
2.290690
1.902826
1.464548
2.855519
