1.618264
1.950664
2.897696
1.428684
1.957665
2.950576
1.597726
1.248556
1.386590
2.156351
1.251250
3.113704
3.856047
1.739011
1.788624
1.312453
2.279798
1.786786
2.065887
1.994030
2.088614
1.264168
2.306844
2.212597
1.642334
1.418607
1.789901
2.558338
1.779707
1.611626
1.576911
1.524043
1.372361
1.593402
1.254981
1.399909
1.121162
1.370741
1.795752
2.147746
1.978614
1.344475
3.110522
1.367403
1.233237
1.921057
2.448092
1.216210
1.640083
2.206421
1.325742
2.388383
2.153200
2.186287
1.947843
1.767332
1.624171
2.199310
2.564033
1.638164
2.331026
3.020566
1.520335
2.557474
1.232796
1.082997
2.530212
2.626610
2.269808
2.057410
1.462135
2.053753
1.957016
3.170905
2.025603
2.072042
2.237483
1.498292
1.996842
1.294083
1.618075
1.850897
2.189100
1.733055
1.965358
1.664557
0.970470
1.906448
3.041365
2.068276
1.270153
1.716761
2.455065
1.934632
2.116803
1.590417
1.806345
1.492957
1.597368
1.626773
1.541662
1.995171
2.335530
1.310111
1.101617
1.254686
2.393393
1.997363
1.283041
1.684027
1.864257
1.827432
1.220544
1.394535
2.815410
2.328706
1.774153
2.628558
1.626987
2.515002
1.013304
1.928569
2.098293
1.141728
2.611319
2.621528
2.583648
2.754470
1.970463
2.100720
2.170295
2.250576
3.044783
1.876981
2.126988
1.997057
1.601308
2.462526
2.026989
1.729946
1.768434
1.080042
1.233405
1.597217
3.050323
2.376399
1.618826
2.395060
1.850973
1.453894
1.958839
1.259124
2.072778
1.414285
1.494681
1.070351
1.668891
2.324160
1.160595
1.881067
2.448435
1.472831
2.181904
1.743393
2.176842
2.580334
1.973423
1.688576
1.330477
1.985972
1.159162
1.173387
1.370405
1.509314
2.274036
2.467967
1.166521
1.440654
1.964348
1.607447
1.668457
1.481164
1.781455
1.336861
1.626074
1.271471
1.609617
1.370518
3.107336
1.594387
1.922081
2.529941
2.068936
1.917688
1.428938
1.267600
1.831937
2.570050
3.393145
1.555926
3.111922
2.048203
1.661914
1.307312
2.461736
3.586569
1.927575
2.319493
1.976003
1.884307
1.267588
2.653036
2.126167
1.708623
1.741841
1.979979
2.238095
1.700364
1.348135
2.132091
2.941283
1.331882
1.394658
1.467733
1.379049
1.778949
1.365754
3.129517
1.105175
1.775481
1.516916
1.959141
1.559751
1.509083
1.322230
2.560722
1.207221
3.211097
1.172229
1.971052
3.214944
1.975604
1.892964
2.847100
1.505008
2.098973
2.154350
1.813828
1.562972
2.312206
1.882267
2.223563
1.886039
2.413492
2.035774
1.818213
1.416957
1.656714
2.091054
2.056139
1.636514
2.316831
1.409748
1.526000
1.637512
1.119208
