1.694904
2.025089
1.294519
3.456671
1.321363
1.547317
1.096117
1.443555
1.584756
2.121023
1.104442
2.271374
1.670031
2.111931
1.997894
1.164946
1.507651
1.884419
3.188117
2.683672
3.031740
1.782513
1.452623
1.189083
1.184887
2.766782
2.270333
2.343513
2.199507
1.407099
1.970918
1.617569
1.926124
1.890296
2.018728
1.879345
1.284025
2.161407
2.314367
2.029282
1.975858
2.864295
1.546591
1.641700
1.076730
1.682654
2.078579
2.278928
1.362170
1.634557
1.047951
2.795647
1.580198
1.490615
1.660318
1.338395
2.963234
1.017641
1.810722
1.499613
1.469431
1.789088
1.645737
1.366616
2.181735
1.618589
3.748550
2.307364
1.189666
1.673265
1.737092
2.028637
1.709991
1.275948
1.238726
1.506122
1.315712
1.160121
2.462734
2.009071
1.546567
2.455065
1.059910
1.430341
1.769117
1.282999
1.150473
1.368547
1.472897
1.551071
1.470956
1.575281
1.620178
2.370926
1.925817
2.180394
1.715216
1.707641
1.700722
2.027889
2.072288
2.166035
1.714205
1.665379
1.956568
1.777327
0.982030
1.539789
1.737768
1.432441
1.678000
1.731185
1.181581
0.876754
1.852196
2.232511
1.459347
0.925676
1.657336
1.038820
1.629156
1.517125
1.078966
2.630334
2.183156
1.738278
2.687623
1.307800
1.370026
1.865645
1.354304
1.094364
1.371973
2.004873
1.784428
1.882805
1.474181
1.495613
1.718913
1.863104
1.751034
1.520668
2.023771
1.209476
1.373948
1.601900
2.391463
0.943086
2.053735
1.365527
2.896391
1.737617
2.346610
1.296117
2.469963
1.348656
