2.281289
2.156681
1.260518
2.291847
2.754860
1.421752
1.389155
1.757851
2.238749
2.330867
1.192315
1.057881
1.224322
1.716079
1.903421
1.568318
2.678691
1.838782
1.595547
1.403530
1.272388
1.469971
1.463961
1.192483
1.150469
1.951375
2.593590
1.772185
1.052691
1.900981
2.134079
1.357823
1.271707
1.611999
1.059780
1.186724
1.358019
2.168593
1.444684
1.787156
1.197022
1.505213
1.537248
1.827092
2.581697
1.334641
1.394707
1.186957
1.881484
1.331912
1.571973
1.682491
2.116787
1.175012
1.642887
1.591417
1.753726
1.376332
1.871045
1.458119
2.564046
1.425137
1.468054
1.163764
1.205366
1.599589
1.718304
1.299407
1.488515
1.677115
1.279946
1.463655
1.904966
2.052536
1.316656
1.877185
2.279224
1.483981
2.070304
1.061078
2.219036
2.048782
1.627159
1.708297
1.195615
1.560234
1.104111
2.918128
1.458122
1.074992
1.792052
1.142499
2.297819
1.407344
1.609777
1.356623
1.452506
1.518032
1.728381
1.279429
2.011186
0.951717
1.216855
1.425883
1.384141
1.504567
1.641799
3.223185
1.708610
2.720133
3.589972
1.158893
2.303155
1.389314
1.691645
1.442870
1.412825
1.907795
2.466944
1.961621
1.302056
1.148894
1.593419
1.302615
1.718468
2.220555
1.253432
2.411899
1.237766
1.317407
1.672130
1.781662
1.243992
1.615262
1.668403
2.185067
2.369520
1.896351
1.110165
1.184103
1.673075
1.237344
1.087029
1.892928
1.411665
0.980811
1.291050
1.686211
1.630567
1.483082
1.388123
1.661533
1.631374
3.058894
2.207942
1.592293
1.641481
2.248699
2.077066
1.641882
1.042495
1.541046
1.195158
0.922886
1.518131
0.861817
1.830903
1.619226
1.914059
1.040959
3.541493
1.218181
1.501861
2.327271
1.134901
1.296281
1.889543
1.578337
2.055638
1.424150
1.425965
2.842864
1.578863
0.942286
2.396874
1.737479
1.457797
1.516709
1.693879
1.847398
1.353897
2.433914
1.622874
2.023895
1.687121
1.558203
1.729259
2.394215
1.858420
1.488937
1.720794
1.619674
1.805970
2.071636
