1 2 0.589779
1 4 0.665250
1 5 0.658921
1 6 0.901370
1 7 0.603864
1 8 0.612298
1 9 0.680652
1 11 0.589590
1 13 0.650053
1 14 0.500000
2 1 0.589779
4 1 0.665250
4 14 0.500000
5 1 0.658921
6 1 0.901370
7 1 0.603864
7 14 0.500000
8 1 0.612298
8 14 0.500000
9 1 0.680652
11 1 0.589590
11 14 0.500000
13 1 0.650053
13 14 0.500000
14 1 0.500000
14 4 0.500000
14 7 0.500000
14 8 0.500000
14 11 0.500000
14 13 0.500000
1 1 0.765090
1 3 0.500000
1 10 0.550884
1 12 0.500000
2 2 0.593360
2 3 0.500000
2 4 0.571237
2 5 0.566635
2 6 0.713725
2 7 0.524290
2 8 0.513594
2 9 0.540349
2 10 0.512707
2 11 0.528906
2 12 0.500000
2 13 0.558487
2 14 0.500000
3 1 0.500000
3 2 0.500000
3 3 0.500000
3 4 0.500000
3 5 0.500000
3 6 0.500000
3 7 0.500000
3 8 0.500000
3 9 0.500000
3 10 0.500000
3 11 0.500000
3 12 0.500000
3 13 0.500000
3 14 0.500000
4 2 0.571237
4 3 0.500000
4 4 0.680194
4 5 0.600011
4 6 0.774203
4 7 0.536664
4 8 0.555556
4 9 0.593446
4 10 0.539811
4 11 0.549734
4 12 0.500000
4 13 0.587868
5 2 0.566635
5 3 0.500000
5 4 0.600011
5 5 0.620415
5 6 0.789724
5 7 0.550180
5 8 0.581459
5 9 0.585481
5 10 0.524939
5 11 0.549201
5 12 0.500000
5 13 0.585888
5 14 0.500000
6 2 0.713725
6 3 0.500000
6 4 0.774203
6 5 0.789724
6 6 0.999669
6 7 0.720085
6 8 0.684008
6 9 0.810454
6 10 0.578631
6 11 0.684292
6 12 0.500000
6 13 0.784612
6 14 0.500000
7 2 0.524290
7 3 0.500000
7 4 0.536664
7 5 0.550180
7 6 0.720085
7 7 0.562298
7 8 0.538282
7 9 0.576539
7 10 0.517439
7 11 0.538078
7 12 0.500000
7 13 0.558427
8 2 0.513594
8 3 0.500000
8 4 0.555556
8 5 0.581459
8 6 0.684008
8 7 0.538282
8 8 0.580249
8 9 0.566876
8 10 0.518737
8 11 0.531581
8 12 0.500000
8 13 0.548487
9 2 0.540349
9 3 0.500000
9 4 0.593446
9 5 0.585481
9 6 0.810454
9 7 0.576539
9 8 0.566876
9 9 0.642408
9 10 0.534466
9 11 0.559256
9 12 0.500000
9 13 0.595192
9 14 0.500000
10 1 0.550884
10 2 0.512707
10 3 0.500000
10 4 0.539811
10 5 0.524939
10 6 0.578631
10 7 0.517439
10 8 0.518737
10 9 0.534466
10 10 0.514550
10 11 0.515928
10 12 0.500000
10 13 0.527097
10 14 0.500000
11 2 0.528906
11 3 0.500000
11 4 0.549734
11 5 0.549201
11 6 0.684292
11 7 0.538078
11 8 0.531581
11 9 0.559256
11 10 0.515928
11 11 0.530636
11 12 0.500000
11 13 0.551454
12 1 0.500000
12 2 0.500000
12 3 0.500000
12 4 0.500000
12 5 0.500000
12 6 0.500000
12 7 0.500000
12 8 0.500000
12 9 0.500000
12 10 0.500000
12 11 0.500000
12 12 0.500000
12 13 0.500000
12 14 0.500000
13 2 0.558487
13 3 0.500000
13 4 0.587868
13 5 0.585888
13 6 0.784612
13 7 0.558427
13 8 0.548487
13 9 0.595192
13 10 0.527097
13 11 0.551454
13 12 0.500000
13 13 0.591730
14 2 0.500000
14 3 0.500000
14 5 0.500000
14 6 0.500000
14 9 0.500000
14 10 0.500000
14 12 0.500000
14 14 0.500000
