1 2 0.608576
1 4 0.693749
1 5 0.698338
1 6 0.669427
1 7 0.609871
1 8 0.676872
1 9 0.591037
1 11 0.500000
1 13 0.590593
1 14 0.500000
2 1 0.608576
4 1 0.693749
4 14 0.500000
5 1 0.698338
6 1 0.669427
7 1 0.609871
7 14 0.500000
8 1 0.676872
8 14 0.500000
9 1 0.591037
11 1 0.500000
11 14 0.500000
13 1 0.590593
13 14 0.500000
14 1 0.500000
14 4 0.500000
14 7 0.500000
14 8 0.500000
14 11 0.500000
14 13 0.500000
1 1 0.766937
1 3 0.500000
1 10 0.492754
1 12 0.500000
2 2 0.543785
2 3 0.500000
2 4 0.558799
2 5 0.577615
2 6 0.572205
2 7 0.527700
2 8 0.568344
2 9 0.534417
2 10 0.495907
2 11 0.500000
2 12 0.500000
2 13 0.536436
2 14 0.500000
3 1 0.500000
3 2 0.500000
3 3 0.500000
3 4 0.500000
3 5 0.500000
3 6 0.500000
3 7 0.500000
3 8 0.500000
3 9 0.500000
3 10 0.500000
3 11 0.500000
3 12 0.500000
3 13 0.500000
3 14 0.500000
4 2 0.558799
4 3 0.500000
4 4 0.972045
4 5 0.600175
4 6 0.538593
4 7 0.777438
4 8 0.630958
4 9 0.533845
4 10 0.504751
4 11 0.500000
4 12 0.500000
4 13 0.561207
5 2 0.577615
5 3 0.500000
5 4 0.600175
5 5 0.686292
5 6 0.634808
5 7 0.586628
5 8 0.637295
5 9 0.572505
5 10 0.482132
5 11 0.500000
5 12 0.500000
5 13 0.560049
5 14 0.500000
6 2 0.572205
6 3 0.500000
6 4 0.538593
6 5 0.634808
6 6 0.648127
6 7 0.562299
6 8 0.600578
6 9 0.557223
6 10 0.491146
6 11 0.500000
6 12 0.500000
6 13 0.552511
6 14 0.500000
7 2 0.527700
7 3 0.500000
7 4 0.777438
7 5 0.586628
7 6 0.562299
7 7 0.832916
7 8 0.560263
7 9 0.517449
7 10 0.503448
7 11 0.500000
7 12 0.500000
7 13 0.519234
8 2 0.568344
8 3 0.500000
8 4 0.630958
8 5 0.637295
8 6 0.600578
8 7 0.560263
8 8 0.630995
8 9 0.554253
8 10 0.491085
8 11 0.500000
8 12 0.500000
8 13 0.561342
9 2 0.534417
9 3 0.500000
9 4 0.533845
9 5 0.572505
9 6 0.557223
9 7 0.517449
9 8 0.554253
9 9 0.538027
9 10 0.495729
9 11 0.500000
9 12 0.500000
9 13 0.530524
9 14 0.500000
10 1 0.492754
10 2 0.495907
10 3 0.500000
10 4 0.504751
10 5 0.482132
10 6 0.491146
10 7 0.503448
10 8 0.491085
10 9 0.495729
10 10 0.507066
10 11 0.500000
10 12 0.500000
10 13 0.498104
10 14 0.500000
11 2 0.500000
11 3 0.500000
11 4 0.500000
11 5 0.500000
11 6 0.500000
11 7 0.500000
11 8 0.500000
11 9 0.500000
11 10 0.500000
11 11 0.500000
11 12 0.500000
11 13 0.500000
12 1 0.500000
12 2 0.500000
12 3 0.500000
12 4 0.500000
12 5 0.500000
12 6 0.500000
12 7 0.500000
12 8 0.500000
12 9 0.500000
12 10 0.500000
12 11 0.500000
12 12 0.500000
12 13 0.500000
12 14 0.500000
13 2 0.536436
13 3 0.500000
13 4 0.561207
13 5 0.560049
13 6 0.552511
13 7 0.519234
13 8 0.561342
13 9 0.530524
13 10 0.498104
13 11 0.500000
13 12 0.500000
13 13 0.542310
14 2 0.500000
14 3 0.500000
14 5 0.500000
14 6 0.500000
14 9 0.500000
14 10 0.500000
14 12 0.500000
14 14 0.500000
