1 2 0.622862
1 4 0.724397
1 5 0.737866
1 6 0.737073
1 7 0.690378
1 8 0.589983
1 9 0.736037
1 11 0.647964
1 13 0.661868
1 14 0.500000
2 1 0.622862
4 1 0.724397
4 14 0.500000
5 1 0.737866
6 1 0.737073
7 1 0.690378
7 14 0.500000
8 1 0.589983
8 14 0.500000
9 1 0.736037
11 1 0.647964
11 14 0.500000
13 1 0.661868
13 14 0.500000
14 1 0.500000
14 4 0.500000
14 7 0.500000
14 8 0.500000
14 11 0.500000
14 13 0.500000
1 1 0.822726
1 3 0.500000
1 10 0.535352
1 12 0.500000
2 2 0.642234
2 3 0.500000
2 4 0.556432
2 5 0.561167
2 6 0.581131
2 7 0.549243
2 8 0.619828
2 9 0.574990
2 10 0.530195
2 11 0.553967
2 12 0.500000
2 13 0.549214
2 14 0.500000
3 1 0.500000
3 2 0.500000
3 3 0.500000
3 4 0.500000
3 5 0.500000
3 6 0.500000
3 7 0.500000
3 8 0.500000
3 9 0.500000
3 10 0.500000
3 11 0.500000
3 12 0.500000
3 13 0.500000
3 14 0.500000
4 2 0.556432
4 3 0.500000
4 4 0.696678
4 5 0.600568
4 6 0.640489
4 7 0.622805
4 8 0.560648
4 9 0.642891
4 10 0.518353
4 11 0.596490
4 12 0.500000
4 13 0.610308
5 2 0.561167
5 3 0.500000
5 4 0.600568
5 5 0.950969
5 6 0.705548
5 7 0.639706
5 8 0.531265
5 9 0.686373
5 10 0.517905
5 11 0.596155
5 12 0.500000
5 13 0.593023
5 14 0.500000
6 2 0.581131
6 3 0.500000
6 4 0.640489
6 5 0.705548
6 6 0.683751
6 7 0.634938
6 8 0.546979
6 9 0.670809
6 10 0.518197
6 11 0.597871
6 12 0.500000
6 13 0.607589
6 14 0.500000
7 2 0.549243
7 3 0.500000
7 4 0.622805
7 5 0.639706
7 6 0.634938
7 7 0.627259
7 8 0.568755
7 9 0.626084
7 10 0.505817
7 11 0.580451
7 12 0.500000
7 13 0.590205
8 2 0.619828
8 3 0.500000
8 4 0.560648
8 5 0.531265
8 6 0.546979
8 7 0.568755
8 8 0.768426
8 9 0.491404
8 10 0.518680
8 11 0.549417
8 12 0.500000
8 13 0.549570
9 2 0.574990
9 3 0.500000
9 4 0.642891
9 5 0.686373
9 6 0.670809
9 7 0.626084
9 8 0.491404
9 9 0.691093
9 10 0.524605
9 11 0.598260
9 12 0.500000
9 13 0.606805
9 14 0.500000
10 1 0.535352
10 2 0.530195
10 3 0.500000
10 4 0.518353
10 5 0.517905
10 6 0.518197
10 7 0.505817
10 8 0.518680
10 9 0.524605
10 10 0.516322
10 11 0.515218
10 12 0.500000
10 13 0.514597
10 14 0.500000
11 2 0.553967
11 3 0.500000
11 4 0.596490
11 5 0.596155
11 6 0.597871
11 7 0.580451
11 8 0.549417
11 9 0.598260
11 10 0.515218
11 11 0.562215
11 12 0.500000
11 13 0.568424
12 1 0.500000
12 2 0.500000
12 3 0.500000
12 4 0.500000
12 5 0.500000
12 6 0.500000
12 7 0.500000
12 8 0.500000
12 9 0.500000
12 10 0.500000
12 11 0.500000
12 12 0.500000
12 13 0.500000
12 14 0.500000
13 2 0.549214
13 3 0.500000
13 4 0.610308
13 5 0.593023
13 6 0.607589
13 7 0.590205
13 8 0.549570
13 9 0.606805
13 10 0.514597
13 11 0.568424
13 12 0.500000
13 13 0.577762
14 2 0.500000
14 3 0.500000
14 5 0.500000
14 6 0.500000
14 9 0.500000
14 10 0.500000
14 12 0.500000
14 14 0.500000
