1 2 0.653399
1 4 0.820150
1 5 0.981691
1 6 0.789108
1 7 0.719971
1 8 0.755646
1 9 0.847150
1 11 0.698185
1 13 0.690891
1 14 0.500000
2 1 0.653399
4 1 0.820150
4 14 0.500000
5 1 0.981691
6 1 0.789108
7 1 0.719971
7 14 0.500000
8 1 0.755646
8 14 0.500000
9 1 0.847150
11 1 0.698185
11 14 0.500000
13 1 0.690891
13 14 0.500000
14 1 0.500000
14 4 0.500000
14 7 0.500000
14 8 0.500000
14 11 0.500000
14 13 0.500000
1 1 0.907932
1 3 0.500000
1 10 0.560369
1 12 0.500000
2 2 0.590845
2 3 0.500000
2 4 0.629452
2 5 0.813050
2 6 0.581247
2 7 0.554668
2 8 0.586932
2 9 0.615969
2 10 0.526805
2 11 0.551005
2 12 0.500000
2 13 0.539312
2 14 0.500000
3 1 0.500000
3 2 0.500000
3 3 0.500000
3 4 0.500000
3 5 0.500000
3 6 0.500000
3 7 0.500000
3 8 0.500000
3 9 0.500000
3 10 0.500000
3 11 0.500000
3 12 0.500000
3 13 0.500000
3 14 0.500000
4 2 0.629452
4 3 0.500000
4 4 0.779551
4 5 0.949357
4 6 0.694144
4 7 0.640319
4 8 0.689804
4 9 0.756556
4 10 0.550788
4 11 0.633059
4 12 0.500000
4 13 0.622243
5 2 0.813050
5 3 0.500000
5 4 0.949357
5 5 0.999792
5 6 0.902068
5 7 0.810759
5 8 0.881752
5 9 0.952736
5 10 0.629606
5 11 0.801721
5 12 0.500000
5 13 0.776850
5 14 0.500000
6 2 0.581247
6 3 0.500000
6 4 0.694144
6 5 0.902068
6 6 0.714813
6 7 0.638053
6 8 0.645411
6 9 0.723398
6 10 0.528996
6 11 0.622199
6 12 0.500000
6 13 0.623063
6 14 0.500000
7 2 0.554668
7 3 0.500000
7 4 0.640319
7 5 0.810759
7 6 0.638053
7 7 0.618232
7 8 0.620966
7 9 0.664931
7 10 0.525522
7 11 0.588557
7 12 0.500000
7 13 0.592553
8 2 0.586932
8 3 0.500000
8 4 0.689804
8 5 0.881752
8 6 0.645411
8 7 0.620966
8 8 0.661938
8 9 0.697931
8 10 0.535257
8 11 0.602100
8 12 0.500000
8 13 0.595342
9 2 0.615969
9 3 0.500000
9 4 0.756556
9 5 0.952736
9 6 0.723398
9 7 0.664931
9 8 0.697931
9 9 0.789614
9 10 0.542809
9 11 0.651726
9 12 0.500000
9 13 0.641886
9 14 0.500000
10 1 0.560369
10 2 0.526805
10 3 0.500000
10 4 0.550788
10 5 0.629606
10 6 0.528996
10 7 0.525522
10 8 0.535257
10 9 0.542809
10 10 0.512624
10 11 0.520540
10 12 0.500000
10 13 0.520412
10 14 0.500000
11 2 0.551005
11 3 0.500000
11 4 0.633059
11 5 0.801721
11 6 0.622199
11 7 0.588557
11 8 0.602100
11 9 0.651726
11 10 0.520540
11 11 0.578312
11 12 0.500000
11 13 0.576461
12 1 0.500000
12 2 0.500000
12 3 0.500000
12 4 0.500000
12 5 0.500000
12 6 0.500000
12 7 0.500000
12 8 0.500000
12 9 0.500000
12 10 0.500000
12 11 0.500000
12 12 0.500000
12 13 0.500000
12 14 0.500000
13 2 0.539312
13 3 0.500000
13 4 0.622243
13 5 0.776850
13 6 0.623063
13 7 0.592553
13 8 0.595342
13 9 0.641886
13 10 0.520412
13 11 0.576461
13 12 0.500000
13 13 0.583209
14 2 0.500000
14 3 0.500000
14 5 0.500000
14 6 0.500000
14 9 0.500000
14 10 0.500000
14 12 0.500000
14 14 0.500000
