1 2 0.465584
1 4 0.829502
1 5 0.859589
1 6 0.940819
1 7 0.826910
1 8 0.812654
1 9 0.834750
1 11 0.753486
1 13 0.661323
1 14 0.500000
2 1 0.465584
4 1 0.829502
4 14 0.500000
5 1 0.859589
6 1 0.940819
7 1 0.826910
7 14 0.500000
8 1 0.812654
8 14 0.500000
9 1 0.834750
11 1 0.753486
11 14 0.500000
13 1 0.661323
13 14 0.500000
14 1 0.500000
14 4 0.500000
14 7 0.500000
14 8 0.500000
14 11 0.500000
14 13 0.500000
1 1 0.923218
1 3 0.500000
1 10 0.533124
1 12 0.500000
2 2 0.588702
2 3 0.500000
2 4 0.644768
2 5 0.477859
2 6 0.519327
2 7 0.460477
2 8 0.468359
2 9 0.476466
2 10 0.510508
2 11 0.477533
2 12 0.500000
2 13 0.531701
2 14 0.500000
3 1 0.500000
3 2 0.500000
3 3 0.500000
3 4 0.500000
3 5 0.500000
3 6 0.500000
3 7 0.500000
3 8 0.500000
3 9 0.500000
3 10 0.500000
3 11 0.500000
3 12 0.500000
3 13 0.500000
3 14 0.500000
4 2 0.644768
4 3 0.500000
4 4 0.998674
4 5 0.723658
4 6 0.918141
4 7 0.618087
4 8 0.666559
4 9 0.824573
4 10 0.557070
4 11 0.624164
4 12 0.500000
4 13 0.800783
5 2 0.477859
5 3 0.500000
5 4 0.723658
5 5 0.804896
5 6 0.870995
5 7 0.755510
5 8 0.749209
5 9 0.754392
5 10 0.522685
5 11 0.693341
5 12 0.500000
5 13 0.608270
5 14 0.500000
6 2 0.519327
6 3 0.500000
6 4 0.918141
6 5 0.870995
6 6 0.995892
6 7 0.821503
6 8 0.828479
6 9 0.871360
6 10 0.545246
6 11 0.780355
6 12 0.500000
6 13 0.695630
6 14 0.500000
7 2 0.460477
7 3 0.500000
7 4 0.618087
7 5 0.755510
7 6 0.821503
7 7 0.751313
7 8 0.721406
7 9 0.718090
7 10 0.519994
7 11 0.674927
7 12 0.500000
7 13 0.587825
8 2 0.468359
8 3 0.500000
8 4 0.666559
8 5 0.749209
8 6 0.828479
8 7 0.721406
8 8 0.712778
8 9 0.717572
8 10 0.517778
8 11 0.663676
8 12 0.500000
8 13 0.587628
9 2 0.476466
9 3 0.500000
9 4 0.824573
9 5 0.754392
9 6 0.871360
9 7 0.718090
9 8 0.717572
9 9 0.765820
9 10 0.520065
9 11 0.669777
9 12 0.500000
9 13 0.626152
9 14 0.500000
10 1 0.533124
10 2 0.510508
10 3 0.500000
10 4 0.557070
10 5 0.522685
10 6 0.545246
10 7 0.519994
10 8 0.517778
10 9 0.520065
10 10 0.507566
10 11 0.514017
10 12 0.500000
10 13 0.524454
10 14 0.500000
11 2 0.477533
11 3 0.500000
11 4 0.624164
11 5 0.693341
11 6 0.780355
11 7 0.674927
11 8 0.663676
11 9 0.669777
11 10 0.514017
11 11 0.627388
11 12 0.500000
11 13 0.567986
12 1 0.500000
12 2 0.500000
12 3 0.500000
12 4 0.500000
12 5 0.500000
12 6 0.500000
12 7 0.500000
12 8 0.500000
12 9 0.500000
12 10 0.500000
12 11 0.500000
12 12 0.500000
12 13 0.500000
12 14 0.500000
13 2 0.531701
13 3 0.500000
13 4 0.800783
13 5 0.608270
13 6 0.695630
13 7 0.587825
13 8 0.587628
13 9 0.626152
13 10 0.524454
13 11 0.567986
13 12 0.500000
13 13 0.629074
14 2 0.500000
14 3 0.500000
14 5 0.500000
14 6 0.500000
14 9 0.500000
14 10 0.500000
14 12 0.500000
14 14 0.500000
