1 2 0.619300
1 4 0.675562
1 5 0.721220
1 6 0.788827
1 7 0.656213
1 8 0.655073
1 9 0.902988
1 11 0.626857
1 13 0.644574
1 14 0.500000
2 1 0.619300
4 1 0.675562
4 14 0.500000
5 1 0.721220
6 1 0.788827
7 1 0.656213
7 14 0.500000
8 1 0.655073
8 14 0.500000
9 1 0.902988
11 1 0.626857
11 14 0.500000
13 1 0.644574
13 14 0.500000
14 1 0.500000
14 4 0.500000
14 7 0.500000
14 8 0.500000
14 11 0.500000
14 13 0.500000
1 1 0.808791
1 3 0.500000
1 10 0.523515
1 12 0.500000
2 2 0.546705
2 3 0.500000
2 4 0.565977
2 5 0.576891
2 6 0.603922
2 7 0.562835
2 8 0.558829
2 9 0.646261
2 10 0.504393
2 11 0.547186
2 12 0.500000
2 13 0.554129
2 14 0.500000
3 1 0.500000
3 2 0.500000
3 3 0.500000
3 4 0.500000
3 5 0.500000
3 6 0.500000
3 7 0.500000
3 8 0.500000
3 9 0.500000
3 10 0.500000
3 11 0.500000
3 12 0.500000
3 13 0.500000
3 14 0.500000
4 2 0.565977
4 3 0.500000
4 4 0.993489
4 5 0.833434
4 6 0.694655
4 7 0.658495
4 8 0.662491
4 9 0.777143
4 10 0.539207
4 11 0.558302
4 12 0.500000
4 13 0.567725
5 2 0.576891
5 3 0.500000
5 4 0.833434
5 5 0.983137
5 6 0.769389
5 7 0.646123
5 8 0.592522
5 9 0.969288
5 10 0.528144
5 11 0.574725
5 12 0.500000
5 13 0.580266
5 14 0.500000
6 2 0.603922
6 3 0.500000
6 4 0.694655
6 5 0.769389
6 6 0.801639
6 7 0.628387
6 8 0.636269
6 9 0.915083
6 10 0.523816
6 11 0.607784
6 12 0.500000
6 13 0.623022
6 14 0.500000
7 2 0.562835
7 3 0.500000
7 4 0.658495
7 5 0.646123
7 6 0.628387
7 7 0.606959
7 8 0.583538
7 9 0.699474
7 10 0.508511
7 11 0.564237
7 12 0.500000
7 13 0.572858
8 2 0.558829
8 3 0.500000
8 4 0.662491
8 5 0.592522
8 6 0.636269
8 7 0.583538
8 8 0.587761
8 9 0.691543
8 10 0.508793
8 11 0.560452
8 12 0.500000
8 13 0.571592
9 2 0.646261
9 3 0.500000
9 4 0.777143
9 5 0.969288
9 6 0.915083
9 7 0.699474
9 8 0.691543
9 9 0.997533
9 10 0.574553
9 11 0.665894
9 12 0.500000
9 13 0.685927
9 14 0.500000
10 1 0.523515
10 2 0.504393
10 3 0.500000
10 4 0.539207
10 5 0.528144
10 6 0.523816
10 7 0.508511
10 8 0.508793
10 9 0.574553
10 10 0.509813
10 11 0.505865
10 12 0.500000
10 13 0.504538
10 14 0.500000
11 2 0.547186
11 3 0.500000
11 4 0.558302
11 5 0.574725
11 6 0.607784
11 7 0.564237
11 8 0.560452
11 9 0.665894
11 10 0.505865
11 11 0.550206
11 12 0.500000
11 13 0.557322
12 1 0.500000
12 2 0.500000
12 3 0.500000
12 4 0.500000
12 5 0.500000
12 6 0.500000
12 7 0.500000
12 8 0.500000
12 9 0.500000
12 10 0.500000
12 11 0.500000
12 12 0.500000
12 13 0.500000
12 14 0.500000
13 2 0.554129
13 3 0.500000
13 4 0.567725
13 5 0.580266
13 6 0.623022
13 7 0.572858
13 8 0.571592
13 9 0.685927
13 10 0.504538
13 11 0.557322
13 12 0.500000
13 13 0.569571
14 2 0.500000
14 3 0.500000
14 5 0.500000
14 6 0.500000
14 9 0.500000
14 10 0.500000
14 12 0.500000
14 14 0.500000
