1.534446
2.000258
1.888363
3.303672
3.848580
3.300472
1.721714
1.264659
1.680037
2.432511
2.662232
1.562670
1.463197
1.480406
4.227307
2.578614
5.214964
3.218244
1.684800
2.165258
2.409775
2.983609
1.810313
2.153231
1.287427
2.530763
3.990367
2.021018
1.127224
2.212933
2.221704
1.653812
1.803705
2.067030
1.595006
1.126719
2.058701
2.198896
1.403918
1.518194
3.691169
2.161602
2.343963
2.014638
2.635680
2.513438
1.073860
1.501181
1.397115
2.146644
2.094759
2.289842
2.415165
2.486099
2.858460
1.919397
2.763185
2.331510
1.717819
2.641699
2.066064
2.725638
2.087066
1.799081
1.674337
2.257584
2.236843
3.148129
1.709392
1.857340
1.846143
3.112789
1.187661
1.540802
1.951258
1.522283
2.363960
2.391248
3.027809
2.406701
1.669685
1.667344
1.622446
2.405823
1.555974
2.952127
1.714610
1.852790
2.564214
2.133840
1.841955
2.882707
3.723777
2.858028
1.702797
1.620114
2.325340
1.291824
1.966293
1.129960
2.009825
1.223364
1.931193
1.906302
3.521042
2.847447
1.625229
1.702078
2.604390
2.300727
2.020231
1.806553
1.120832
1.347808
1.729493
2.917155
2.515830
1.463789
1.279382
1.547585
1.397834
1.362478
0.942936
1.790437
1.120279
2.121328
1.641101
1.267113
2.003576
1.498148
2.278251
1.942129
2.237821
2.902797
2.516459
2.356305
2.508657
3.164840
1.709482
1.721954
1.802804
2.047529
1.571173
2.930182
1.433525
3.241893
1.768334
3.072335
2.041670
1.779043
1.802276
3.571227
1.091627
2.221002
1.387383
2.132620
2.329304
1.966777
2.626187
2.110805
0.879281
1.585339
1.499994
2.533681
2.223600
1.688975
3.803281
2.679291
2.462974
2.214647
3.865129
1.156599
1.377643
2.558251
3.334846
1.257731
1.885223
1.660808
1.570236
2.811148
1.118968
1.262628
1.264940
1.669437
1.862151
1.490303
1.681390
1.309594
3.039195
2.619296
1.948294
1.375287
1.911465
1.248849
1.616593
1.160078
3.117844
2.335645
1.333576
1.768448
2.254988
2.071654
2.219337
2.083105
2.242441
1.358037
1.760613
2.045224
1.888037
2.695414
1.900422
1.465160
1.946107
1.748974
3.490847
1.024679
2.353066
1.858677
1.365442
2.600377
1.120891
1.443546
2.511112
2.167962
1.591514
1.754030
2.104094
2.700490
1.389570
1.580467
1.333410
2.028058
1.816118
1.603824
2.742301
1.003894
1.795451
3.544380
1.677376
2.050500
1.211184
1.590860
1.840797
2.619493
2.353488
1.900266
1.575148
1.390478
2.746593
1.295873
1.984389
1.177682
3.292607
1.473949
1.057943
2.369648
2.105401
1.943360
1.970641
1.331810
1.760952
1.618201
2.160943
2.865869
2.350678
2.897331
3.674730
1.783430
1.454368
2.099502
1.997745
1.967756
1.470552
1.446818
3.247936
2.168894
1.216007
2.230443
1.896789
1.814667
2.265801
0.995339
1.411392
1.057459
2.904126
2.239368
3.264435
1.463761
1.837496
1.806255
2.194846
1.650911
2.597454
2.251075
1.596227
2.973054
1.555126
1.005517
2.530639
1.583039
1.029728
1.174514
3.170083
2.097252
2.627973
1.719002
2.592498
1.743211
1.097663
2.170672
2.347043
2.248354
1.636121
1.563442
1.897647
2.134750
1.714165
1.282852
1.691657
2.286127
1.318928
0.968242
2.209319
1.724192
2.471598
1.622390
1.712050
1.569674
2.229589
1.408644
0.986168
4.414497
1.764924
2.187526
1.936962
1.990431
1.393961
2.049544
3.268189
2.365310
1.635097
2.176105
1.276325
1.943399
1.717580
1.339204
1.829855
1.429512
1.465434
1.100278
1.626046
1.653753
2.038504
1.833394
1.956859
2.685668
2.250013
1.408835
1.824045
1.920079
2.681450
1.809276
2.325691
1.521238
2.286463
1.678045
1.767271
2.195384
2.367533
1.524868
1.938269
0.880922
2.052226
1.269916
2.719931
1.356931
2.167059
1.660553
2.398800
1.415188
1.638437
2.896946
1.831458
1.853735
1.260702
2.213209
1.670535
1.170789
1.238919
1.658342
1.941617
1.802582
2.699072
2.006400
3.253369
1.946333
2.303694
1.300607
1.100115
1.719091
1.871107
2.014593
1.800861
1.456057
2.533962
2.371255
2.964191
1.751351
1.886027
1.599473
2.206858
2.723981
1.505440
2.848215
1.873755
1.782198
1.058400
1.265938
2.475545
1.356831
3.674361
1.343338
1.319074
2.362970
1.708720
2.200503
1.734729
1.307014
1.919700
1.971974
1.461363
3.907421
2.476059
2.080758
1.783504
2.906718
2.260049
1.985157
2.543445
1.587335
2.266978
2.091537
1.765100
1.500748
1.920262
1.496327
1.565655
2.415015
3.611876
2.356032
1.181469
1.348568
2.300579
1.275764
1.529326
2.140163
