2.130134
1.344260
2.090829
2.303012
2.470537
1.354472
1.624267
2.957574
2.449501
2.034813
1.772990
1.691822
1.495268
1.560851
2.493007
1.877108
1.818273
2.160301
0.996939
1.177968
2.184873
1.945117
3.709245
1.279988
2.345415
1.296136
2.545379
1.330045
1.011856
2.891662
1.470478
2.110046
1.815342
3.122288
1.040749
1.024049
1.939873
3.511054
1.408645
1.645101
1.494539
1.520252
1.673028
2.407392
1.129294
1.316734
1.759007
1.372934
2.465295
1.957544
1.484127
1.973091
1.729962
1.475926
1.358527
1.454047
1.842286
2.152644
2.143532
1.080341
2.161721
1.442649
2.717737
1.415979
1.339470
2.302822
0.922531
1.993288
1.594155
2.514771
2.649948
1.189779
2.013903
1.854859
1.683129
1.958298
0.950070
1.526334
2.299081
3.283298
1.680897
1.543743
1.119192
1.463616
1.010909
1.753409
1.381444
1.444178
1.824496
1.024286
2.257622
2.850213
2.221205
1.216251
1.619769
2.029497
1.304417
1.650066
2.860066
1.765332
1.340539
1.510608
1.052199
1.188123
2.431277
1.599514
1.911160
1.145055
1.510023
1.667115
1.662393
3.110940
2.775923
2.909676
2.175374
0.987403
2.041384
1.616336
2.701161
1.083934
2.329220
1.086249
1.673266
1.553869
1.723622
1.913949
2.249158
1.756348
2.030625
0.938865
1.871894
1.246926
1.828408
1.096884
2.277459
1.879093
1.789066
1.831181
2.090123
1.175294
2.318505
1.813867
1.631050
1.565253
1.805841
1.383510
1.825363
0.925501
1.014860
1.153781
1.717886
2.464250
1.602973
2.137356
2.155060
2.535036
1.067627
1.682651
1.690829
1.707525
3.718665
1.911699
1.441688
1.632617
2.576028
2.591207
1.302568
0.983450
1.369898
1.175400
2.875055
