3.563781
3.154488
2.042205
1.732405
1.690439
1.522316
2.366423
1.899755
1.826168
1.637798
2.234803
3.587230
2.679489
1.811954
2.418916
3.262383
1.954532
1.944002
1.243711
2.564637
2.296370
2.102947
2.413271
1.864069
2.484048
2.323468
1.705522
1.945267
1.705571
3.344593
2.639967
2.878199
2.462466
2.057092
1.285023
3.158661
2.027575
1.726476
2.443527
1.831540
1.819220
2.475774
2.489737
2.206836
2.121715
1.910619
2.772534
3.628850
2.360972
3.115965
1.505965
1.603360
2.571382
1.548327
2.370655
2.443905
2.122966
2.321398
1.654307
2.979880
1.933684
1.708285
2.601114
1.757066
1.827967
1.838943
1.418435
1.620526
1.854034
1.847023
2.787445
1.877448
1.862968
2.948168
1.388417
1.806726
1.396778
1.365185
1.601063
2.275128
2.399479
1.593715
1.964261
2.720891
2.161518
2.358639
2.443274
2.281571
2.416951
2.844779
2.352131
1.854741
1.548701
2.765501
2.229263
2.977871
2.091378
1.982383
2.029182
1.950711
2.313698
2.043299
1.647886
2.566663
1.502449
2.105364
2.153676
2.736443
2.126756
1.292019
3.951742
2.351706
2.855223
1.466605
3.301280
2.353559
1.510825
1.808656
1.968558
2.574636
1.400278
2.567780
1.429477
1.826348
1.471908
3.495782
1.941009
2.767211
2.340818
1.751345
1.547985
2.538183
1.540526
1.453758
2.342696
2.165628
2.203877
1.948653
2.184520
3.026518
2.473980
1.716947
2.559307
0.945906
3.045530
1.514267
1.842716
1.273078
2.044180
1.046922
1.423130
3.170317
1.342264
1.910770
2.106920
3.120660
2.539536
1.650532
3.007342
1.624840
2.311356
3.151850
1.577942
1.737451
1.951056
3.716742
1.328220
1.769268
1.999848
1.411888
1.708365
2.568887
2.651408
1.279619
2.328003
2.933662
1.485792
2.525768
2.143854
1.408101
1.792685
2.282690
2.395339
1.669039
1.723415
1.927443
3.149944
1.582534
1.784160
1.350706
2.894794
1.753446
1.486584
2.320834
1.667594
2.198626
1.843968
1.592080
1.916469
3.774545
2.187685
2.241557
2.246071
2.058192
1.282912
1.138502
1.538123
1.488221
1.561036
2.349345
1.584646
1.782327
1.566025
1.298437
2.650320
3.327199
2.175704
1.382169
2.953277
1.722429
2.031241
2.192101
2.194509
2.104086
1.213532
1.267184
1.737268
2.248126
1.403540
1.979399
1.383608
1.772246
1.486611
2.527020
2.625969
1.202587
2.040148
1.604288
1.879183
1.351922
1.623850
2.316947
1.267713
2.149334
3.897558
2.240132
2.405397
1.631713
2.122149
2.276222
1.546782
1.427834
2.065784
2.869795
1.875425
1.815234
1.543929
3.313037
2.549819
2.358003
1.285386
2.929551
1.713514
1.458450
2.133224
1.486943
1.500799
1.781205
2.301812
2.057141
1.764706
1.428617
1.736522
1.701284
1.417928
1.695881
2.667364
1.841684
2.554462
1.576094
2.283619
2.629859
0.988326
