1.401129
1.250486
1.571565
1.475263
3.628888
0.904818
1.300547
2.816165
2.437129
1.305460
1.632041
1.153549
1.599095
1.680539
1.572724
1.495792
1.998299
1.479641
1.280904
1.302946
1.615715
3.219167
1.366642
1.525250
1.189285
3.902632
1.447886
2.137442
2.212940
2.292332
1.102147
1.911782
2.004030
2.030588
2.035172
3.651587
1.152218
0.943970
1.669759
1.650238
1.513166
1.950155
1.852642
2.064673
1.539108
1.563893
1.772821
3.626534
1.689139
2.345220
1.420723
2.539230
1.388211
2.772183
1.594821
2.819519
2.267805
1.887702
1.217884
2.076696
3.225435
1.013409
1.581788
2.451741
1.541011
1.323177
1.419434
2.817961
2.660080
1.052069
2.867285
0.758380
2.122219
1.941075
1.611250
1.935958
1.670257
4.541471
1.772331
1.245965
1.583368
2.899814
1.831266
1.399846
1.574359
2.040680
2.671931
1.870867
1.985365
2.942319
4.046954
1.743734
2.116374
1.210018
2.026720
1.488330
1.515495
2.053330
1.133185
1.951094
1.447278
0.947321
2.178346
1.703118
1.594827
2.282122
1.748115
2.551995
1.565986
1.120703
2.328631
2.155651
1.507751
2.158647
1.530261
2.399686
1.669865
2.256731
2.411485
1.108516
2.780906
2.075242
1.433015
1.815086
1.645162
1.456566
1.125847
2.664437
4.092041
1.487722
1.046782
2.216681
2.037238
1.304218
2.701615
1.630556
2.433663
1.301603
1.781758
1.453672
0.972160
1.916295
