2.206245
1.514799
1.353234
1.457754
1.345227
1.661868
2.496558
1.303612
2.007654
3.093410
1.840092
2.063339
3.434942
1.607568
1.600550
1.620073
1.915629
1.467898
1.804091
2.371915
1.104447
1.811060
2.529118
2.471183
1.476083
1.276483
1.761017
1.512862
1.541856
1.379451
1.364112
1.432395
1.526929
2.119521
1.059209
1.563223
1.515558
1.127105
2.444353
2.246477
1.822644
3.228269
1.121619
2.265586
1.783531
1.029524
1.353832
1.370733
1.760954
2.070548
2.353917
3.116796
3.666156
2.392641
1.845004
1.410640
2.109923
1.224275
1.213122
3.944411
1.775481
1.584385
2.826634
1.127075
1.360495
1.862795
1.408501
2.303596
2.002800
1.898210
2.285161
1.838526
1.774004
1.250838
2.618860
2.923116
2.427554
2.635791
2.761695
2.199864
2.941638
1.684128
1.672073
1.021967
0.738949
3.450691
0.963308
2.446220
2.479041
2.368531
1.815892
1.486074
1.741052
1.821254
2.098228
1.680548
1.549549
3.004997
1.322579
2.371256
2.226657
1.396380
2.803651
1.103795
2.348917
1.194274
1.206266
1.882406
2.522335
1.828240
1.106642
1.989488
1.668193
2.038877
1.439374
1.393284
1.470711
2.367703
0.993534
2.325864
1.884275
2.983585
1.282205
2.245596
1.881901
1.656970
1.859458
2.072657
2.226607
1.074449
1.424549
1.848994
1.303820
2.432235
1.774299
2.939792
1.692887
1.792809
3.093355
1.872279
1.000415
1.817905
1.937933
1.836055
1.321025
1.310904
2.236162
1.027005
1.903106
2.298819
1.268884
1.125408
2.215639
1.596463
3.624735
1.127129
2.110338
1.199487
1.874655
1.495301
1.288822
1.387689
1.064838
1.603889
1.878310
1.603770
2.428357
1.672862
1.941215
0.893462
2.625975
2.911719
2.371597
1.853218
