3.492091
3.085732
2.473296
2.316099
3.039038
3.053488
2.863122
2.423272
2.356356
2.580368
2.999899
2.993817
2.408649
2.017731
3.148400
4.041646
4.403687
3.057961
2.417896
2.904031
2.087781
2.872546
2.759479
2.591962
3.128534
2.490396
2.906835
2.569960
2.229205
2.874151
2.009876
3.433823
2.861197
2.533796
2.415141
2.534234
2.335899
2.932501
3.698909
3.344206
2.592072
2.145638
1.936738
2.726652
2.527588
3.208999
2.529350
2.052551
2.319952
2.030020
3.444507
1.544797
2.270797
1.989958
2.432945
3.222956
2.702579
3.442639
1.930453
3.720178
2.028171
1.766470
4.630243
2.306834
2.195435
3.673233
2.675129
2.886488
2.516776
1.975185
2.708196
2.534055
2.505239
2.050435
2.872373
2.373813
3.223116
3.032465
2.684117
1.484385
2.804511
2.901166
2.887893
2.373141
3.052118
2.362621
3.654724
3.092975
2.018060
3.253587
2.061805
2.411281
2.667332
2.359058
2.897166
2.355922
2.295504
2.400206
2.485956
3.115086
2.902108
2.197487
2.610130
3.067842
1.594656
2.593987
2.126276
2.420279
2.602904
2.888963
1.848574
2.045429
1.927397
3.872390
