1.596841
3.098542
1.965508
3.046651
1.613326
2.470099
2.934888
2.560257
2.239634
2.887457
2.076669
1.893559
2.165151
2.379384
2.507958
2.541247
3.290384
2.485010
1.630629
1.971403
3.281295
3.539542
2.765274
3.060674
2.254994
2.423809
1.903495
2.042692
2.462299
2.011338
2.422812
3.598324
1.825976
3.087676
2.869869
3.077660
3.843913
2.222424
2.628530
1.742938
1.591649
1.861686
2.337914
2.652075
2.819788
1.989286
1.998696
1.619934
2.980324
1.904099
1.520199
2.480329
2.177474
2.560200
2.726361
2.210829
2.599490
2.882933
1.741394
2.520632
1.956171
2.750721
2.252963
2.494208
2.150185
2.277278
2.298780
1.469966
2.243698
2.166331
3.359785
2.977345
2.393506
3.161759
2.504982
2.609479
2.530709
3.173606
2.841682
1.532317
1.624063
2.429862
2.771380
1.949957
1.671046
2.404842
1.717795
2.272946
1.712946
2.594410
1.571023
1.502353
2.781747
1.824080
2.053094
2.415756
1.850792
2.515629
2.258608
1.993962
2.198557
2.012279
2.806677
2.298884
2.568059
2.688395
2.166068
2.505931
2.383317
3.167475
2.380064
2.257402
1.986719
1.690862
2.571182
1.932791
2.606419
2.551800
2.603693
3.072027
2.156706
2.312420
2.624971
1.413687
2.061773
3.014410
2.450726
1.906893
2.663150
3.287429
1.703187
1.655240
2.046421
3.241309
3.761918
3.212086
3.145164
1.986908
1.625118
2.786128
1.603571
3.129853
1.109274
2.223567
1.839068
1.925867
2.525218
2.540835
1.992872
1.657994
2.304383
2.714913
2.436189
3.070906
1.480131
2.383696
2.395174
2.627866
1.586889
1.605343
1.535786
1.583165
3.499005
2.108572
2.109808
1.714201
1.470885
1.573689
3.985568
2.766100
3.136828
2.846013
1.826555
2.845354
2.298283
1.812044
2.048750
1.688854
2.040147
1.695482
1.716233
1.801291
1.626407
