2.396168
4.951775
2.907264
2.527720
3.942237
3.360756
3.681938
3.065638
2.875611
3.622602
3.164368
2.764221
5.422153
4.391200
3.375403
3.075310
4.265065
4.067555
2.409739
3.146652
3.728844
3.863343
3.853317
3.435242
3.528172
4.249486
3.361492
3.429062
3.262891
2.650720
2.942949
2.854592
3.501086
2.374528
3.097228
6.258828
3.109555
3.455796
2.657084
3.262969
2.648890
4.666874
2.266258
2.524966
2.793203
3.057581
3.975995
2.737080
2.620385
3.164504
3.772846
2.579265
1.940247
3.146493
2.519009
3.649089
2.060724
3.267876
2.393642
2.950633
2.543022
3.167317
2.286672
2.283890
2.552196
1.910365
2.804669
2.651307
3.401833
2.412758
2.612398
1.511913
4.306228
2.376419
3.383935
3.971729
2.898215
4.065443
3.049415
2.895053
3.078383
2.581508
4.716142
3.417542
2.667106
2.648520
3.964554
2.709911
2.743782
1.846035
2.500915
2.261611
2.582251
1.736536
4.410119
4.110558
2.353651
5.825699
2.542267
2.203137
3.102000
2.457339
2.399542
2.608588
3.052035
3.163003
