5.054629
4.719236
3.684119
3.691050
5.155147
4.543477
3.952196
3.044102
4.735981
2.521507
5.448240
5.681571
5.896496
3.807757
5.478815
2.836357
9.574791
4.545517
5.212876
5.713470
5.496406
3.975045
3.569049
3.623298
3.552374
2.773380
4.124583
3.916246
6.719098
3.148213
4.562495
7.666087
3.870789
4.941683
3.231584
3.815254
3.977969
4.061706
4.284410
4.207105
2.992060
4.102505
4.328496
5.479445
4.057648
4.379611
3.552791
5.578201
4.015210
5.291132
6.022974
2.927999
4.524820
3.049179
5.295002
5.100216
3.061446
3.466810
4.839765
4.480742
4.927192
3.030744
3.985957
2.820144
2.914922
3.318252
3.795909
5.031283
3.711641
4.231912
4.463358
3.662907
2.756955
3.643402
3.903810
3.736524
3.776284
3.002775
5.802725
3.344588
2.857528
2.775007
4.873718
3.890670
4.881886
6.499848
4.205730
6.762218
3.197345
5.578027
3.343137
3.169829
4.684216
3.574362
2.825491
2.646866
3.043188
3.122380
2.814078
2.578761
3.218515
3.085213
2.754500
3.060751
3.093377
3.576607
3.013004
4.364044
3.722655
3.339027
6.484977
2.776928
3.058025
3.394347
5.233013
3.521493
3.393089
3.055576
4.498913
4.117488
2.810035
3.126553
2.949488
3.506851
6.680980
5.107174
4.342493
3.676422
4.693958
3.087242
3.060651
3.790833
2.173504
3.089941
4.147014
3.429934
2.572827
2.533393
4.221849
4.001824
3.844141
7.353746
3.622660
4.167181
2.960257
2.346617
3.315704
2.883865
