5.146464
3.806046
6.087326
4.148738
4.494686
5.178834
3.792819
3.180300
6.079644
4.842115
5.888986
5.951744
5.927785
4.836698
3.892228
6.398240
8.397573
5.317450
5.055407
6.688480
4.643575
3.585907
10.564352
4.334256
3.816638
4.149742
4.433397
8.107749
4.639424
2.632339
3.531683
3.037074
4.136518
7.670188
4.718095
9.145636
5.208195
3.951550
7.228759
7.832086
4.529398
4.764047
3.765481
4.802868
5.545595
2.877205
3.399924
7.183092
6.163235
5.412776
3.005902
5.022233
6.407143
3.123418
3.805893
4.525433
4.161766
4.348207
5.957757
4.756686
3.193186
4.641912
5.622768
3.158962
3.834471
7.118223
5.490559
4.389013
4.745684
3.834931
6.977083
3.661001
7.020326
5.830853
5.245254
7.214677
5.612857
5.794411
3.914038
4.773408
4.955635
5.565209
4.461612
3.469868
3.454572
5.723969
3.515902
3.592395
3.282882
3.780984
4.761840
5.064547
4.667031
2.883790
3.779443
4.501387
5.213773
4.360817
4.987768
4.101937
2.591551
6.218234
6.660314
