2.061190
2.368695
1.877442
2.078420
2.415037
2.016565
2.328715
2.848352
2.551068
2.968586
2.589075
2.120868
2.185871
2.457731
3.151505
2.108036
3.052780
2.291506
2.738318
1.854828
2.361089
2.128182
2.237379
1.737094
2.058264
2.538572
1.911390
2.352575
3.602108
2.459632
2.607923
1.711114
2.931166
2.249227
2.104514
3.014819
2.749488
1.960986
1.995186
2.348548
2.577191
2.148686
2.254943
2.100316
2.296287
2.568007
2.402993
1.857252
2.055423
2.851878
2.992976
1.766076
1.981180
2.375870
2.806051
2.639700
1.772044
2.611650
1.822375
2.446918
2.439977
2.139883
2.262764
2.077944
2.231949
2.269886
1.744973
1.976525
2.647930
2.112642
1.834840
2.811053
2.256832
2.181083
2.291288
1.951328
2.382197
1.813184
2.250315
2.299721
2.133680
2.269197
1.783083
1.952537
2.189714
2.378276
1.972937
1.683089
2.365085
1.765623
2.152271
1.469486
1.558442
1.873821
1.815273
1.905445
2.179374
2.635805
1.551136
1.612269
1.797007
2.186050
2.192721
1.444806
1.820641
2.096535
1.933773
1.978114
2.060553
2.593139
1.547372
2.340570
2.413802
2.289823
2.061779
3.104173
1.849223
2.058733
1.833918
1.324881
2.453844
2.350543
1.714545
1.732836
1.779482
2.312053
2.207089
2.894613
1.810539
1.914811
2.221814
3.449847
2.302318
1.812703
3.010672
1.913483
2.148156
1.909218
1.846274
2.132626
1.642169
2.130432
2.320369
1.657733
2.195828
2.124891
2.905361
2.227354
2.059475
2.256446
1.929760
1.907488
1.806756
1.530425
1.936259
1.824867
2.313923
2.061457
2.136347
1.744392
1.837745
1.947266
2.300638
1.866245
2.167941
1.909053
1.819462
1.977173
1.719366
2.290445
2.295533
1.618918
1.852054
1.767617
1.657180
1.981052
2.168109
1.819445
2.286685
1.645280
1.942048
1.655942
2.388321
2.004052
1.876726
1.894842
2.503729
2.044926
1.942525
1.705286
1.779527
1.700853
2.600696
1.546105
2.310479
1.853939
1.523746
1.540331
1.879231
1.657820
2.170807
1.811216
2.107911
1.431334
1.666765
1.933193
1.654117
2.019102
1.891111
2.432273
2.298054
1.539017
1.712415
2.153084
