3.229226
5.740129
3.341867
1.906716
2.045101
2.296579
2.810510
3.075851
4.264777
2.099421
4.422518
3.095159
4.071956
3.017041
2.831306
2.883706
3.841631
3.237223
2.374843
2.831212
2.004953
2.408892
1.694093
2.802915
2.265501
6.686567
2.501838
2.676756
2.696389
2.654710
2.804099
2.686972
2.493783
5.373251
2.127709
3.939560
3.073554
2.854957
3.404451
2.299712
2.357753
2.077838
2.914142
2.146416
2.582107
2.562523
3.014114
2.718837
3.087231
2.398671
2.366495
1.826757
2.051788
1.985187
4.012800
2.323527
2.500394
3.741914
5.149695
2.792225
2.315017
3.034088
3.689453
2.198803
2.603832
2.311567
2.428021
2.337128
2.392029
4.353916
2.412098
2.785367
2.099941
2.391802
1.867732
3.163140
3.266091
2.200828
2.918482
1.971895
3.651227
2.997464
2.661747
2.256099
1.759861
3.176725
1.586027
2.811907
2.722954
2.388194
2.258557
4.686475
2.233706
2.062440
1.866952
2.868484
1.928620
2.188277
2.728667
2.631135
2.839538
3.345315
1.561521
2.469229
2.127819
2.200800
2.299884
2.690333
2.321625
2.466053
2.354693
2.637553
2.929611
3.876377
2.201480
3.273682
1.843411
2.786382
1.781351
2.048507
2.062481
3.709505
2.064076
1.748785
1.804511
2.778445
3.888330
2.088520
2.986494
2.050189
2.236062
1.718641
2.911514
1.839891
2.001056
2.773178
3.251155
2.756581
1.473039
2.984987
1.942230
2.294910
1.811614
1.820102
2.090488
2.353954
2.277179
1.846380
