3.059066
2.043190
2.293684
3.730529
2.273869
1.277179
6.167927
2.457053
1.992850
2.718303
2.602027
3.712124
4.485344
4.536343
3.001376
1.768898
1.847539
1.486400
1.672850
4.011027
1.691537
1.361379
5.422462
3.663488
2.062656
1.959509
4.403171
2.715038
2.005393
1.379272
2.357858
2.194450
1.964425
3.127767
4.065673
2.801463
2.173688
2.117317
3.655382
1.980953
1.702592
3.041634
1.758998
4.404908
2.849037
4.429528
1.603764
2.378886
1.243232
2.493643
2.425125
2.687178
2.398217
2.124279
2.242191
2.846241
3.024855
1.436344
2.437100
2.091472
1.821683
2.644802
1.885615
1.865995
1.241957
2.987543
1.576086
1.740844
1.750497
2.727526
2.239883
3.120034
2.092369
1.941907
2.100060
1.758162
3.362499
4.125227
2.449951
2.041899
2.880356
3.208379
2.049990
2.483737
1.740834
1.979312
1.572887
3.322721
4.069682
3.541208
2.609606
1.518565
2.788321
2.658608
1.866451
2.265285
2.260853
1.833853
2.779352
2.330601
2.346728
3.182971
1.986042
3.050275
2.761345
2.825237
2.332495
2.672406
1.992549
1.749150
2.784279
1.802060
1.865734
1.621153
2.246424
1.423108
2.007246
2.953474
2.012882
1.779574
1.439612
1.866931
2.365613
2.952579
2.355098
2.632986
1.564115
2.228210
1.948508
2.745238
2.256707
2.954119
2.621775
2.549390
2.141355
1.855311
2.337444
1.685831
2.010426
2.190750
1.643360
2.250746
1.847290
2.807526
2.950679
2.671910
2.870383
2.681358
3.846885
3.495465
2.447332
2.329558
2.454328
2.461584
2.991691
1.812465
1.900690
1.582851
2.097986
2.511659
1.917173
1.856043
2.069277
1.823147
1.950352
1.714012
1.939876
2.161794
2.426382
1.723696
2.125084
3.182009
1.687030
1.954573
1.786998
1.747542
2.766865
2.680162
1.691643
2.570446
2.034672
2.617317
2.032008
2.051450
2.308494
1.643945
1.825289
2.043410
1.878446
1.822672
2.874970
2.011071
1.620002
2.011882
1.771007
2.066387
2.020776
2.133337
1.887752
2.332514
2.099217
1.660845
2.060072
1.764259
2.556141
1.530255
2.730609
2.036436
2.081634
2.189274
1.786096
1.860211
1.821879
2.380754
2.580697
2.884744
2.764779
1.797180
2.489598
1.165323
