1.853309
2.407054
1.900087
1.426099
1.581479
1.887909
1.941378
1.688228
1.777927
1.615305
1.533504
1.689992
1.646128
1.971618
3.128166
1.580438
1.772594
2.415415
1.340224
1.512738
1.536873
1.504717
1.649436
1.572684
1.524008
1.980172
1.525756
1.621596
1.829230
1.437547
1.042018
1.550128
1.457955
2.319736
2.279283
1.716776
1.312172
1.936388
1.527479
1.926389
1.483440
2.249584
1.998921
1.613083
1.829717
1.488186
1.450876
2.437540
1.561083
1.616351
1.939077
1.866602
2.182868
2.282668
1.975817
1.666975
1.838831
1.832949
2.184979
1.961570
1.707142
1.859973
1.276268
1.332643
1.872670
1.342947
1.270536
1.588593
2.013684
2.253222
1.828557
1.656324
1.414144
1.470084
2.058053
1.201298
1.337333
1.658060
1.946901
1.655272
2.262889
1.941629
1.552524
1.506309
1.475950
1.665057
2.199003
1.660311
1.904261
2.039074
1.517288
2.223624
1.585822
2.336324
1.700361
1.457422
1.593336
1.873679
1.610366
1.252173
1.442024
1.824220
1.966232
1.888060
2.152410
1.639731
2.215564
1.505167
1.659163
1.553971
1.743240
1.334577
1.779378
1.436831
2.080006
1.618418
1.116068
1.859967
1.264524
1.658034
1.773356
1.236020
1.670166
1.775123
1.843452
1.494864
1.457474
1.672530
1.682313
1.982825
2.174660
