2.906349
3.188578
2.628231
3.075967
2.140347
3.741170
2.888526
3.215012
3.464188
3.423297
3.259082
2.356034
2.571907
1.804894
2.830162
2.589311
3.968414
2.633289
2.758121
3.345267
2.267713
2.306803
2.440251
3.422896
2.838084
2.526291
2.807941
2.699482
1.905477
2.793201
2.793481
3.165332
2.177259
2.988059
2.646102
2.368749
3.274179
2.454549
4.284451
1.945186
2.862725
3.085081
2.031808
2.725073
2.445134
2.402318
3.969156
2.776285
3.154962
2.003568
2.358152
2.790339
2.428390
2.109373
2.636002
2.305490
2.667984
4.237686
2.576416
2.448227
2.746024
2.983402
1.879532
2.279527
1.946769
2.632514
2.460574
2.124823
2.226311
3.241029
2.678244
2.274630
2.734868
3.365902
1.825743
2.795393
1.647982
1.758269
3.104321
2.706772
1.785417
2.279763
2.116416
2.512064
2.317964
2.685447
3.052821
1.893479
3.134511
3.309287
2.998630
2.942240
2.601939
1.949789
3.493548
2.086653
2.454293
3.538206
1.779143
2.102264
3.790392
1.837557
2.625206
3.371959
2.400196
2.035889
1.974119
1.729703
2.707038
2.536449
2.817598
2.124523
1.957717
1.609056
2.590358
3.116404
2.489033
2.844536
2.094424
1.692466
2.276878
3.069324
2.754279
3.720895
3.258390
1.812838
1.758674
2.177650
3.209777
2.482640
2.479060
2.470497
2.026523
2.092825
2.591117
1.928098
2.399869
3.109001
1.933541
2.210671
2.195576
2.224855
2.042736
2.583956
2.291076
1.957583
2.693553
2.206565
2.517639
2.895422
2.369187
2.022474
1.759856
2.237097
2.068028
2.174434
2.279938
3.229777
