1.620898
1.675313
1.657671
1.942215
1.500400
2.096040
2.061762
1.458519
1.584580
1.711655
1.802656
2.208419
1.399402
1.475971
1.789391
1.432029
1.874174
1.853142
1.561035
1.596045
1.984104
1.475698
1.603960
1.934166
1.584209
1.770452
1.685432
2.434151
2.463626
1.872110
1.446262
1.818039
1.662976
1.860475
2.460821
2.399034
2.118960
2.618581
1.882199
1.523112
1.691047
1.434841
1.570443
2.499713
1.654030
2.437371
1.562870
1.305737
3.078824
1.616872
1.767413
1.452443
1.653917
1.761281
1.874113
2.134662
2.385416
1.936130
2.368093
1.469280
1.582265
1.751698
1.486761
1.723707
1.925955
1.909197
2.080807
1.545489
1.739474
1.540162
1.418800
1.620073
1.530081
1.585835
1.824337
1.666003
2.282775
1.826068
2.065188
1.346238
1.682734
1.572722
1.552307
2.083993
1.329876
1.357420
2.105070
1.923441
1.993656
1.527629
1.739566
2.018445
2.087888
1.502254
2.173763
1.422803
1.490176
1.190294
2.067242
1.784748
1.850101
1.738014
2.037673
1.903728
1.582738
1.670305
1.749913
1.520576
1.723127
1.675841
2.615362
1.802320
1.536445
1.867775
1.670197
1.745418
1.374288
1.855773
1.652107
1.180982
1.764805
2.088717
2.086329
1.277618
1.824651
1.663774
2.191459
1.684564
1.433833
1.146465
2.555209
2.326563
1.892954
2.179497
2.131687
1.513405
1.673159
1.377701
1.819055
1.542765
1.274143
1.627562
1.257514
1.720472
1.531949
2.477701
1.610518
1.987493
2.255063
1.912790
2.360744
1.313726
1.934740
2.481880
1.685953
1.974606
1.244726
1.983926
1.293871
1.849281
1.672299
1.538460
1.817695
2.006413
1.808495
1.697578
1.820044
1.384230
1.967268
1.445706
1.675973
1.769059
1.931509
1.494434
1.499419
2.233417
1.645713
1.793113
1.571526
1.179816
1.830330
1.153975
1.428816
1.844251
1.439086
1.794947
1.411585
2.101488
1.650648
1.560264
1.360367
1.269451
1.885988
1.546364
1.655254
1.795276
2.387519
1.576914
1.779004
1.392380
2.171937
1.397848
1.442633
1.396589
1.710089
1.554644
1.684089
1.463880
1.492913
1.644238
1.482069
2.114809
1.100735
1.439054
1.731193
1.306812
2.581597
1.850972
1.753014
2.455328
1.930966
1.953284
1.550992
1.815592
1.424788
1.202057
1.577254
2.466127
1.812303
1.470527
2.031726
1.490215
1.212027
1.772992
1.878543
1.667925
2.609705
1.603810
1.859343
1.550292
1.666843
1.623639
1.544573
1.309625
1.791140
2.811660
2.161485
1.404408
1.782660
1.649576
1.448046
1.776983
1.417857
1.628991
1.575838
1.993651
1.870282
1.724506
1.429616
1.413473
1.498600
1.360929
1.442924
1.798835
1.541947
1.590959
1.870840
1.643213
1.399922
1.605743
1.397801
1.298545
1.828421
1.520753
1.713063
1.488265
1.310017
