2.299146
4.221702
3.237980
3.382906
2.637884
2.338039
3.729965
3.976809
3.402687
4.187118
3.256512
3.349710
2.876896
2.232570
1.972498
3.981270
3.771965
4.583365
2.840691
2.689786
1.788914
5.013733
3.597624
2.492986
4.342271
2.865700
2.502699
1.818561
2.398448
3.077598
2.228754
3.174355
2.396734
2.667950
2.823199
3.137460
3.179441
3.550229
1.769758
2.362596
2.840435
2.606773
2.833964
3.592956
2.095414
2.134049
2.004285
3.959087
3.623210
3.601646
3.152879
1.869564
2.596932
2.236566
2.825596
2.595539
2.896669
3.501676
1.829275
2.046395
2.635153
2.127626
2.399620
2.493660
2.352150
4.569729
1.938448
3.117324
3.389373
2.568369
3.095997
2.525234
3.295364
2.134523
2.735479
2.730207
2.281797
3.064191
1.881529
2.380704
3.066539
2.493870
2.042007
2.642678
2.256598
2.254550
2.568172
2.801206
2.168080
2.608971
2.307174
1.988508
3.124640
2.785760
2.618436
2.121994
2.908087
2.789063
2.551625
2.141901
2.764381
2.315800
2.442898
3.017903
2.019517
2.273765
1.883699
2.314343
1.762703
2.868162
2.514593
2.755359
2.436417
3.339701
2.528243
1.820019
2.640786
2.775307
2.001666
2.537432
3.507186
2.155204
2.281773
2.617309
2.599495
1.664960
3.152383
3.506846
2.739031
1.752941
2.562750
2.467852
1.810907
1.691100
2.197620
3.207871
2.281604
2.656908
2.063250
3.440376
3.682856
2.811968
2.040967
2.683820
3.428775
2.838866
1.918020
2.212018
2.618197
2.365600
1.871663
