2.502632
1.875653
2.212188
2.418684
2.484582
2.430648
2.834121
2.254704
3.881974
2.357908
1.879355
5.480338
3.170602
2.591932
2.181973
1.864351
2.206250
2.308900
2.361822
3.532734
3.202456
1.618090
3.261716
1.926858
2.061026
2.253992
1.948606
3.021374
1.589842
2.446922
1.917959
2.154236
2.378108
2.426677
2.553115
1.751298
1.991948
1.434584
2.657379
1.921132
3.002878
2.236680
2.457410
2.058791
3.063784
2.175338
2.396381
2.261971
2.652011
2.201116
2.666889
1.927410
2.017516
1.800077
2.719656
2.737526
3.820462
2.329098
1.989854
1.704917
2.644506
1.990139
2.550875
2.839552
1.947887
2.255996
1.984866
2.651096
2.620809
1.787473
1.983354
2.733926
1.970016
3.344520
3.068574
1.900872
2.918876
2.905675
1.587433
1.522087
2.183616
2.293342
2.236616
1.872196
2.083351
1.819337
2.351329
3.139996
2.043631
2.098608
1.729361
1.897575
2.552781
1.515547
2.271683
2.417029
1.790668
1.509826
1.680374
2.795001
1.915541
3.526932
2.319438
2.120656
2.940618
2.515205
1.685611
2.264491
2.532777
2.057096
1.728719
2.708497
1.710335
