1 2 0.612278
1 4 0.873893
1 5 0.865553
1 6 0.836101
1 7 0.745535
1 8 0.734193
1 9 0.877405
1 11 0.681599
1 13 0.675821
1 14 0.500000
2 1 0.612278
4 1 0.873893
4 14 0.500000
5 1 0.865553
6 1 0.836101
7 1 0.745535
7 14 0.500000
8 1 0.734193
8 14 0.500000
9 1 0.877405
11 1 0.681599
11 14 0.500000
13 1 0.675821
13 14 0.500000
14 1 0.500000
14 4 0.500000
14 7 0.500000
14 8 0.500000
14 11 0.500000
14 13 0.500000
1 1 0.862402
1 3 0.500000
1 10 0.502686
1 12 0.500000
2 2 0.546406
2 3 0.500000
2 4 0.612004
2 5 0.621053
2 6 0.608475
2 7 0.566207
2 8 0.553004
2 9 0.647526
2 10 0.512375
2 11 0.547733
2 12 0.500000
2 13 0.544952
2 14 0.500000
3 1 0.500000
3 2 0.500000
3 3 0.500000
3 4 0.500000
3 5 0.500000
3 6 0.500000
3 7 0.500000
3 8 0.500000
3 9 0.500000
3 10 0.500000
3 11 0.500000
3 12 0.500000
3 13 0.500000
3 14 0.500000
4 2 0.612004
4 3 0.500000
4 4 0.999974
4 5 0.944878
4 6 0.731294
4 7 0.727104
4 8 0.799614
4 9 0.734535
4 10 0.472862
4 11 0.691547
4 12 0.500000
4 13 0.631644
5 2 0.621053
5 3 0.500000
5 4 0.944878
5 5 0.957025
5 6 0.855344
5 7 0.725778
5 8 0.745361
5 9 0.891957
5 10 0.493728
5 11 0.680144
5 12 0.500000
5 13 0.672201
5 14 0.500000
6 2 0.608475
6 3 0.500000
6 4 0.731294
6 5 0.855344
6 6 0.837408
6 7 0.720757
6 8 0.696101
6 9 0.857624
6 10 0.507968
6 11 0.659707
6 12 0.500000
6 13 0.666049
6 14 0.500000
7 2 0.566207
7 3 0.500000
7 4 0.727104
7 5 0.725778
7 6 0.720757
7 7 0.661546
7 8 0.645766
7 9 0.777701
7 10 0.505079
7 11 0.609533
7 12 0.500000
7 13 0.607911
8 2 0.553004
8 3 0.500000
8 4 0.799614
8 5 0.745361
8 6 0.696101
8 7 0.645766
8 8 0.656662
8 9 0.755652
8 10 0.495854
8 11 0.604571
8 12 0.500000
8 13 0.598933
9 2 0.647526
9 3 0.500000
9 4 0.734535
9 5 0.891957
9 6 0.857624
9 7 0.777701
9 8 0.755652
9 9 0.958554
9 10 0.533793
9 11 0.693063
9 12 0.500000
9 13 0.688909
9 14 0.500000
10 1 0.502686
10 2 0.512375
10 3 0.500000
10 4 0.472862
10 5 0.493728
10 6 0.507968
10 7 0.505079
10 8 0.495854
10 9 0.533793
10 10 0.512866
10 11 0.502473
10 12 0.500000
10 13 0.502562
10 14 0.500000
11 2 0.547733
11 3 0.500000
11 4 0.691547
11 5 0.680144
11 6 0.659707
11 7 0.609533
11 8 0.604571
11 9 0.693063
11 10 0.502473
11 11 0.579881
11 12 0.500000
11 13 0.575938
12 1 0.500000
12 2 0.500000
12 3 0.500000
12 4 0.500000
12 5 0.500000
12 6 0.500000
12 7 0.500000
12 8 0.500000
12 9 0.500000
12 10 0.500000
12 11 0.500000
12 12 0.500000
12 13 0.500000
12 14 0.500000
13 2 0.544952
13 3 0.500000
13 4 0.631644
13 5 0.672201
13 6 0.666049
13 7 0.607911
13 8 0.598933
13 9 0.688909
13 10 0.502562
13 11 0.575938
13 12 0.500000
13 13 0.578103
14 2 0.500000
14 3 0.500000
14 5 0.500000
14 6 0.500000
14 9 0.500000
14 10 0.500000
14 12 0.500000
14 14 0.500000
