1 2 0.627526
1 4 0.641317
1 5 0.747305
1 6 0.760808
1 7 0.584850
1 8 0.594274
1 9 0.712742
1 11 0.611182
1 13 0.538406
1 14 0.500000
2 1 0.627526
4 1 0.641317
4 14 0.500000
5 1 0.747305
6 1 0.760808
7 1 0.584850
7 14 0.500000
8 1 0.594274
8 14 0.500000
9 1 0.712742
11 1 0.611182
11 14 0.500000
13 1 0.538406
13 14 0.500000
14 1 0.500000
14 4 0.500000
14 7 0.500000
14 8 0.500000
14 11 0.500000
14 13 0.500000
1 1 0.717541
1 3 0.500000
1 10 0.512416
1 12 0.500000
2 2 0.581131
2 3 0.500000
2 4 0.568660
2 5 0.670547
2 6 0.697789
2 7 0.515540
2 8 0.542716
2 9 0.629246
2 10 0.506462
2 11 0.566440
2 12 0.500000
2 13 0.526446
2 14 0.500000
3 1 0.500000
3 2 0.500000
3 3 0.500000
3 4 0.500000
3 5 0.500000
3 6 0.500000
3 7 0.500000
3 8 0.500000
3 9 0.500000
3 10 0.500000
3 11 0.500000
3 12 0.500000
3 13 0.500000
3 14 0.500000
4 2 0.568660
4 3 0.500000
4 4 0.649129
4 5 0.615068
4 6 0.618419
4 7 0.548684
4 8 0.602119
4 9 0.608248
4 10 0.509602
4 11 0.559412
4 12 0.500000
4 13 0.514872
5 2 0.670547
5 3 0.500000
5 4 0.615068
5 5 0.991707
5 6 0.931970
5 7 0.613069
5 8 0.734951
5 9 0.832240
5 10 0.566263
5 11 0.642391
5 12 0.500000
5 13 0.556430
5 14 0.500000
6 2 0.697789
6 3 0.500000
6 4 0.618419
6 5 0.931970
6 6 0.997405
6 7 0.367233
6 8 0.724770
6 9 0.802897
6 10 0.488401
6 11 0.655882
6 12 0.500000
6 13 0.564355
6 14 0.500000
7 2 0.515540
7 3 0.500000
7 4 0.548684
7 5 0.613069
7 6 0.367233
7 7 0.906334
7 8 0.677088
7 9 0.564285
7 10 0.533317
7 11 0.539269
7 12 0.500000
7 13 0.521484
8 2 0.542716
8 3 0.500000
8 4 0.602119
8 5 0.734951
8 6 0.724770
8 7 0.677088
8 8 0.859649
8 9 0.558173
8 10 0.526699
8 11 0.538542
8 12 0.500000
8 13 0.545233
9 2 0.629246
9 3 0.500000
9 4 0.608248
9 5 0.832240
9 6 0.802897
9 7 0.564285
9 8 0.558173
9 9 0.746884
9 10 0.513206
9 11 0.614582
9 12 0.500000
9 13 0.534949
9 14 0.500000
10 1 0.512416
10 2 0.506462
10 3 0.500000
10 4 0.509602
10 5 0.566263
10 6 0.488401
10 7 0.533317
10 8 0.526699
10 9 0.513206
10 10 0.511415
10 11 0.505235
10 12 0.500000
10 13 0.505400
10 14 0.500000
11 2 0.566440
11 3 0.500000
11 4 0.559412
11 5 0.642391
11 6 0.655882
11 7 0.539269
11 8 0.538542
11 9 0.614582
11 10 0.505235
11 11 0.557500
11 12 0.500000
11 13 0.522830
12 1 0.500000
12 2 0.500000
12 3 0.500000
12 4 0.500000
12 5 0.500000
12 6 0.500000
12 7 0.500000
12 8 0.500000
12 9 0.500000
12 10 0.500000
12 11 0.500000
12 12 0.500000
12 13 0.500000
12 14 0.500000
13 2 0.526446
13 3 0.500000
13 4 0.514872
13 5 0.556430
13 6 0.564355
13 7 0.521484
13 8 0.545233
13 9 0.534949
13 10 0.505400
13 11 0.522830
13 12 0.500000
13 13 0.540790
14 2 0.500000
14 3 0.500000
14 5 0.500000
14 6 0.500000
14 9 0.500000
14 10 0.500000
14 12 0.500000
14 14 0.500000
