1 2 0.760696
1 4 0.890862
1 5 0.889762
1 6 0.910359
1 7 0.872565
1 8 0.815453
1 9 0.897583
1 11 0.754888
1 13 0.805581
1 14 0.500000
2 1 0.760696
4 1 0.890862
4 14 0.500000
5 1 0.889762
6 1 0.910359
7 1 0.872565
7 14 0.500000
8 1 0.815453
8 14 0.500000
9 1 0.897583
11 1 0.754888
11 14 0.500000
13 1 0.805581
13 14 0.500000
14 1 0.500000
14 4 0.500000
14 7 0.500000
14 8 0.500000
14 11 0.500000
14 13 0.500000
1 1 0.956214
1 3 0.500000
1 10 0.561701
1 12 0.500000
2 2 0.609946
2 3 0.500000
2 4 0.690006
2 5 0.690149
2 6 0.701171
2 7 0.669462
2 8 0.636300
2 9 0.711004
2 10 0.524007
2 11 0.605038
2 12 0.500000
2 13 0.631965
2 14 0.500000
3 1 0.500000
3 2 0.500000
3 3 0.500000
3 4 0.500000
3 5 0.500000
3 6 0.500000
3 7 0.500000
3 8 0.500000
3 9 0.500000
3 10 0.500000
3 11 0.500000
3 12 0.500000
3 13 0.500000
3 14 0.500000
4 2 0.690006
4 3 0.500000
4 4 0.830473
4 5 0.806372
4 6 0.804798
4 7 0.762366
4 8 0.736712
4 9 0.875033
4 10 0.550965
4 11 0.684037
4 12 0.500000
4 13 0.728187
5 2 0.690149
5 3 0.500000
5 4 0.806372
5 5 0.825566
5 6 0.824992
5 7 0.748626
5 8 0.733902
5 9 0.778304
5 10 0.537375
5 11 0.685058
5 12 0.500000
5 13 0.725464
5 14 0.500000
6 2 0.701171
6 3 0.500000
6 4 0.804798
6 5 0.824992
6 6 0.881955
6 7 0.852763
6 8 0.748442
6 9 0.763635
6 10 0.534420
6 11 0.699696
6 12 0.500000
6 13 0.739472
6 14 0.500000
7 2 0.669462
7 3 0.500000
7 4 0.762366
7 5 0.748626
7 6 0.852763
7 7 0.957008
7 8 0.703692
7 9 0.813920
7 10 0.522721
7 11 0.656524
7 12 0.500000
7 13 0.696346
8 2 0.636300
8 3 0.500000
8 4 0.736712
8 5 0.733902
8 6 0.748442
8 7 0.703692
8 8 0.686547
8 9 0.736630
8 10 0.529734
8 11 0.633782
8 12 0.500000
8 13 0.664248
9 2 0.711004
9 3 0.500000
9 4 0.875033
9 5 0.778304
9 6 0.763635
9 7 0.813920
9 8 0.736630
9 9 0.997232
9 10 0.582010
9 11 0.693357
9 12 0.500000
9 13 0.740142
9 14 0.500000
10 1 0.561701
10 2 0.524007
10 3 0.500000
10 4 0.550965
10 5 0.537375
10 6 0.534420
10 7 0.522721
10 8 0.529734
10 9 0.582010
10 10 0.510703
10 11 0.523117
10 12 0.500000
10 13 0.530610
10 14 0.500000
11 2 0.605038
11 3 0.500000
11 4 0.684037
11 5 0.685058
11 6 0.699696
11 7 0.656524
11 8 0.633782
11 9 0.693357
11 10 0.523117
11 11 0.602761
11 12 0.500000
11 13 0.627721
12 1 0.500000
12 2 0.500000
12 3 0.500000
12 4 0.500000
12 5 0.500000
12 6 0.500000
12 7 0.500000
12 8 0.500000
12 9 0.500000
12 10 0.500000
12 11 0.500000
12 12 0.500000
12 13 0.500000
12 14 0.500000
13 2 0.631965
13 3 0.500000
13 4 0.728187
13 5 0.725464
13 6 0.739472
13 7 0.696346
13 8 0.664248
13 9 0.740142
13 10 0.530610
13 11 0.627721
13 12 0.500000
13 13 0.661215
14 2 0.500000
14 3 0.500000
14 5 0.500000
14 6 0.500000
14 9 0.500000
14 10 0.500000
14 12 0.500000
14 14 0.500000
