1 2 0.701152
1 4 0.823605
1 5 0.787288
1 6 0.864067
1 7 0.695271
1 8 0.774025
1 9 0.925566
1 11 0.500000
1 13 0.737902
1 14 0.500000
2 1 0.701152
4 1 0.823605
4 14 0.500000
5 1 0.787288
6 1 0.864067
7 1 0.695271
7 14 0.500000
8 1 0.774025
8 14 0.500000
9 1 0.925566
11 1 0.500000
11 14 0.500000
13 1 0.737902
13 14 0.500000
14 1 0.500000
14 4 0.500000
14 7 0.500000
14 8 0.500000
14 11 0.500000
14 13 0.500000
1 1 0.866911
1 3 0.500000
1 10 0.543469
1 12 0.500000
2 2 0.597723
2 3 0.500000
2 4 0.671901
2 5 0.647431
2 6 0.706849
2 7 0.591740
2 8 0.635750
2 9 0.764712
2 10 0.520429
2 11 0.500000
2 12 0.500000
2 13 0.613066
2 14 0.500000
3 1 0.500000
3 2 0.500000
3 3 0.500000
3 4 0.500000
3 5 0.500000
3 6 0.500000
3 7 0.500000
3 8 0.500000
3 9 0.500000
3 10 0.500000
3 11 0.500000
3 12 0.500000
3 13 0.500000
3 14 0.500000
4 2 0.671901
4 3 0.500000
4 4 0.812022
4 5 0.753330
4 6 0.780213
4 7 0.661261
4 8 0.744290
4 9 0.906229
4 10 0.529700
4 11 0.500000
4 12 0.500000
4 13 0.710186
5 2 0.647431
5 3 0.500000
5 4 0.753330
5 5 0.764603
5 6 0.822141
5 7 0.609289
5 8 0.704884
5 9 0.895602
5 10 0.530826
5 11 0.500000
5 12 0.500000
5 13 0.655795
5 14 0.500000
6 2 0.706849
6 3 0.500000
6 4 0.780213
6 5 0.822141
6 6 0.997785
6 7 0.726652
6 8 0.684088
6 9 0.921114
6 10 0.587757
6 11 0.500000
6 12 0.500000
6 13 0.794416
6 14 0.500000
7 2 0.591740
7 3 0.500000
7 4 0.661261
7 5 0.609289
7 6 0.726652
7 7 0.627697
7 8 0.630986
7 9 0.748734
7 10 0.516195
7 11 0.500000
7 12 0.500000
7 13 0.617241
8 2 0.635750
8 3 0.500000
8 4 0.744290
8 5 0.704884
8 6 0.684088
8 7 0.630986
8 8 0.718901
8 9 0.855068
8 10 0.520601
8 11 0.500000
8 12 0.500000
8 13 0.654951
9 2 0.764712
9 3 0.500000
9 4 0.906229
9 5 0.895602
9 6 0.921114
9 7 0.748734
9 8 0.855068
9 9 0.996268
9 10 0.517280
9 11 0.500000
9 12 0.500000
9 13 0.689899
9 14 0.500000
10 1 0.543469
10 2 0.520429
10 3 0.500000
10 4 0.529700
10 5 0.530826
10 6 0.587757
10 7 0.516195
10 8 0.520601
10 9 0.517280
10 10 0.514626
10 11 0.500000
10 12 0.500000
10 13 0.539204
10 14 0.500000
11 2 0.500000
11 3 0.500000
11 4 0.500000
11 5 0.500000
11 6 0.500000
11 7 0.500000
11 8 0.500000
11 9 0.500000
11 10 0.500000
11 11 0.500000
11 12 0.500000
11 13 0.500000
12 1 0.500000
12 2 0.500000
12 3 0.500000
12 4 0.500000
12 5 0.500000
12 6 0.500000
12 7 0.500000
12 8 0.500000
12 9 0.500000
12 10 0.500000
12 11 0.500000
12 12 0.500000
12 13 0.500000
12 14 0.500000
13 2 0.613066
13 3 0.500000
13 4 0.710186
13 5 0.655795
13 6 0.794416
13 7 0.617241
13 8 0.654951
13 9 0.689899
13 10 0.539204
13 11 0.500000
13 12 0.500000
13 13 0.730738
14 2 0.500000
14 3 0.500000
14 5 0.500000
14 6 0.500000
14 9 0.500000
14 10 0.500000
14 12 0.500000
14 14 0.500000
