1 2 0.579079
1 4 0.643486
1 5 0.687884
1 6 0.776912
1 7 0.569815
1 8 0.582648
1 9 0.569086
1 11 0.500000
1 13 0.584365
1 14 0.500000
2 1 0.579079
4 1 0.643486
4 14 0.500000
5 1 0.687884
6 1 0.776912
7 1 0.569815
7 14 0.500000
8 1 0.582648
8 14 0.500000
9 1 0.569086
11 1 0.500000
11 14 0.500000
13 1 0.584365
13 14 0.500000
14 1 0.500000
14 4 0.500000
14 7 0.500000
14 8 0.500000
14 11 0.500000
14 13 0.500000
1 1 0.678010
1 3 0.500000
1 10 0.526969
1 12 0.500000
2 2 0.537043
2 3 0.500000
2 4 0.556426
2 5 0.581974
2 6 0.638896
2 7 0.529770
2 8 0.534697
2 9 0.528268
2 10 0.512914
2 11 0.500000
2 12 0.500000
2 13 0.536222
2 14 0.500000
3 1 0.500000
3 2 0.500000
3 3 0.500000
3 4 0.500000
3 5 0.500000
3 6 0.500000
3 7 0.500000
3 8 0.500000
3 9 0.500000
3 10 0.500000
3 11 0.500000
3 12 0.500000
3 13 0.500000
3 14 0.500000
4 2 0.556426
4 3 0.500000
4 4 0.639486
4 5 0.659592
4 6 0.741802
4 7 0.556177
4 8 0.573898
4 9 0.558496
4 10 0.517770
4 11 0.500000
4 12 0.500000
4 13 0.565644
5 2 0.581974
5 3 0.500000
5 4 0.659592
5 5 0.949969
5 6 0.859364
5 7 0.540928
5 8 0.548776
5 9 0.585276
5 10 0.549289
5 11 0.500000
5 12 0.500000
5 13 0.591936
5 14 0.500000
6 2 0.638896
6 3 0.500000
6 4 0.741802
6 5 0.859364
6 6 0.980476
6 7 0.651257
6 8 0.695739
6 9 0.614146
6 10 0.551890
6 11 0.500000
6 12 0.500000
6 13 0.619792
6 14 0.500000
7 2 0.529770
7 3 0.500000
7 4 0.556177
7 5 0.540928
7 6 0.651257
7 7 0.567043
7 8 0.535324
7 9 0.519889
7 10 0.504426
7 11 0.500000
7 12 0.500000
7 13 0.522727
8 2 0.534697
8 3 0.500000
8 4 0.573898
8 5 0.548776
8 6 0.695739
8 7 0.535324
8 8 0.568395
8 9 0.533250
8 10 0.515564
8 11 0.500000
8 12 0.500000
8 13 0.535402
9 2 0.528268
9 3 0.500000
9 4 0.558496
9 5 0.585276
9 6 0.614146
9 7 0.519889
9 8 0.533250
9 9 0.543080
9 10 0.513082
9 11 0.500000
9 12 0.500000
9 13 0.534193
9 14 0.500000
10 1 0.526969
10 2 0.512914
10 3 0.500000
10 4 0.517770
10 5 0.549289
10 6 0.551890
10 7 0.504426
10 8 0.515564
10 9 0.513082
10 10 0.514316
10 11 0.500000
10 12 0.500000
10 13 0.513958
10 14 0.500000
11 2 0.500000
11 3 0.500000
11 4 0.500000
11 5 0.500000
11 6 0.500000
11 7 0.500000
11 8 0.500000
11 9 0.500000
11 10 0.500000
11 11 0.500000
11 12 0.500000
11 13 0.500000
12 1 0.500000
12 2 0.500000
12 3 0.500000
12 4 0.500000
12 5 0.500000
12 6 0.500000
12 7 0.500000
12 8 0.500000
12 9 0.500000
12 10 0.500000
12 11 0.500000
12 12 0.500000
12 13 0.500000
12 14 0.500000
13 2 0.536222
13 3 0.500000
13 4 0.565644
13 5 0.591936
13 6 0.619792
13 7 0.522727
13 8 0.535402
13 9 0.534193
13 10 0.513958
13 11 0.500000
13 12 0.500000
13 13 0.544477
14 2 0.500000
14 3 0.500000
14 5 0.500000
14 6 0.500000
14 9 0.500000
14 10 0.500000
14 12 0.500000
14 14 0.500000
