1.024106
1.627389
2.128859
1.911346
1.766722
1.364217
1.216085
1.088522
1.980857
2.642210
1.311208
1.421010
1.645154
1.332710
1.317413
1.693862
1.413879
2.842754
1.306822
2.728953
2.518917
1.989838
2.508078
2.887958
2.050680
1.398347
2.805482
1.374098
2.029176
2.299603
2.355208
1.983795
2.189288
1.955735
2.473846
1.876474
2.203261
1.466498
3.622320
3.365029
1.489743
2.547784
1.405014
1.554054
1.281744
1.211915
3.072632
1.554633
1.652952
4.095152
2.200177
1.208765
1.794881
1.562375
1.005646
1.256524
1.258107
2.295451
1.853124
1.979897
1.075032
2.465811
1.784100
1.903047
1.795713
1.540234
1.101020
2.887712
2.226473
2.063028
2.282014
2.282056
3.140942
1.815173
1.538261
1.476385
1.872295
1.821973
3.812280
2.569172
3.759498
4.520967
1.806286
2.028648
2.997058
2.134011
2.758804
1.990444
1.706599
1.563965
1.162744
1.509339
1.206566
2.250434
2.476775
1.237777
1.509177
1.730433
1.998692
2.584030
1.794051
1.639091
2.037805
2.831556
2.364121
1.452202
1.464058
1.530790
1.292507
4.213625
2.518138
1.377509
1.221015
1.222278
1.093356
1.747291
2.304207
2.063792
1.583505
1.516845
1.762618
1.999439
1.498840
1.242242
3.470717
1.312421
1.263018
2.700183
1.503756
2.029070
1.704894
1.732502
1.272913
2.982300
1.795747
1.487363
1.564518
1.745769
1.847024
2.762071
2.078538
2.855891
1.311606
1.651136
2.293206
1.228408
3.516292
1.967784
1.907549
2.279275
1.207349
1.299341
1.785249
1.374148
3.078129
1.475781
1.131850
1.102742
1.416514
2.087713
2.814243
1.852181
3.660570
1.193640
1.947968
2.100581
1.306898
