4.343036
3.464316
2.949546
4.119114
3.445397
4.621824
2.043154
2.497520
1.997618
2.165442
2.718253
1.952013
1.850222
1.859072
2.470935
1.842890
1.896785
1.657221
1.832840
1.627844
2.333959
2.496420
3.698425
1.898401
1.593464
2.727033
2.648516
2.568948
2.929848
4.044967
2.007461
1.950755
2.948449
2.091162
2.298661
1.740041
1.812248
4.941311
2.991913
1.435936
2.337784
3.073640
1.690946
2.714379
3.304512
4.125030
2.348798
1.957036
1.969599
1.914198
2.730806
2.173304
2.249251
2.270458
2.271602
1.931268
1.296519
4.768433
10.523032
2.413252
2.187980
2.165285
2.198027
2.233812
2.303268
1.753394
2.743960
2.344563
2.720499
3.582578
2.019640
2.221815
2.870850
2.066067
1.459295
2.730857
1.734299
2.689918
3.035702
1.538267
1.489815
2.833536
3.439847
1.597620
2.618845
3.641119
3.464721
2.061948
1.734811
3.338744
2.303011
1.742068
1.908980
2.287342
2.414268
3.835858
1.712138
2.021583
3.176648
1.261044
2.406757
2.430456
2.369409
1.634952
2.010309
1.620466
2.506787
1.719771
1.808179
1.169402
1.856516
1.780824
2.035119
2.047526
2.565446
2.298312
1.495976
2.005517
4.297905
3.738996
1.587688
2.915446
1.907855
1.914833
3.199756
1.720697
2.189231
1.483439
3.653589
1.655988
2.315941
1.163407
1.385472
1.852262
2.563937
3.377468
1.670659
1.447242
2.175250
2.848182
3.625425
1.909202
1.783975
1.521016
3.069155
1.814136
1.957678
2.333646
4.019494
1.668439
2.608030
1.275332
2.127028
1.517820
1.500070
1.298135
2.595745
1.652948
1.311416
1.812389
1.822425
2.153263
2.912021
2.344537
1.773725
1.719530
4.159564
1.427266
1.514914
1.965800
2.883405
1.698873
3.534713
1.668834
1.503574
1.841096
1.257334
3.453764
3.127314
2.013555
2.988420
1.664925
1.867846
2.614592
1.364876
3.366195
1.806963
1.991470
2.259531
2.411013
3.027468
2.206846
1.970323
2.046232
1.469851
1.525209
2.059917
1.170740
3.206753
1.750857
1.953825
2.323995
1.599746
2.464414
2.647968
1.545955
2.370097
1.760638
1.239697
1.340729
2.583258
1.312915
2.238758
1.765255
3.570635
3.331613
2.249603
2.627384
2.098948
2.014192
3.825103
1.656729
2.013985
1.527476
2.283839
2.828666
1.871303
2.667838
1.809366
1.884753
2.112143
1.788108
4.065348
2.166528
2.036546
1.935190
1.899163
1.312071
1.639812
1.624829
1.796817
2.453060
7.685246
1.736288
1.716398
2.797292
3.091560
2.638643
1.414509
3.396870
2.130776
2.408001
2.077266
1.200329
1.677445
2.375648
2.544297
2.704095
2.361848
2.384455
1.438597
2.391029
2.392213
2.269391
2.263192
4.504054
3.233666
1.631124
1.860761
2.415586
1.702085
1.802253
1.407239
1.802797
2.478404
1.758117
2.366677
2.453139
1.114116
1.741735
3.686581
1.380081
2.481220
1.754583
1.700006
3.808303
1.804694
2.904793
1.669924
1.368745
1.291364
3.958557
1.474775
2.700330
1.956854
1.787690
1.863781
1.095755
2.116339
2.173716
2.234305
1.953908
1.293278
1.525921
1.696726
2.129944
1.088126
1.978562
1.862421
1.301681
2.108365
2.735977
3.073531
2.057504
2.658274
1.955222
1.460245
2.268892
3.170136
2.508826
1.837680
1.842450
3.561259
2.077256
1.500805
1.625121
1.701495
1.970240
2.174702
1.550936
1.598268
3.517335
1.996323
1.771985
1.889641
1.222560
1.611256
2.633281
1.888333
1.616936
2.554722
1.570310
2.058038
2.084292
2.298156
1.891211
1.825052
1.801430
1.665654
2.737338
1.673281
2.437423
1.648251
1.245197
3.165887
2.603761
1.467627
1.360116
2.436904
1.305865
1.728446
1.727543
1.742830
1.938852
1.627308
1.747010
1.269194
3.138147
1.380875
1.124536
1.903996
2.638968
1.703253
1.505260
1.317405
1.506941
2.135721
1.930463
3.437910
2.237433
1.713468
1.283096
1.677720
1.810032
1.486959
2.364606
1.430017
3.029136
2.418240
1.411786
1.294560
1.382267
2.012705
1.345547
2.184360
1.489078
1.568580
1.459114
1.956795
1.900795
1.849138
1.503739
1.717080
1.409894
1.385191
1.316452
1.868155
2.742291
2.477865
2.390845
2.947889
1.769805
1.969095
2.352144
2.869190
1.707300
1.734539
2.439519
3.066206
1.405213
1.713522
1.670305
2.022109
2.090672
1.269425
2.805513
1.998100
1.697397
3.260109
3.025181
1.000448
1.578978
2.250007
1.798142
2.048120
1.770057
1.926514
2.042223
1.956606
