2.443404
2.580477
2.837080
2.719973
2.433759
2.549136
3.131176
2.866199
4.927242
2.622413
3.985412
3.692234
2.528511
1.868304
3.747073
4.930311
2.097384
5.115745
2.201735
5.361857
2.904851
7.383488
3.048079
2.802551
4.476046
2.230036
5.347294
3.532689
3.650481
2.112278
2.467129
2.988086
4.234951
2.195406
3.349029
2.000708
3.275757
2.723244
3.213523
2.512332
6.788724
1.845594
1.770801
2.877497
3.840503
1.624173
5.666331
3.292375
7.909017
5.515636
4.332998
4.930950
1.716262
2.186334
3.240549
3.600685
3.023928
3.768442
4.002102
5.960122
2.654921
3.439139
4.391357
3.847959
2.953796
2.577027
6.008842
2.184026
4.850990
3.781449
2.670791
3.879833
2.619472
5.032243
1.696071
2.781613
4.399289
2.917026
4.944009
4.837537
3.196136
3.801756
2.985965
3.327897
1.799431
3.333849
3.724949
1.547744
3.789823
3.660349
2.093056
3.384241
3.225667
2.081420
4.827878
3.915546
6.238069
5.845147
3.002449
5.974830
3.738133
4.118309
3.859805
2.020320
2.773795
2.178108
4.967555
3.193680
4.101624
2.640609
3.174585
3.727110
4.281085
4.273276
4.074057
2.041467
3.002524
3.962397
3.980184
1.853966
3.525254
2.353835
1.788251
3.467046
4.163083
4.306253
3.479193
1.785924
2.115194
2.085409
4.342848
3.022506
2.629508
3.347165
2.437145
1.957164
3.424019
4.185638
4.819288
2.246034
1.642168
3.526277
1.693874
7.593568
2.156633
4.220172
2.738289
3.918319
2.495571
5.403156
2.655260
4.636731
2.640549
3.794254
3.547458
3.424343
2.119236
2.552643
3.847994
3.282930
2.214531
4.386464
4.983660
6.422123
2.201521
1.807819
4.571917
3.248019
2.383385
1.968946
1.219200
4.613986
3.663896
2.844652
2.113730
2.325095
4.776444
3.167253
3.632387
2.690178
2.430762
5.910083
1.757140
4.220452
1.831101
1.434227
4.034144
3.312696
4.946550
2.339149
1.580565
5.025105
2.092681
2.208907
2.886004
3.136955
5.128572
2.404399
1.558887
2.112726
1.776422
2.024319
1.876147
2.132641
4.427820
1.724163
9.594211
2.417643
1.458360
6.777754
4.226099
1.454761
4.215323
2.570613
3.813731
2.380358
2.736924
2.153177
3.917299
2.145712
6.216416
2.720957
2.266983
2.529080
4.467804
2.888569
2.067204
2.323974
2.922849
2.894656
1.674911
1.940162
1.750444
2.715806
1.709551
2.617093
2.804727
3.403733
2.647094
1.767935
3.768275
3.303941
5.530803
3.810140
1.715404
1.825325
2.846820
1.520710
3.034870
1.843421
1.694343
5.964988
2.827998
3.561219
2.219450
3.094820
2.344450
2.753463
3.638620
1.567235
1.605710
2.331897
2.185453
2.768802
2.532227
1.780460
2.902693
2.628508
2.957310
4.420691
2.046713
4.343543
2.355345
2.045535
1.609638
2.092601
1.380776
2.574625
1.990833
2.841511
5.285218
2.483697
2.140882
2.687697
1.594193
5.805517
3.470628
2.927841
1.714148
2.011772
3.014848
2.109801
2.236973
1.846952
2.052356
1.409914
2.592832
3.329686
1.407176
1.907168
3.885749
1.391523
2.933199
2.046414
1.365394
2.062433
3.591304
2.090499
2.118769
2.017190
2.617141
2.706915
5.580663
1.282449
1.811136
3.483893
4.066146
1.556213
2.209333
1.531504
3.207714
2.271698
3.665820
1.896830
3.247629
2.801481
2.189319
1.622420
3.255935
4.695076
1.432364
1.420601
2.006540
2.607989
2.915208
2.475265
2.313441
3.817771
1.795289
1.779140
1.344869
1.753567
3.401404
1.634490
3.215400
2.631028
1.412108
2.188464
3.105050
2.229829
2.741845
3.120639
3.435457
2.735759
2.389007
2.479151
2.921411
4.078729
1.761020
2.119570
3.758340
1.942342
1.994663
1.404067
4.189493
2.414119
1.176283
2.305965
4.658367
1.173911
2.593143
1.955806
3.882425
2.005742
2.743906
3.416036
1.575962
3.463602
2.421212
2.687918
2.018154
3.099407
2.604751
2.438983
2.821581
4.083877
4.056253
3.224666
2.430744
5.636958
3.615545
1.728033
4.435548
3.904322
2.556995
2.880265
1.537594
3.166580
3.674183
4.182170
1.464640
2.449082
2.180438
1.371106
3.234116
1.885838
2.657672
3.314279
3.121019
3.344936
3.493186
2.210036
1.507732
3.321894
1.819925
2.831160
3.051338
3.462786
2.304236
2.384449
1.912940
2.237303
1.696389
2.155369
3.212437
3.671044
5.488932
1.815669
3.868035
1.775896
2.009372
1.760993
2.668553
2.121085
2.755438
3.683943
1.536011
2.216528
3.367652
3.712754
2.647607
1.941005
3.251402
1.845434
4.141550
2.931800
2.753487
1.148520
1.927925
1.229941
1.757634
3.694008
2.156764
2.125065
2.665829
3.710412
1.645525
1.401258
2.202478
2.189544
3.045321
1.515816
2.406209
3.207971
2.181135
3.561111
3.414783
2.730205
2.529560
3.136858
3.709272
1.740652
4.151304
2.602743
3.740304
3.687890
1.284241
4.041347
3.278947
1.686346
2.409659
2.383485
1.593379
3.469140
1.747370
4.075205
1.281778
2.739615
2.701794
3.212013
1.121879
3.411081
2.866086
2.933244
3.404700
5.319632
1.575058
2.887972
2.280657
1.507853
1.219649
1.250398
2.870144
2.749337
2.583118
1.290221
2.723632
3.970963
2.413887
1.249186
2.924410
1.808037
2.141673
2.232284
1.727713
1.669970
2.529084
3.401288
1.306671
2.111226
1.359804
2.221725
3.583305
1.563261
2.738152
3.116030
7.889339
2.084107
1.997866
2.059951
3.821162
1.382418
1.759770
1.174716
2.575418
1.854832
2.373757
2.618852
2.796337
1.355707
2.753489
2.505787
2.260999
2.191575
2.320869
1.740337
3.261185
1.340431
4.176638
3.921401
2.593992
1.742661
3.006534
1.409073
1.975406
2.974898
3.081169
1.789667
2.403566
1.640857
2.605511
3.661615
2.140140
3.980482
2.307087
5.041166
2.409547
2.192951
2.445721
2.631714
2.046052
1.367575
2.501840
3.022478
1.562560
2.959418
3.879654
3.044435
3.128640
2.694189
3.161170
1.701506
3.656184
2.803415
1.233134
2.607822
1.982488
5.088925
3.809747
2.642854
3.393652
2.148175
2.194507
2.207579
1.926333
3.669432
1.999456
1.730788
1.147870
2.163914
2.353648
3.142012
1.908320
2.518851
4.098955
2.185209
1.500584
1.578976
1.773508
2.473953
2.287815
2.150457
1.869857
1.556413
2.363484
1.674961
1.921132
1.619170
2.440858
3.366130
2.097295
2.577284
1.587791
1.579202
2.198464
1.149583
3.537164
3.048870
1.801324
3.142218
2.809877
2.955949
2.487197
2.481103
1.516736
1.874204
1.994286
2.160551
3.145533
2.898474
1.956744
5.364715
2.105938
1.800972
2.738480
2.754680
3.341125
1.268643
3.005300
2.431762
5.863738
4.078045
3.482834
2.710836
3.020452
1.748749
2.134766
3.288093
1.634606
1.730307
2.540964
2.175939
1.086437
2.910259
2.578412
1.433434
1.559611
2.167828
1.550363
2.690686
1.432105
1.428799
1.790466
1.324872
3.521142
2.134700
2.034477
1.740143
2.746685
2.728955
1.877811
3.985010
1.972055
1.996879
1.523529
1.595119
1.648548
1.233474
1.438317
1.424542
4.668150
3.275680
3.221690
2.654727
1.786026
1.936196
3.871070
5.455527
2.755590
2.230746
1.656929
2.924087
2.913133
3.663583
1.975000
1.186900
2.202471
2.218133
2.707378
2.066956
2.463924
1.986466
3.609063
2.430237
1.812092
3.397892
1.007561
1.739647
2.717326
2.326883
2.573533
1.101001
1.907730
1.591281
1.932799
1.425564
1.509891
3.667770
1.563158
3.539493
2.449419
2.240823
2.833267
3.099511
2.527262
1.977912
4.577756
2.275629
1.630755
2.555128
1.974708
1.677293
2.146072
4.582693
1.610537
3.429181
3.383809
3.434062
2.260717
1.589786
1.906804
2.022779
3.100452
1.477454
2.080819
1.517157
1.284024
2.598831
1.376052
1.075048
2.047383
3.759667
2.102032
1.391741
2.001786
2.955497
2.792362
2.733753
1.429773
1.571905
