2.767941
2.524213
2.395980
3.570523
2.321559
2.342112
3.314083
2.173451
2.426660
3.054502
2.218756
2.863640
4.370007
3.186552
3.244393
2.568128
2.778927
2.592149
2.633258
2.721198
3.266842
3.165367
3.716612
2.541039
3.496904
3.133897
3.540840
1.670767
3.097746
3.090356
2.240693
2.817234
2.125646
3.018741
2.700314
3.258209
2.706374
2.219393
2.681614
4.167848
3.974504
3.048114
2.106885
2.410383
2.632817
3.352693
3.419010
2.485651
2.407054
2.669362
3.279238
2.081747
2.963455
2.887852
2.652260
2.678452
3.482148
2.690135
2.515283
2.493556
3.617025
2.197485
1.988805
2.192522
2.204786
2.319518
3.040349
2.822072
2.498360
3.243000
2.672118
2.254655
2.016171
2.233574
3.002108
2.151552
2.960211
2.201790
2.133139
3.003722
3.358591
2.779051
2.266807
2.670475
2.495648
2.234025
2.791630
3.432596
2.843194
3.127532
2.744725
2.221704
2.060195
2.180205
2.133146
2.548163
2.522288
1.898742
2.848270
2.062204
2.708675
2.472387
1.828235
1.806495
2.883714
2.924324
2.741049
2.512872
2.249706
2.114865
2.227195
2.075689
3.266792
2.762827
3.005553
2.352711
2.304122
2.378305
1.932243
2.480872
2.721793
