1.880868
2.448583
2.689323
2.006180
3.014564
1.778524
2.739034
2.684396
2.150426
1.788661
1.674418
1.830318
1.836795
1.783221
2.133887
2.310038
1.663973
2.075959
2.825221
2.634300
3.097705
2.290785
2.248343
2.391452
2.587247
2.243040
1.617384
1.740455
2.247381
1.566188
2.197136
1.182722
2.095431
1.702640
1.406931
2.037094
2.175439
1.505940
1.812295
3.135835
2.656833
3.295188
2.593303
1.596020
2.374854
1.922076
2.688241
2.592161
2.156604
1.908952
1.277599
3.128171
1.903419
2.518468
2.621398
1.655858
2.179597
2.906379
2.019510
1.656967
1.909164
3.098265
2.110375
2.073974
1.723865
1.844295
1.738361
2.765723
2.315314
1.906206
1.885352
2.866737
1.624665
2.190995
1.749174
2.234401
2.292044
1.479188
1.775840
2.701546
1.938217
2.019413
1.563995
2.628947
1.821029
1.795192
1.554158
2.206373
1.900268
1.759216
1.779172
1.739327
2.312204
2.102004
1.601427
1.545493
1.624235
1.817545
2.348509
2.478804
1.852965
1.920193
2.325924
2.231267
2.442198
1.561248
2.019252
2.554395
1.642187
2.495454
1.823371
1.693916
2.210884
2.159089
2.202680
1.956899
1.824118
1.821511
2.157681
1.529762
1.827027
2.143019
1.897462
1.395737
2.545835
2.148179
2.051835
3.456724
2.366042
1.970174
2.430810
1.974149
1.705413
1.678639
2.105486
2.562175
1.895564
2.638180
1.981919
1.745889
1.440362
1.534042
2.207378
2.466102
2.135474
1.820647
1.634835
1.928423
1.637205
2.216780
3.490523
1.752709
1.812108
2.463671
2.084410
1.674623
