4.399781
3.712748
4.712113
4.140890
5.274199
5.221509
5.417316
7.732300
3.688697
4.685611
4.361346
6.774874
4.245900
4.412344
3.895232
3.236711
10.405791
4.351415
3.303148
4.157128
4.499145
5.740076
5.691951
4.136621
4.818408
6.538980
4.284416
5.000442
3.558725
5.803457
4.125917
4.881151
3.282411
5.303983
3.489374
4.997894
4.811432
3.869373
5.282626
3.446670
6.325588
3.518380
5.502061
7.138603
6.100349
3.143871
5.424292
5.018291
4.739448
4.345653
4.725965
3.980883
5.204219
6.966018
5.194516
4.095884
5.179138
5.060552
5.326550
4.080430
3.998704
6.491211
4.870475
3.876741
5.280906
4.045981
5.047807
4.198031
4.569351
3.890486
3.511143
4.733056
7.130575
3.470517
3.566967
4.947175
6.161225
3.664695
3.314579
4.992574
4.898621
5.796968
4.389565
4.006720
5.758933
6.210540
3.890081
6.747272
3.469358
4.159554
4.655954
5.484036
3.798839
5.990484
4.221612
6.580689
5.385249
4.225206
2.885809
4.298074
5.041426
3.949712
4.518353
2.642470
2.776531
4.633140
5.453190
2.852072
5.124634
4.894186
3.936206
3.304312
4.856447
5.972470
3.464621
3.384002
3.319309
5.741917
3.391260
3.939944
5.859180
3.174706
5.575637
5.247697
5.631119
3.639605
3.405936
3.478209
5.433763
4.032607
4.177121
2.778588
5.798327
4.038811
3.074244
4.273097
4.325051
4.332152
4.373127
2.479355
4.873803
7.887312
6.275125
5.746960
5.467057
3.344085
3.182525
5.553110
4.540733
4.631454
2.339796
5.523804
3.944823
4.425188
4.360531
9.573557
3.382198
5.766596
3.513166
4.321391
3.656218
2.663458
3.236195
3.533276
6.015015
4.042496
3.390388
5.015959
3.625903
4.599453
3.048857
3.210061
3.520843
3.452202
4.438263
3.242421
2.205797
3.208976
3.508544
3.405933
2.846458
2.609211
3.071201
3.467736
2.549376
5.300767
4.671558
5.131474
4.054248
2.843488
3.945940
3.531291
5.250008
4.278846
7.310938
5.400791
5.436716
3.475441
4.706283
7.380768
2.981358
3.090067
2.704035
6.536607
4.442510
3.865396
3.527331
3.595744
4.096566
3.160812
2.765240
3.035876
4.967384
2.863474
5.066491
2.948815
