2.984524
3.030238
1.939339
2.217656
2.077687
2.864516
2.261455
3.369459
2.733224
2.678171
3.544266
2.018160
2.147022
1.732071
3.127894
3.153578
3.633312
3.163135
3.715366
2.631256
2.285799
2.373645
1.935422
2.209574
2.085931
2.148571
2.771096
2.086131
3.145922
2.103719
2.391016
1.797628
2.702950
3.082414
2.944354
1.993489
2.193103
2.549029
2.201113
2.989431
2.093689
1.975541
2.432002
1.775141
2.562701
2.714958
2.343732
2.183619
2.109672
2.439342
3.462719
2.963757
3.109984
2.556646
2.331301
2.947788
2.742115
2.214168
2.469363
2.827778
3.888439
2.601242
2.475273
3.437924
2.688345
2.678246
2.415721
2.624542
3.859397
1.671815
2.628615
2.558130
3.214754
2.482915
2.397075
1.878444
2.045398
2.518947
1.980302
2.336447
2.943934
3.368556
2.556708
2.056882
2.501511
3.070447
2.140195
3.292948
2.126428
3.906987
1.647537
2.808187
1.921667
2.439675
2.005467
3.357926
1.721047
2.603799
2.501833
2.773808
1.584817
2.736907
2.063740
2.136119
2.316605
2.791381
2.753445
2.586388
2.747359
2.780198
2.988680
3.159709
2.549751
2.672779
1.884625
2.844903
1.963005
2.740478
2.229654
2.478975
3.616431
2.373244
2.540828
3.296104
2.066998
2.293999
2.460706
1.592343
4.335135
2.464700
2.512090
2.421666
2.653086
2.208401
2.480046
2.614937
2.263134
2.496637
1.491824
1.777973
2.123027
2.537255
3.634587
1.909265
2.514678
3.159211
2.041682
2.226348
2.510562
3.558789
3.992094
1.727963
2.904065
2.886835
1.890608
2.789639
3.175389
2.445488
2.347190
2.151814
3.068289
2.307811
2.494792
1.928916
2.267297
1.776703
4.081615
2.444949
2.249315
3.380967
2.001122
2.440222
3.020666
2.399869
2.065249
2.749224
2.598093
2.564097
2.904685
2.679467
2.280651
2.698387
3.205580
2.675979
2.422419
2.413545
2.309795
2.386318
3.326543
2.407904
2.699447
2.962181
2.257410
2.349950
1.888181
2.012161
2.251171
1.574953
2.297770
1.865594
2.822868
3.088979
2.744655
2.558390
1.956587
5.544045
2.331820
2.042071
3.181700
2.254760
2.538545
2.575240
2.300732
3.186206
2.296153
2.214336
2.861740
1.943289
2.313409
2.380176
2.932378
2.801591
1.938898
3.039013
3.021515
2.355849
3.849430
2.994757
2.122658
2.709748
2.989304
2.156868
2.375117
2.335095
1.913920
1.882781
2.220568
1.508385
2.057701
1.461100
1.509825
2.023763
3.609170
1.415012
3.608767
2.382678
1.837739
2.495856
2.533034
2.774264
1.528372
1.623562
1.385361
1.839911
2.264463
2.400498
3.300932
2.146750
2.164089
2.081501
1.615663
2.290574
2.443484
2.636974
1.700127
2.423739
1.886869
3.619489
3.827220
1.836215
2.106621
1.445872
2.607476
2.347501
2.643775
2.945187
2.790027
2.568532
2.453282
1.876252
1.881287
1.835014
2.388978
2.118265
2.679545
2.332794
1.728159
2.032285
2.630300
2.864715
2.324490
1.844325
2.390640
1.844068
3.309319
2.952298
1.871733
2.246749
2.000527
2.349231
2.745697
2.152753
2.622760
3.572254
2.195706
1.951765
1.819130
2.216059
2.245232
2.701436
1.701124
2.070555
2.473442
2.171124
2.203515
1.483397
2.397271
2.261001
1.983404
2.122031
2.383812
2.768584
2.434800
2.484104
2.262113
2.293643
2.886943
2.104430
2.149445
2.460355
2.511279
2.290498
1.915448
2.370556
1.700181
2.078488
2.364435
1.785064
2.102358
1.617687
1.822368
2.695344
2.032272
2.788466
2.218366
3.692214
2.438380
2.815332
1.416975
2.756697
1.900164
1.963306
2.009442
2.369745
2.425025
2.262554
2.574745
2.050653
2.553200
3.695697
1.870631
1.707590
2.269950
2.724112
2.675652
1.969905
2.728004
1.792665
1.902452
1.738176
2.189498
2.167112
2.604589
2.029876
2.016595
2.741958
2.409794
2.303635
1.931500
3.406669
1.921878
2.755853
1.955016
2.089667
1.974325
1.969866
2.599200
1.812566
2.283562
2.186362
2.422030
2.270205
2.085931
2.271970
2.371923
2.064961
1.804770
2.255405
2.980224
2.402305
1.598208
2.399318
1.901850
2.462703
1.621088
2.529873
2.215934
2.191863
2.834629
2.729844
1.992770
