1.991289
2.910337
1.895802
2.089167
1.813864
2.045093
2.713833
2.579506
2.627354
2.480324
2.068813
2.063277
2.415400
1.903012
1.558401
1.656553
2.485933
1.952273
2.866384
2.866561
2.349659
2.966134
2.369059
1.693716
1.764640
2.482318
2.018033
1.723731
2.321403
1.883406
1.912114
2.041016
2.293292
2.747440
2.655734
2.990787
2.904362
1.759929
2.136721
1.683724
1.966549
2.171971
1.494489
3.199797
2.576751
1.649414
1.725713
2.469711
2.393391
1.971113
2.014642
1.756072
2.351962
2.029904
2.127382
1.809775
3.360472
2.395432
1.125672
2.016046
2.671256
2.763139
1.656243
1.530797
2.259123
1.913170
2.714315
2.231631
2.232894
1.747852
2.694105
2.397053
1.522785
1.983913
1.960359
2.316757
3.287992
1.977167
2.017294
2.639650
2.345933
2.335577
2.245348
2.126539
2.818362
1.612355
2.971924
1.578659
2.097354
1.853183
1.635687
3.217247
1.835768
2.317706
2.995409
2.563137
2.253650
2.611903
3.587166
1.832245
2.054612
2.030319
2.926426
1.560867
1.887066
1.481226
2.741847
3.435030
2.412538
2.429436
1.836104
1.875830
3.252738
2.380902
2.685706
1.689401
2.526350
1.591533
2.521358
1.531500
1.878408
2.139966
1.966111
2.370951
2.148201
1.891771
1.846896
1.923159
2.429384
2.092357
1.722864
2.684260
2.079892
2.466669
1.914283
2.450187
1.826684
2.022721
1.884536
3.642899
2.162954
2.337405
