3.054293
4.714642
3.458491
3.724747
3.039415
3.008463
3.948706
2.964240
2.682278
3.148588
2.760042
2.900023
4.597278
2.488706
3.064463
3.268624
4.316379
3.349129
3.139543
2.652892
2.641563
2.390690
2.454745
3.888267
2.253203
2.936241
3.817200
3.896767
2.582156
3.239729
2.744935
2.812274
3.172507
3.549772
2.476033
2.268579
3.683955
2.762068
4.504452
3.224077
3.936146
3.593358
3.105309
3.998088
4.968865
3.491343
3.330856
2.625677
3.244308
2.227549
2.518903
3.303770
3.541679
2.855834
4.048489
3.215998
2.849036
2.661321
2.137757
3.476400
2.905300
3.157263
4.289335
2.751630
2.946792
3.405223
2.923515
3.427793
3.530084
3.353701
4.212963
3.513567
3.385785
2.748010
2.450985
3.057011
3.050798
2.745184
3.933609
4.512071
2.807268
2.676692
2.431017
2.903115
3.901493
2.660674
4.816870
2.955481
3.920911
2.948891
2.470794
2.420237
2.519939
2.468478
3.763390
3.246353
3.749717
2.628080
2.438943
3.417448
2.098343
2.788824
3.706812
2.733049
2.501266
2.364021
3.563642
3.941547
5.323168
3.092521
2.444159
3.919500
3.206216
2.888241
2.899862
3.645408
4.054094
3.361144
2.911883
4.500789
2.307375
2.313034
2.650146
