6.975271
8.751768
13.297433
7.891142
7.231900
6.595737
6.277492
9.982624
10.682292
7.560632
7.708691
6.604367
12.670849
6.613647
6.833566
7.196934
11.341262
7.208302
6.743577
5.755040
7.870243
6.857138
5.854636
10.857262
8.997725
6.008314
5.870740
6.240836
8.188195
7.509575
7.801224
6.593758
5.424317
6.936468
6.896447
7.272702
7.262409
5.926530
7.468926
7.326835
7.877182
7.323421
6.653099
7.585114
8.623672
8.035507
6.567799
16.988337
11.139782
9.111008
6.061657
5.421726
6.692993
6.090857
7.126970
7.570048
10.176513
5.983778
4.979738
5.586555
6.740762
5.967923
5.090528
5.714960
5.762532
5.391863
6.097266
7.119822
5.613102
5.146138
6.948437
8.953192
7.791817
6.839635
5.345562
5.702284
5.554502
7.550814
5.909286
9.948133
6.274470
7.129300
4.940329
9.024117
7.814791
6.197734
13.698193
6.640843
5.660805
7.413184
5.029590
6.259093
6.566954
6.154768
5.428644
7.159020
4.434117
9.195656
6.007793
7.295022
5.469520
9.488460
6.745384
9.667498
8.367072
5.940194
6.843685
7.733434
5.071936
5.966370
6.855300
6.908302
5.032923
6.823363
6.696280
7.158673
4.153421
5.454931
7.287636
5.758574
5.555647
7.772429
4.111430
5.815698
6.341017
6.157171
5.329935
6.338610
5.083129
7.690949
4.659064
6.692367
5.440974
6.215637
7.196635
6.583793
6.866993
7.021726
8.612679
5.498071
7.351002
6.961069
6.161660
9.888901
6.632299
4.316055
8.369002
4.357333
5.226570
8.386873
5.579433
5.800643
5.464622
4.242241
6.833754
4.474653
4.976285
8.987478
5.956622
3.959382
5.151228
7.747004
5.714845
6.237909
5.756554
5.359525
6.670971
4.283031
7.578972
7.329975
5.540098
4.763064
3.999914
5.352825
4.552849
6.638860
4.501435
6.224537
4.039466
5.155607
4.611133
4.679302
6.206464
5.885170
5.221641
5.054664
7.297780
5.766827
5.763996
9.156322
5.792171
4.015239
6.051116
4.290783
4.019339
4.732716
4.236230
5.335749
5.192904
3.581812
5.905981
4.263132
7.295185
7.025028
7.790819
4.203280
4.266782
4.513934
4.379233
4.230410
4.169211
4.127254
5.140489
4.304377
5.721997
7.128585
6.713933
8.501854
5.205421
8.165639
9.193872
5.644270
8.950852
6.791096
6.354087
5.281493
5.409482
8.516905
4.498613
4.813604
4.358356
3.824044
5.491294
3.728099
3.680161
6.028260
5.084198
5.363926
4.502937
4.177561
6.198731
7.434802
4.667498
4.297473
3.730284
6.904879
6.751554
4.099034
4.465808
6.048779
4.285233
7.085931
4.252580
4.097596
4.366521
3.358635
4.255762
7.981924
3.528386
5.259440
5.408846
4.697958
6.762256
4.512165
5.424278
4.609686
3.747312
3.418037
4.707942
5.777870
4.676119
4.958913
3.878130
3.638370
5.253415
4.234643
7.211118
5.526943
4.309512
3.945626
5.602127
4.241469
5.076605
6.188239
4.824628
3.631106
5.628485
3.581174
4.369927
6.508034
3.796244
3.497593
3.779461
3.409822
4.668543
4.912794
4.257695
3.980422
3.281898
4.282279
4.367593
4.707054
5.127820
4.561232
3.807677
5.276940
3.712644
7.157393
5.265898
4.961458
4.048621
7.127354
3.732441
5.415161
4.335251
5.633971
6.153656
5.750226
3.777148
5.230695
6.992244
3.374261
3.747060
4.669145
4.884872
5.278412
4.743659
5.884711
4.540456
5.287161
4.112658
3.637882
6.699098
4.051042
4.234453
5.424798
4.881965
3.949865
4.897457
3.972278
3.445542
4.877679
4.510984
4.706790
4.832264
4.711121
4.425167
3.502988
3.457285
3.543902
4.443405
3.565211
5.735282
3.220213
3.722262
3.517397
4.345145
4.903764
6.624420
4.580941
3.102352
3.700937
3.727037
3.691508
6.215309
3.431857
5.551741
4.466071
4.263772
3.876205
5.313085
5.484551
3.235245
4.150357
3.868573
6.446217
3.756943
3.853408
3.617504
4.536180
3.742061
3.084702
3.177560
3.713113
3.769278
4.595913
3.905918
3.602473
3.019117
3.165155
3.746347
4.037895
5.950777
3.754604
3.236606
3.775079
4.471838
2.885303
3.801798
3.467368
3.420327
3.850098
3.574397
3.580624
4.329888
5.714465
3.310204
2.655034
3.493773
3.912363
2.619842
3.032418
5.405850
4.869809
3.793566
4.102391
4.543871
5.376757
3.914438
3.585068
3.780247
4.511879
3.578296
3.397818
3.978232
2.706101
3.453604
4.206078
4.378286
2.834221
4.802954
2.757032
3.143163
3.587843
5.373533
3.779593
3.957949
3.512763
4.443534
4.212459
5.035375
3.312673
2.634388
2.995886
4.785665
5.945569
3.231752
3.897286
3.539275
4.291477
3.627110
4.650114
3.665972
4.227004
2.357118
4.127300
3.765063
2.978264
3.282946
4.541988
3.065623
3.947806
5.330478
3.525320
4.137934
3.638447
3.644300
4.784091
3.980983
4.456981
3.997532
3.657086
3.715090
4.212510
2.910703
3.802351
4.538550
3.720502
4.272974
4.582673
4.888954
3.715324
4.733326
3.359300
3.681301
4.668853
2.990483
3.046027
3.381828
3.403146
3.583131
5.056437
3.145773
3.323448
3.129248
3.895523
4.026989
4.382167
3.500784
2.719050
3.767349
4.027045
4.018593
4.669728
2.876821
3.665218
4.719503
3.986406
3.528103
3.980951
3.420119
2.797554
3.721506
4.058147
4.521255
2.959639
4.397545
4.250784
3.144364
2.885260
4.852561
3.740916
2.807500
3.246004
4.136723
3.984610
3.969246
