1 2 0.999979
1 3 0.999613
1 5 0.999504
1 8 0.999996
1 12 0.999058
1 16 0.996107
1 17 0.999953
1 19 0.999994
2 1 0.999979
2 8 0.999996
2 19 0.999995
3 1 0.999613
3 8 0.999882
4 17 0.983470
5 1 0.999504
5 8 0.999850
8 1 0.999996
8 2 0.999996
8 3 0.999882
8 5 0.999850
8 12 0.999673
8 13 0.999618
8 14 0.999751
8 15 0.500000
8 16 0.998465
8 17 0.999989
8 19 0.999999
10 19 0.500000
12 1 0.999058
12 8 0.999673
13 8 0.999618
14 8 0.999751
15 8 0.500000
16 1 0.996107
16 8 0.998465
17 1 0.999953
17 4 0.983470
17 8 0.999989
17 19 0.999985
18 19 0.988814
19 1 0.999994
19 2 0.999995
19 8 0.999999
19 10 0.500000
19 17 0.999985
19 18 0.988814
1 1 0.999982
1 4 0.988401
1 6 0.999995
1 7 0.508818
1 9 0.750746
1 10 0.500000
1 11 0.822280
1 13 0.998771
1 14 0.999128
1 15 0.500000
1 18 0.985089
2 2 0.999982
2 3 0.999593
2 4 0.987512
2 5 0.999486
2 6 0.999993
2 7 0.509327
2 9 0.756602
2 10 0.500000
2 11 0.825027
2 12 0.999031
2 13 0.998865
2 14 0.999036
2 15 0.500000
2 16 0.996326
2 17 0.999954
2 18 0.984289
3 2 0.999593
3 3 0.997293
3 4 0.960379
3 5 0.996486
3 6 0.999872
3 7 0.506766
3 9 0.698412
3 10 0.500000
3 11 0.767622
3 12 0.994206
3 13 0.993138
3 14 0.993795
3 15 0.500000
3 16 0.984811
3 17 0.999341
3 18 0.942601
3 19 0.999831
4 1 0.988401
4 2 0.987512
4 3 0.960379
4 4 0.865428
4 5 0.956826
4 6 0.992672
4 7 0.503457
4 8 0.993603
4 9 0.615660
4 10 0.500000
4 11 0.657299
4 12 0.944107
4 13 0.934928
4 14 0.943002
4 15 0.500000
4 16 0.900529
4 18 0.850613
4 19 0.992422
5 2 0.999486
5 3 0.996486
5 4 0.956826
5 5 0.995868
5 6 0.999691
5 7 0.506702
5 9 0.690384
5 10 0.500000
5 11 0.743975
5 12 0.993108
5 13 0.992281
5 14 0.993061
5 15 0.500000
5 16 0.982266
5 17 0.999171
5 18 0.922439
5 19 0.999783
6 1 0.999995
6 2 0.999993
6 3 0.999872
6 4 0.992672
6 5 0.999691
6 6 1.000000
6 7 0.510002
6 8 0.999998
6 9 0.766373
6 10 0.500000
6 11 0.957566
6 12 0.999574
6 13 0.998697
6 14 0.999348
6 15 0.500000
6 16 0.997127
6 17 0.999982
6 18 0.999873
6 19 0.999998
7 1 0.508818
7 2 0.509327
7 3 0.506766
7 4 0.503457
7 5 0.506702
7 6 0.510002
7 7 0.500054
7 8 0.510475
7 9 0.501011
7 10 0.500000
7 11 0.501543
7 12 0.506218
7 13 0.506402
7 14 0.506166
7 15 0.500000
7 16 0.505237
7 17 0.508551
7 18 0.503666
7 19 0.510254
8 4 0.993603
8 6 0.999998
8 7 0.510475
8 8 1.000000
8 9 0.775479
8 10 0.500000
8 11 0.833589
8 18 0.986582
9 1 0.750746
9 2 0.756602
9 3 0.698412
9 4 0.615660
9 5 0.690384
9 6 0.766373
9 7 0.501011
9 8 0.775479
9 9 0.539108
9 10 0.500000
9 11 0.546515
9 12 0.676224
9 13 0.665878
9 14 0.664008
9 15 0.500000
9 16 0.644551
9 17 0.744641
9 18 0.603360
9 19 0.777689
10 1 0.500000
10 2 0.500000
10 3 0.500000
10 4 0.500000
10 5 0.500000
10 6 0.500000
10 7 0.500000
10 8 0.500000
10 9 0.500000
10 10 0.500000
10 11 0.500000
10 12 0.500000
10 13 0.500000
10 14 0.500000
10 15 0.500000
10 16 0.500000
10 17 0.500000
10 18 0.500000
11 1 0.822280
11 2 0.825027
11 3 0.767622
11 4 0.657299
11 5 0.743975
11 6 0.957566
11 7 0.501543
11 8 0.833589
11 9 0.546515
11 10 0.500000
11 11 0.623779
11 12 0.736439
11 13 0.699080
11 14 0.699723
11 15 0.500000
11 16 0.685700
11 17 0.810310
11 18 0.783635
11 19 0.838971
12 2 0.999031
12 3 0.994206
12 4 0.944107
12 5 0.993108
12 6 0.999574
12 7 0.506218
12 9 0.676224
12 10 0.500000
12 11 0.736439
12 12 0.989539
12 13 0.987931
12 14 0.989122
12 15 0.500000
12 16 0.975152
12 17 0.998444
12 18 0.930082
12 19 0.999556
13 1 0.998771
13 2 0.998865
13 3 0.993138
13 4 0.934928
13 5 0.992281
13 6 0.998697
13 7 0.506402
13 9 0.665878
13 10 0.500000
13 11 0.699080
13 12 0.987931
13 13 0.988704
13 14 0.988827
13 15 0.500000
13 16 0.974298
13 17 0.998096
13 18 0.878911
13 19 0.999474
14 1 0.999128
14 2 0.999036
14 3 0.993795
14 4 0.943002
14 5 0.993061
14 6 0.999348
14 7 0.506166
14 9 0.664008
14 10 0.500000
14 11 0.699723
14 12 0.989122
14 13 0.988827
14 14 0.992470
14 15 0.500000
14 16 0.973817
14 17 0.998355
14 18 0.906887
14 19 0.999591
15 1 0.500000
15 2 0.500000
15 3 0.500000
15 4 0.500000
15 5 0.500000
15 6 0.500000
15 7 0.500000
15 9 0.500000
15 10 0.500000
15 11 0.500000
15 12 0.500000
15 13 0.500000
15 14 0.500000
15 15 0.500000
15 16 0.500000
15 17 0.500000
15 18 0.500000
15 19 0.500000
16 2 0.996326
16 3 0.984811
16 4 0.900529
16 5 0.982266
16 6 0.997127
16 7 0.505237
16 9 0.644551
16 10 0.500000
16 11 0.685700
16 12 0.975152
16 13 0.974298
16 14 0.973817
16 15 0.500000
16 16 0.958972
16 17 0.994506
16 18 0.854278
16 19 0.998104
17 2 0.999954
17 3 0.999341
17 5 0.999171
17 6 0.999982
17 7 0.508551
17 9 0.744641
17 10 0.500000
17 11 0.810310
17 12 0.998444
17 13 0.998096
17 14 0.998355
17 15 0.500000
17 16 0.994506
17 17 0.999908
17 18 0.973909
18 1 0.985089
18 2 0.984289
18 3 0.942601
18 4 0.850613
18 5 0.922439
18 6 0.999873
18 7 0.503666
18 8 0.986582
18 9 0.603360
18 10 0.500000
18 11 0.783635
18 12 0.930082
18 13 0.878911
18 14 0.906887
18 15 0.500000
18 16 0.854278
18 17 0.973909
18 18 0.992483
19 3 0.999831
19 4 0.992422
19 5 0.999783
19 6 0.999998
19 7 0.510254
19 9 0.777689
19 11 0.838971
19 12 0.999556
19 13 0.999474
19 14 0.999591
19 15 0.500000
19 16 0.998104
19 19 0.999999
