6.303554
5.273942
3.170349
4.182824
3.823123
3.186496
4.620819
3.301896
5.606964
3.529764
7.706590
3.661565
8.145077
3.156205
4.629297
4.824523
8.288766
3.474215
4.736380
3.899069
5.051945
4.054315
3.679644
4.263242
2.983236
3.879316
6.798516
3.971148
5.351194
5.068030
2.837755
4.762020
4.552798
3.709179
4.111660
2.881556
3.718247
3.920154
4.882303
2.480152
7.535357
3.665700
3.547436
5.009131
3.653481
5.809040
4.217793
6.543767
3.156600
2.831465
5.419902
3.100928
4.210134
6.005446
3.154675
2.945530
5.894866
5.558886
4.798901
2.739796
4.972961
3.995260
3.213062
5.457899
3.506003
4.029708
3.293808
4.930019
2.913357
3.902446
2.570442
3.949875
5.820890
3.387382
4.938864
3.738336
3.576224
3.826140
2.843140
2.716350
2.484215
3.602329
2.648507
2.397690
5.130387
2.605282
5.509715
4.414627
3.118286
2.970838
3.959387
3.740094
3.150853
2.748608
2.272634
2.283047
4.011916
5.890483
5.895271
2.947091
2.829783
3.219535
2.117378
4.167763
4.093506
3.739267
3.208383
2.992796
4.169540
3.077175
2.550986
3.510848
3.316007
2.947436
3.162035
2.770211
3.913961
2.386227
4.922007
3.016417
3.059531
2.804885
3.614447
2.601230
2.658143
3.250599
3.083703
2.242304
2.753572
3.142507
3.008159
4.313237
2.979400
2.349102
2.941356
2.979076
3.568265
2.910033
3.760566
3.506767
3.528534
3.299038
3.094129
3.025016
4.501605
3.427593
4.712741
2.828036
2.575698
2.368479
3.563706
3.132860
4.880855
3.430082
2.058544
3.990263
1.995426
2.366285
2.770641
2.142310
2.500093
3.538253
2.374636
2.439258
3.120813
2.806837
2.461010
2.676785
2.903422
2.419980
3.106540
2.849761
3.506161
5.029835
1.903322
4.169096
3.045668
2.384072
3.109894
2.685084
2.515303
3.052066
5.126379
3.801707
2.358154
2.533761
2.402024
2.369366
2.402336
2.899733
2.510264
2.517585
1.897565
2.886729
2.658481
2.968090
2.216429
4.098565
2.831652
2.350451
2.901675
2.324848
2.206526
1.726569
2.289697
2.069312
3.742248
1.988896
5.016594
2.942289
3.567131
2.087926
2.783087
2.807570
2.743929
3.179498
2.037637
3.020708
2.490281
2.075912
2.236853
2.185957
3.453413
3.537531
2.444449
3.510572
3.111246
3.704314
2.234977
2.214605
2.095260
1.840791
2.606205
2.940136
3.248795
2.442157
2.156820
2.163801
2.582501
2.795373
1.962726
2.057442
3.306146
2.492718
2.308332
2.374152
1.950194
3.302939
2.202112
3.086796
2.736244
2.316973
3.421358
2.200159
2.316644
1.867751
2.245379
2.478526
2.014736
2.883541
2.121357
1.584804
3.380884
3.432937
2.298946
1.763185
2.000691
1.907074
1.978332
2.730914
2.268765
2.269851
2.680790
1.798735
2.514316
3.349103
3.164760
2.998206
