2.487256
1.979144
2.181142
2.066044
1.717124
2.308978
2.444052
2.276441
2.472798
3.819445
1.331999
1.735296
1.765156
2.072572
2.231125
2.276761
2.216360
2.096630
1.494471
2.912096
2.687351
1.891135
1.904363
2.286445
2.458076
2.815551
2.226208
1.658497
2.933989
3.677259
2.536690
1.418428
2.727099
2.161164
2.641487
1.640994
2.411593
2.811310
2.579436
1.797375
1.782440
2.046752
1.372569
2.279072
2.193821
2.122962
2.410301
2.041618
1.925908
2.387757
3.289220
2.087242
1.676308
1.820153
2.149975
1.663858
1.966311
2.471833
1.357901
3.019731
2.237186
2.157305
4.524460
2.534919
1.987648
1.899826
1.679783
1.971974
2.140103
2.286752
2.267462
2.150058
1.767583
1.883563
2.393007
1.888091
1.721240
2.474603
2.706862
2.887841
2.448047
2.054641
2.896782
1.828371
1.600083
2.518089
1.571177
2.412699
2.539305
1.838124
2.176160
1.639290
2.012299
2.439503
2.454277
1.810543
2.388011
3.830044
2.176886
2.631268
2.342118
1.418321
2.279676
3.267165
1.826171
2.086885
1.775774
1.803057
1.979118
1.955957
1.848147
2.500329
1.779477
2.352877
2.211592
1.460651
2.390343
2.327634
2.576315
1.898188
2.864655
1.654106
2.732117
2.201751
1.705838
2.047852
2.311269
2.477086
2.115176
1.795551
2.187933
2.093185
1.477220
3.264621
2.860464
1.980104
2.221912
2.991715
1.953453
2.114399
1.879536
1.433141
1.427581
2.688939
1.634958
2.436687
2.099181
3.660290
1.740092
2.335753
1.938221
2.160152
1.613345
2.114408
3.687996
2.246078
2.169328
2.537043
2.377789
1.929680
2.504515
2.349705
3.358953
1.726915
2.404466
2.029991
1.709546
2.188884
2.499345
