3.164936
4.922221
2.308018
3.767154
3.574254
3.794938
2.997656
2.606901
3.746005
2.568343
3.410594
2.983403
4.021162
6.045056
2.498851
4.167459
2.634463
2.948205
3.017292
3.186642
4.363015
3.073603
3.075377
3.653133
3.860914
3.460197
2.802123
2.486034
4.682500
4.293908
2.950974
3.005744
2.804953
3.250695
3.014172
2.633112
2.858408
2.529147
2.942401
3.224462
2.990436
2.444766
4.129546
1.735139
2.974434
4.946112
2.672090
4.092150
1.811125
2.773769
3.209804
2.187646
3.850636
2.670555
3.683410
3.452971
3.382089
2.571370
2.821651
2.428596
2.331292
2.303229
2.136796
2.017237
3.390622
3.048882
1.830330
2.305057
2.743949
1.899099
2.042457
2.131384
2.434331
3.096642
2.711304
2.534161
2.720382
3.779008
3.846227
3.441409
2.593283
3.557602
3.162005
1.944048
2.538206
2.860206
2.314110
2.234821
2.456408
3.197356
2.079840
3.032599
1.961850
1.832453
2.855319
2.617497
2.439175
3.525296
2.545780
1.998245
3.068321
2.343677
2.088818
3.477172
3.150554
2.254521
3.132706
2.373014
2.343548
1.984254
2.132548
2.125998
2.553252
1.450980
2.355266
2.450661
3.965956
3.106119
2.619567
2.319562
2.298756
2.418459
3.781106
