1.853559
2.551017
3.093286
2.121648
2.246079
3.797497
2.437404
2.671802
3.327991
2.574328
2.616889
2.984530
2.148921
1.961068
2.790290
3.106514
2.153053
2.223042
3.549323
3.746220
2.791030
3.902311
2.172835
1.998837
2.650911
2.524263
2.367654
2.970830
2.940555
2.350755
1.960132
3.499568
3.205748
3.224981
2.188992
2.370117
2.574898
3.872434
2.252945
3.315678
1.946669
2.615935
2.024580
2.986211
1.862084
2.267481
2.637899
2.487711
2.480137
2.518034
2.097521
2.874209
2.006529
2.643412
2.177708
2.708289
1.886729
2.247790
2.283097
2.561714
2.333131
2.446090
2.683437
3.027237
2.908444
2.593514
2.534936
2.107747
2.985509
2.605762
2.702478
1.757599
2.469860
3.180911
2.446663
3.105562
2.231014
2.342649
2.324443
2.485024
2.113250
2.331088
2.299607
3.362611
2.265432
3.847776
2.715364
3.114092
2.315725
2.717663
3.452198
2.909698
2.175307
2.330064
1.843977
2.936103
4.794323
2.400138
2.091205
2.355905
2.747222
1.853199
1.997512
2.169101
