3.718778
3.053273
2.853650
5.094898
3.543038
2.771732
3.430554
3.308568
2.513746
3.270061
2.539565
3.135181
2.596997
3.340427
3.760073
3.964201
3.155782
2.988557
2.738325
3.755645
2.465583
3.530415
3.067348
3.373459
2.718710
3.179007
2.460222
3.526026
3.651805
2.577378
2.669360
2.810018
3.100311
2.427062
2.668790
2.275258
3.674373
2.659272
3.566024
2.684551
4.227500
2.463516
2.825360
2.794393
2.583243
2.232094
3.154136
2.981952
3.135968
2.959176
3.332097
2.393756
3.524869
3.151802
2.829036
2.383869
2.838263
2.996175
3.350538
3.074246
2.625145
2.103803
2.549707
2.724940
3.041908
3.327152
3.034443
2.613873
2.700024
4.415616
2.552677
2.583482
2.320206
3.716030
3.607545
2.595713
3.706626
2.548923
3.380448
2.169339
3.323180
2.195037
3.507811
2.392159
3.072322
2.472725
2.577318
2.513846
2.051067
2.661918
4.193527
2.292470
4.113258
2.664110
3.039886
3.710444
3.257674
2.785725
3.407897
3.194789
2.469738
