2.814655
3.038618
2.958404
2.997760
2.430107
4.951595
2.846173
4.749517
4.804196
2.084552
3.805281
2.484712
2.706254
2.900119
2.829809
2.922493
2.779529
2.492845
2.830544
3.040468
1.657975
2.886350
2.055597
2.737066
4.595497
2.458625
2.422195
2.477956
2.188292
1.847903
2.318449
2.478821
2.986568
3.384087
2.042413
2.335372
1.566183
2.026209
2.587051
3.377933
2.877298
2.017688
1.919703
2.378717
2.641640
2.281451
1.934604
3.181720
2.212459
2.439291
2.507779
1.876822
2.078016
1.930418
2.885288
2.406813
2.633811
3.184125
3.406560
2.671238
1.860060
2.197934
2.088872
3.515391
1.555061
3.641308
1.665025
2.737904
2.690144
1.651299
1.549736
1.484226
2.585166
1.922606
2.818743
1.929110
1.841998
3.024828
1.907155
2.877878
1.943118
2.421010
2.534961
2.802987
2.455292
1.768417
1.980499
1.911388
2.938470
2.142377
2.398483
2.278447
4.046574
1.976844
2.670709
2.661398
2.645476
3.712391
2.197459
1.813659
2.065962
2.490138
1.769274
2.958810
2.341852
2.446445
3.182984
1.926732
2.707221
1.941720
1.621032
2.705917
2.252228
2.988893
2.703454
2.482422
2.191801
1.766525
1.821848
1.710637
2.642139
2.780022
2.082556
2.697699
2.775213
2.240293
1.857652
1.882554
1.865902
2.708342
2.160798
2.235876
1.894010
1.953645
1.774027
2.209265
2.608809
1.631901
2.782995
1.561873
2.576136
1.624642
1.686490
2.398166
1.963682
2.763057
3.007059
3.071159
1.862882
2.744978
2.521722
2.357368
1.838013
1.903551
2.118367
2.762550
3.421402
2.675264
4.222622
1.721476
3.140196
2.472880
1.461162
1.795881
2.076224
1.594232
2.136719
1.327050
1.990536
2.032948
2.332592
1.654531
2.633640
2.163497
1.792435
2.309066
1.915698
2.684198
2.453312
1.932137
1.838343
2.127907
2.398818
2.321763
1.698877
4.014238
1.879448
2.275696
2.857971
2.348556
2.531895
1.993953
1.672470
2.104401
2.451976
2.039512
2.131307
2.503753
1.487712
1.536527
1.581990
2.381292
2.505575
2.647017
2.387635
2.326340
1.434542
2.859793
2.045287
2.013392
2.373700
1.777013
1.951171
1.726553
2.430147
1.774529
2.182410
2.846821
2.681559
2.051128
1.745246
1.824606
1.827006
2.327109
2.113048
2.132439
2.793435
1.876111
1.852611
2.502567
1.742502
2.739671
2.260417
1.562812
1.597683
1.889980
1.599471
1.578763
1.979800
2.110813
2.284024
1.775366
2.169485
2.362425
2.796184
2.146580
2.406962
1.702569
1.716133
2.014184
1.260817
1.860874
2.313498
1.243442
1.394587
1.853958
1.482386
1.562462
3.246096
1.880347
2.387017
1.937161
1.700763
2.292233
1.787128
1.932462
2.757466
1.858268
1.676343
2.546941
1.699718
1.700113
2.258249
2.068617
2.541150
2.812228
3.304680
2.460615
1.429600
2.083158
2.305017
2.057680
1.776161
2.205423
2.534537
1.491055
1.711265
1.721467
1.657667
1.750221
1.250743
1.798999
1.225045
2.418153
1.589163
1.369307
1.773112
2.080313
2.086483
1.579087
2.280586
1.370798
1.990281
1.471342
1.378832
2.315786
1.681568
2.389164
1.482877
1.508602
1.648325
2.297238
2.699077
1.775861
2.489707
2.002464
1.679619
1.504490
1.876346
1.730787
1.960977
