5.544271
4.546610
4.221391
3.668650
6.784484
2.827804
6.126196
3.783780
3.562594
3.357908
8.440032
4.697527
3.705075
3.382387
3.545541
5.059327
4.243647
3.589994
4.647758
3.506729
5.368689
2.589997
3.887126
4.851001
3.277731
4.269338
2.778102
3.153595
5.552431
4.888822
3.801042
3.114401
3.583094
3.630830
7.893241
3.541132
3.457018
3.654547
3.516277
3.232271
4.664743
3.869180
6.912879
3.316749
3.240226
3.093620
2.876096
3.221417
8.475350
7.043764
6.999997
2.274406
4.001694
3.891410
2.240397
4.258583
5.731858
3.444790
4.690804
4.032254
3.922797
3.292322
3.054223
2.882526
2.596559
4.771965
7.421599
2.990034
5.759681
3.785292
3.145445
3.304358
2.331327
5.339543
3.182078
5.851499
3.545190
3.174701
3.266021
2.715738
5.591520
2.664933
5.787050
4.105132
5.347546
4.515155
3.161262
4.951048
2.534805
4.421390
2.224097
3.167233
4.474137
3.760140
3.443663
3.502689
2.018411
4.277190
2.985047
2.748562
8.317416
2.643972
