2.214376
2.331292
1.256563
1.584396
2.151105
2.075809
2.244253
2.635963
1.154809
1.128471
2.252224
1.854084
1.403029
2.009649
1.946397
3.044534
2.017493
1.472093
2.792733
1.806366
1.770510
1.290857
1.935521
2.852247
1.542679
1.650771
2.616029
1.413431
2.602197
1.514989
1.689139
1.868552
1.327549
2.048817
1.901132
1.238210
1.904763
2.524528
1.601428
1.710150
2.310963
2.909518
1.895924
1.489789
1.717337
1.512211
1.208635
1.569433
1.549840
1.470717
1.721942
1.507122
1.480105
1.494304
1.235101
1.274422
1.320577
2.150334
2.711669
1.509177
1.797661
1.786051
3.691635
1.955761
2.049523
2.026561
1.963408
2.665807
2.432409
1.314343
1.693796
3.186922
1.499729
1.567114
1.485369
2.368793
1.799170
2.059581
1.295587
1.312340
2.056198
2.321913
2.089442
1.629459
1.177012
1.751299
1.405824
1.967916
1.622566
2.136778
2.966491
1.691393
1.590485
1.558758
1.691288
1.246178
2.424823
1.106631
1.413838
1.560955
1.384371
2.043677
1.075380
2.308815
2.011262
1.351862
1.795116
1.613114
1.303637
2.194263
1.657226
1.842902
1.879626
2.519541
1.987356
2.328233
2.019126
1.596369
1.516004
1.113657
2.555411
1.118008
1.484059
3.034899
1.341652
1.104118
1.314887
1.709878
1.412413
3.241696
1.389093
1.781449
1.859070
1.753106
2.563736
1.284795
1.715912
1.145650
2.129417
1.365075
2.496981
1.516218
