1.665118
1.489188
2.402928
2.027550
3.154946
1.838356
1.461760
1.534024
1.603662
2.163222
6.035049
3.275659
1.461457
2.800159
1.268615
1.886756
1.322105
3.074027
2.259560
2.743147
1.621852
1.982486
1.098062
2.663751
3.760839
1.388170
2.139233
2.696865
1.798159
3.015915
2.251209
2.586166
2.311265
1.243914
1.094406
2.586277
2.111734
1.730777
1.056932
1.678077
1.561709
1.151138
4.312659
1.716702
3.311389
1.490990
3.637810
1.993943
1.943080
2.823605
1.296085
1.308880
4.459682
2.195163
1.690113
1.671723
1.210397
2.908049
1.616931
2.742370
2.224209
2.292097
1.621707
2.850279
1.710361
2.963597
1.455384
1.276138
3.796538
1.643499
1.785573
1.143655
3.199255
2.586628
3.428727
3.131474
2.603664
3.211767
1.970137
1.422295
1.450440
1.190183
1.802181
2.840792
1.507639
2.055670
1.687501
1.933364
2.250962
2.727836
1.624797
2.128798
2.123158
2.672002
1.055397
1.433668
2.161676
1.206704
1.929893
1.668338
3.779016
3.621490
1.578143
1.638766
2.236348
0.964937
1.419664
1.200157
2.648747
2.378156
2.018252
1.601005
1.947405
3.313391
2.469826
1.947311
2.035850
4.449307
4.842484
1.776380
3.278925
3.618258
2.408773
1.261574
1.208261
1.253737
1.235202
1.217946
1.689443
1.074399
2.681861
1.736994
2.696273
1.763131
2.024512
1.831353
1.628999
2.219461
1.925019
1.730025
2.155047
2.135625
1.833988
2.570473
1.565032
2.504364
2.169020
0.978894
1.538609
1.637880
2.221546
2.877866
1.626356
3.398491
2.244868
1.416477
2.064880
1.064522
2.820184
1.981640
1.676410
1.866164
1.602768
2.208710
1.666535
1.847011
