1.916291
2.376197
1.506442
1.451101
1.972280
1.428176
1.329896
1.747959
1.799188
1.312675
1.295538
1.365241
1.564092
1.398031
1.715433
1.499192
1.784035
1.418638
1.954218
2.024421
1.624423
3.107157
1.481923
1.989445
1.947465
1.674160
1.570092
1.030647
1.349829
1.775947
1.695395
2.045171
1.292461
1.458768
1.043373
1.355444
1.444100
1.634579
1.351983
1.396428
1.464557
1.339767
1.251275
1.117737
1.861443
2.206117
1.430977
1.778697
1.797044
1.716018
1.411156
1.660053
1.475990
1.442926
1.336884
2.174117
1.413410
2.416874
1.110228
1.772484
1.383132
2.522522
1.944865
1.686965
1.458563
2.417940
1.774812
1.122408
1.682144
2.273491
1.677446
1.857084
1.500643
1.280338
2.285393
1.289886
1.408671
1.877767
2.277427
2.268528
1.926405
2.075824
1.867779
1.559394
2.354070
1.629660
1.421273
1.509789
1.440981
1.932822
2.508310
2.207968
1.552681
2.186517
3.009721
1.736864
1.315798
1.341224
1.111792
1.711258
1.159356
1.097510
1.031070
1.868875
1.328833
1.774629
1.049373
1.490961
1.559754
1.320505
1.196746
1.686815
2.752032
1.902249
0.994705
3.780252
1.172317
2.040879
2.021072
1.993178
2.673232
1.509269
1.431679
1.992280
1.728297
1.453073
1.710523
1.745742
2.113289
1.184827
1.506877
1.043508
2.295191
1.150471
2.076576
1.588239
1.020195
1.221255
1.379292
2.499405
2.050431
1.956303
1.860852
1.697114
1.774917
1.501743
3.096453
1.217917
1.402446
2.086807
1.598854
2.319182
0.933554
1.955633
1.971443
1.995203
1.831051
1.418238
