0.972297
2.459433
1.413091
4.373885
1.169607
1.104166
1.563228
4.202664
1.399375
2.763797
1.389307
1.476056
2.763602
2.678396
1.267052
2.660316
1.821691
2.435720
2.243428
2.722992
1.977296
1.283270
2.534089
2.656708
0.998626
2.210545
1.453867
0.939446
1.441682
1.110305
1.173987
1.032181
1.757201
1.602239
1.638610
1.213950
1.479179
1.545016
3.504376
1.333363
1.496554
3.177995
1.459729
1.521053
0.924665
1.480954
1.554258
1.551373
1.289369
1.721833
3.070115
1.875939
1.259564
1.921633
1.398980
1.514466
1.307234
1.781313
2.016939
3.457021
1.267684
1.984277
2.322283
1.769682
1.707663
0.940638
1.106793
4.219156
1.201637
1.746057
1.982942
1.583596
2.395688
1.315099
1.569569
1.586278
1.731297
1.297414
1.333856
2.212099
2.045900
0.980530
1.271919
2.809194
2.848952
1.746320
2.681942
1.872037
0.854449
2.812516
1.304891
1.296964
1.346747
1.040148
1.764833
0.922029
1.013946
1.259058
3.678986
1.632808
3.572814
2.638889
1.734743
1.600691
1.876478
2.002880
0.982622
0.938723
2.080580
2.467120
1.933045
1.035958
1.699435
1.074609
1.532470
1.167683
1.677121
3.194941
1.469643
0.950465
1.080964
1.322134
1.073200
1.865104
1.058903
2.758888
1.699045
1.437199
2.478725
2.113731
1.184405
1.437441
2.985327
1.757994
2.378854
2.173706
0.920147
3.271439
1.362789
1.973084
1.399929
2.283400
1.475304
0.894716
1.858892
2.702415
1.561737
1.082036
1.373503
2.869455
1.741574
1.256614
1.693433
3.359427
1.522387
1.381759
2.246700
1.378215
1.377831
1.533475
1.010006
1.521002
1.264444
1.470531
0.905628
1.930683
1.364492
1.514509
3.105500
1.060576
4.060510
1.766674
1.625684
1.484764
1.695543
1.586082
1.197932
1.682230
2.179810
1.377367
2.722460
1.048720
3.224133
1.188135
2.635694
1.533425
1.804106
1.992163
2.096860
1.291707
1.128131
1.461302
2.955970
1.690747
1.228445
