1.967504
1.060185
2.044662
1.458403
1.694496
1.055501
2.115430
3.442443
2.276768
2.276324
2.617183
1.730794
2.209739
1.794808
1.675230
1.570753
3.090587
1.772220
2.724838
3.184978
1.220555
2.609082
1.591408
1.776906
2.204192
2.083069
1.881104
2.706150
1.085902
1.946581
1.034204
1.582001
1.536295
2.909330
1.865524
2.777002
2.334479
1.495903
2.986587
2.079373
2.488172
1.310518
2.665684
2.140793
2.174791
1.792013
3.044330
2.465152
2.121943
2.063890
1.156857
2.448774
1.387736
0.973789
2.705614
1.374323
1.558580
1.649828
1.873433
1.587662
2.421171
3.180120
2.571186
1.512410
1.806470
1.511011
2.453199
2.125254
1.864166
2.173974
1.763892
2.497762
1.312797
1.442650
1.977369
1.757170
1.815081
1.857980
1.588782
1.781024
1.958097
1.308252
1.877342
1.270022
2.166142
1.494080
1.384568
1.095601
1.418012
2.280194
1.465670
1.939188
2.845047
2.581829
2.351338
2.287949
2.159501
1.520586
1.958975
2.593189
1.897775
2.034226
1.327603
1.691877
1.643282
1.399517
2.173565
1.306148
1.879576
3.450906
1.889027
1.484941
2.002479
2.368322
2.740717
1.449096
1.290914
1.786635
1.502118
1.770252
1.241080
1.413376
1.035344
