1.810370
1.605694
1.397385
1.070813
1.065987
1.005907
1.502661
1.498818
1.618098
2.406320
1.988031
1.519368
1.370118
2.336164
1.422328
1.815365
1.228113
1.635587
1.551779
1.543537
1.677159
1.618377
1.611040
1.183279
1.910324
2.719639
1.713866
1.497721
1.242466
2.088459
1.288840
1.198032
1.315146
1.441902
2.109576
1.211966
2.690199
1.888662
1.501922
1.508124
1.776445
1.082182
1.167826
1.157025
2.102500
1.181112
1.392188
1.788559
1.084136
1.013945
1.071543
1.571352
1.555566
0.970263
1.502971
1.203657
2.133495
1.587786
1.342070
1.362551
1.269562
2.164584
1.209810
1.759861
1.745632
1.567576
2.660249
1.092095
1.130585
1.490285
1.946488
1.922177
1.880289
1.469231
1.594887
1.345696
1.486365
1.039997
1.200730
2.410401
2.698557
3.165530
1.299657
1.894264
1.274996
2.312817
1.708970
1.494867
1.070616
2.100565
1.320112
2.108136
1.009794
1.674391
1.283723
1.318229
1.025177
1.183696
1.315562
1.276415
1.423486
1.535672
1.816582
1.495773
1.148056
2.676763
1.679364
2.063403
2.340228
1.628495
1.266417
1.508159
1.358580
2.021844
1.931548
1.428252
1.464978
1.885693
1.255309
1.326243
1.300555
1.699997
1.401838
2.011143
1.873888
1.860468
1.380058
1.955285
2.104424
1.293781
1.200677
1.886216
1.529419
1.502790
1.630442
1.669111
1.759173
