4.304113
2.945889
3.625562
2.654636
3.109680
4.029723
3.253682
2.949134
2.786904
3.481968
3.819271
3.606448
2.820626
3.088021
3.953418
3.528244
3.752071
3.224368
4.304505
3.911104
2.930618
3.332512
2.540323
2.727649
4.226638
2.772223
3.627236
3.063262
4.953607
3.698438
3.383863
2.945958
2.759245
2.938682
2.833126
2.615100
2.834701
2.946025
3.368747
2.829050
2.156791
2.699085
3.886390
3.605919
3.706416
3.010348
2.606060
3.563353
3.721527
4.069716
3.013951
3.076423
3.761065
2.805769
4.324166
3.483855
3.626956
3.361173
3.206008
3.005540
2.586950
2.629833
2.958444
3.103838
5.104370
3.226954
3.050536
3.649353
4.036578
2.554987
2.923157
2.993822
2.831322
3.307931
3.265084
2.671098
3.404613
3.495614
4.212658
2.528057
3.413884
3.838791
2.455596
2.010574
2.941298
2.945198
2.451139
2.291450
3.366580
3.051779
3.669721
3.109483
2.764547
3.239612
2.697392
2.981332
2.607553
2.748032
2.684065
3.022851
2.602808
3.161977
2.932581
4.028029
2.557496
2.280100
2.698148
2.924918
2.886444
3.799558
3.165951
2.774489
4.166831
2.215616
2.406258
2.665701
3.511863
2.098529
2.741105
4.138836
2.592222
2.706383
3.264492
2.432148
2.767214
1.983422
3.151993
3.138541
3.115011
2.286870
3.112189
2.539506
2.603345
2.767558
3.127489
2.295534
2.756479
2.496013
3.597266
2.651236
2.900628
2.418099
2.914356
2.052370
2.608602
4.161300
2.436749
2.425653
2.456796
