3.260009
3.896794
6.074549
4.043849
3.084153
5.100811
4.148343
3.750053
5.694134
4.896583
2.908732
3.559208
4.423311
4.021667
3.752864
3.787860
5.302169
5.289371
3.887060
4.076493
6.345667
4.401277
5.406718
4.956203
3.910664
4.682044
4.854669
4.674948
4.061558
2.915762
4.956349
3.905044
4.547206
3.854895
4.743366
3.715162
3.553224
3.580323
4.781680
3.528823
3.598899
3.879989
3.809572
3.934544
4.351930
4.403032
4.213398
4.440223
4.063921
4.017715
4.119234
4.847519
4.077131
4.513379
3.497895
3.143131
4.337003
3.660465
5.017329
4.550776
4.629608
4.069756
4.286292
4.907762
4.042081
3.470318
4.398495
4.962499
3.762676
3.074178
3.644978
4.084624
3.443817
4.160751
3.396346
5.959777
6.234229
3.859141
3.779455
4.182713
4.146217
3.761062
5.151408
4.913535
3.160951
3.677127
3.708015
3.625662
4.634114
3.760483
3.548149
3.243758
4.512162
3.886337
4.438132
3.093189
4.237737
3.419523
3.498682
3.162590
5.363454
4.513659
4.936620
3.951083
4.182126
2.882432
3.294564
4.184057
3.786015
3.838039
4.023029
3.169932
3.025837
3.923201
4.966774
5.233754
3.905963
3.651209
3.257385
4.033801
3.959608
4.198563
3.779610
4.729363
3.128536
3.150492
4.433350
3.614291
4.743056
4.842112
2.888564
3.510984
4.150845
2.698186
5.152976
3.212618
3.705631
3.057124
3.697378
3.178280
4.816670
2.721484
3.035267
3.216218
3.351777
4.917980
4.049048
4.309571
3.762037
3.559145
3.992783
4.695966
4.370014
3.699207
2.999129
4.022567
3.370063
2.640981
3.223431
3.138119
3.527184
3.894999
4.094223
2.525882
3.708766
3.902375
4.068558
3.982088
3.265213
3.405018
3.871134
3.658315
3.642632
3.899937
3.594171
3.240932
4.830270
4.338251
3.309206
3.577839
5.194008
3.224173
4.948799
3.377246
2.580490
3.667215
3.256627
3.371181
3.853200
2.590959
4.149487
4.003860
3.332100
4.675611
4.230536
3.825942
3.147517
3.272794
3.977683
4.292434
3.074617
5.640882
3.381001
3.528682
3.928787
2.872344
3.502652
3.924270
3.950784
2.450696
4.604117
4.207686
3.675978
3.201397
3.920217
2.556039
3.746235
3.624142
3.252918
3.754828
3.507568
3.581630
2.651098
3.003492
3.295036
3.869329
3.060583
4.744007
5.613568
5.708829
3.531242
3.256309
3.520054
2.551047
2.662538
3.446098
3.750826
3.455801
3.441446
3.361945
3.189203
