3.887169
3.410074
3.847705
4.701702
4.720315
4.806049
4.787114
4.741430
3.640335
3.516229
3.451054
2.938042
4.325345
4.626439
4.790793
5.677084
4.352681
3.472200
3.831672
5.849769
3.519608
4.420874
4.127450
3.847724
4.192675
4.086913
3.798530
6.090812
3.539594
4.079556
4.588819
3.787894
4.419028
3.535717
4.656728
3.744425
4.080227
4.695835
3.808683
3.596101
3.826278
3.923695
3.539939
4.780264
4.368295
4.221526
3.005558
4.336472
3.566104
3.247786
4.040799
2.922248
4.381686
3.957533
3.555382
2.817294
2.397120
3.282045
3.235233
3.768650
3.280851
2.278387
3.776796
3.509888
2.958811
3.415788
5.340432
3.663697
3.459748
4.372762
4.122646
3.485328
3.722418
2.908261
3.216895
4.033700
3.568502
4.651144
3.992781
3.463934
4.507489
3.001495
3.370613
4.260754
3.180594
5.233983
4.925745
3.853811
4.078967
3.453929
3.115955
3.695526
4.456941
3.810110
5.800730
2.997473
3.397703
3.823509
2.826089
3.227674
4.207772
2.521601
3.069387
4.078587
3.225449
3.246389
5.738803
3.280604
4.815675
3.670262
2.840660
2.925637
4.300073
3.419427
2.801975
3.472552
3.483812
2.492979
4.681355
2.644014
4.779740
2.928081
4.208399
3.819937
3.457967
3.800707
4.364890
5.188607
2.290375
4.047228
4.387794
4.195349
3.861601
4.510317
2.402779
3.261366
3.236078
4.532925
3.271590
3.370330
3.055913
2.914235
3.308379
3.456347
3.804717
2.580085
5.577744
3.063179
5.694552
2.919640
3.017830
3.350387
3.305607
2.542045
3.862164
2.189790
3.082112
3.436614
3.690957
3.877542
2.357500
3.131048
3.286429
2.881587
4.564046
3.211732
3.853510
3.905621
3.819510
5.340938
3.266298
3.823260
4.034257
3.210962
3.201700
2.961778
4.018570
4.626088
2.543447
3.343568
2.464667
3.438255
3.078723
3.419681
3.909252
3.138864
2.930097
3.028648
3.115026
3.968002
3.355712
2.338312
2.787521
3.904693
2.585177
2.356576
3.463968
3.097979
3.041900
3.660477
3.283785
3.434385
2.997679
5.905272
2.890709
2.711561
2.483940
2.675220
3.993576
4.014176
2.816643
3.115420
5.805216
2.793529
3.899124
3.298990
5.048901
2.873186
4.301560
4.224834
2.565621
3.547919
2.955868
3.033578
2.659723
2.954108
3.321204
3.506891
2.245339
3.295262
2.771173
3.231855
3.210337
2.249867
2.438420
3.272083
2.740506
3.008416
2.893033
2.921464
3.080549
2.119841
2.335789
3.251084
3.511297
3.074699
2.869423
3.533157
3.171593
2.953970
2.581425
3.169387
3.693929
2.498167
3.178989
3.331279
3.451072
2.597951
3.727714
4.063739
3.988339
2.956000
3.288957
2.882981
2.369480
2.570218
2.594001
4.030760
3.436961
3.400382
3.057313
3.371902
2.584705
2.183838
2.972520
5.084813
2.463229
3.109842
2.517702
2.411935
3.025415
4.655005
3.101338
3.366874
2.973299
2.695725
4.726213
2.651107
4.366536
2.965045
4.252840
3.853880
2.756309
2.843193
3.744577
2.800499
2.851405
3.556443
3.234334
2.542457
2.083800
2.370331
2.943561
4.080346
2.424640
3.956810
2.627527
2.700177
2.723400
2.334326
3.368060
2.413414
3.308666
3.139753
3.623471
2.569651
2.950009
3.120788
4.300654
2.746615
3.323232
4.265830
3.380225
2.433975
2.602084
2.939208
3.299382
3.494995
3.910413
3.234718
3.862420
2.361092
2.526533
3.597650
3.946113
2.659029
2.588781
3.225400
3.308950
3.736902
2.610436
2.738035
2.469428
3.656380
4.241076
2.780799
2.548591
2.448891
2.442828
2.853216
3.422330
4.093302
3.652935
3.335664
2.550104
1.920076
3.367913
2.833730
2.564799
2.529624
3.472031
2.047655
3.629693
2.867262
2.846598
