2.100770
2.751701
4.149921
2.229916
1.828681
3.260265
2.667150
2.576564
1.741088
2.045500
2.495496
3.134806
4.145999
3.271410
2.456756
3.305624
2.274509
1.992375
2.310366
2.455271
2.648741
2.043034
2.546573
2.215754
2.868596
2.703683
2.464602
2.414180
2.275785
2.009736
1.977232
2.539797
2.665287
2.487639
3.063228
2.653402
2.958873
2.336993
3.331545
4.065888
2.016250
2.094911
3.663915
2.387691
2.303354
2.250385
2.818077
2.821545
2.142404
1.940812
3.627019
3.436141
3.183777
2.399045
2.323763
1.913016
2.603375
2.135350
1.864866
2.787551
4.132394
4.151963
3.004442
2.945509
2.427676
4.728417
2.757857
2.014575
2.074621
1.956319
3.117176
2.324357
2.470156
2.935055
2.862665
2.366387
2.800717
1.562789
3.630359
2.106293
2.296728
2.186220
1.879861
3.514168
3.994377
2.342003
2.930538
3.613671
3.302732
2.389751
1.897569
1.804608
1.695362
2.482593
3.467560
3.263984
3.359622
3.908773
2.608437
2.484390
3.231888
2.215885
2.298519
4.097122
2.162678
2.273926
2.282907
2.212596
2.640209
2.315487
2.904489
3.482586
3.049653
2.921166
2.341455
2.382800
2.411858
3.237865
3.456708
1.982817
2.016782
2.978746
2.143911
3.444660
2.041754
2.576751
2.923460
1.608053
1.978620
2.293652
2.681668
1.980333
3.539137
1.428252
2.502620
3.400929
2.622126
1.791218
3.435714
2.364691
2.775999
2.012541
2.990372
1.788927
3.353077
2.064298
3.469021
3.547082
2.940438
2.658816
1.765628
3.114758
2.340202
2.800969
2.480528
3.189855
2.359565
2.869470
2.630852
2.961767
2.527704
3.810900
2.451075
1.717061
2.304463
1.835624
3.547010
2.023225
3.125252
1.556386
3.364019
1.930719
2.324142
4.199976
2.368622
2.312126
3.429977
2.707713
3.043559
3.078976
2.087093
2.316407
2.371936
1.978109
4.090796
1.865768
3.156586
2.040726
2.921620
2.365263
1.875749
3.044345
2.808608
1.283922
1.831272
3.424201
3.225638
1.673394
3.275793
2.123355
2.078499
3.372245
1.660118
2.322405
2.361545
1.857521
2.343837
2.650236
3.135545
3.319870
2.616040
4.230285
2.582803
1.882633
3.392182
2.807028
5.336074
1.736400
3.024847
2.256606
2.930871
2.390739
1.764386
3.485460
1.708660
2.013042
2.749640
2.180782
1.828418
2.906704
2.463803
1.674619
2.343092
3.295811
2.038190
1.791676
3.270788
2.416688
1.867494
2.690265
2.686238
2.826035
3.172364
3.739888
2.006931
1.576899
2.352137
2.082747
2.735547
1.992219
