2.855924
2.433671
3.725499
3.682742
2.353195
4.035666
3.508496
2.554726
2.540074
2.922256
3.064629
2.596074
3.011463
2.574312
3.813046
2.403770
2.467095
3.397621
2.945178
4.690920
2.484916
4.027146
2.027657
2.475499
2.396595
4.330328
2.585650
2.062551
2.209305
2.214651
3.341415
2.993826
2.253740
1.712980
2.159650
3.044277
2.871455
2.903660
2.426677
3.306910
3.923882
2.670135
2.741588
3.217767
2.251725
2.224431
3.250782
4.691903
2.476576
4.631393
2.425429
3.761384
2.153547
2.144109
2.685388
2.736121
2.323396
2.152097
2.748854
2.906439
2.653337
2.192331
2.468468
3.761179
3.148702
3.267758
3.052655
4.588525
2.996495
2.507076
2.799775
2.252766
2.640472
2.367622
3.487586
3.137534
2.940537
2.680301
3.794509
2.292164
2.184984
2.187424
3.427660
2.926028
3.015189
2.696883
2.668310
2.686784
2.762808
3.031880
2.089946
1.911302
2.250905
2.973354
2.304181
2.367669
2.767931
2.181800
2.528619
1.940460
3.089458
2.511062
2.234719
3.179509
2.083772
2.505814
2.090869
3.913875
3.241617
2.656919
1.598403
2.537817
1.819163
2.553180
2.187612
2.311894
1.775969
2.321281
1.726457
2.046769
2.081527
3.193550
2.693860
3.285126
2.810151
3.212187
2.234278
3.715052
2.847316
1.758905
2.475413
1.977604
2.389888
2.052405
2.018024
3.204244
2.917773
2.616057
3.204012
2.160677
1.823023
3.672725
3.305404
2.050008
2.578418
2.811907
2.410026
2.369089
3.547874
3.126402
2.435133
2.008311
1.880412
2.896410
4.223384
2.490217
2.107888
1.629001
3.046011
2.434334
2.027391
2.761996
2.954616
2.277747
3.098915
2.219401
3.020587
2.427683
2.366240
2.141155
4.909976
2.387223
1.669842
3.217741
3.070163
1.655374
2.171126
1.884323
1.975827
2.496299
3.060663
2.969245
2.503185
2.206122
2.217856
3.187393
2.097128
3.322199
3.318871
2.528034
2.063457
2.969303
2.016437
1.987530
2.827165
2.467802
2.524089
1.929283
2.687020
3.557890
2.410174
1.963660
3.616332
2.112064
3.235402
2.452948
1.956831
3.393489
2.630240
1.944683
1.906951
3.641155
2.447262
1.955360
3.023919
2.879951
3.035168
2.517417
2.405126
1.841237
1.562228
3.247804
2.541921
2.070911
2.521071
4.114605
2.945077
2.439677
2.273323
2.216574
2.395836
3.068362
1.617602
3.011078
2.101367
3.131585
4.037617
2.011580
2.783367
2.281955
2.139357
2.329716
1.939724
2.039606
1.821257
4.181506
1.768221
3.213943
2.807379
2.721983
2.304347
2.357902
2.125037
2.368266
3.099977
2.269110
2.763059
1.862795
2.770711
3.450339
2.436881
2.376358
2.021462
2.430271
2.241096
2.583626
2.002904
2.633957
2.039927
1.917850
2.864566
2.066132
1.496299
2.390603
2.341558
3.182231
3.672104
3.252718
2.293832
2.526874
1.827411
2.751219
1.978458
2.783433
2.043975
2.394439
2.510708
1.937420
2.160583
2.204368
2.155858
2.217234
2.970249
2.565933
2.964318
2.268199
1.747677
2.930042
3.413837
1.718102
2.287621
2.766888
2.200969
3.239415
3.128153
1.618859
2.266557
1.521260
2.091512
3.967972
3.079547
2.944962
1.618003
2.224415
2.556453
3.125704
1.806957
2.200341
2.763932
2.054040
2.487103
4.044109
2.445696
2.049500
2.584093
2.072112
2.249930
3.690750
2.432501
3.047384
1.741100
3.071569
4.137105
3.195695
1.915023
2.928867
2.433281
1.928277
2.145589
2.440064
2.240977
3.103231
2.785827
2.977372
2.569301
2.355967
2.716902
1.564326
2.850830
2.524096
2.308096
3.001180
1.864777
2.162019
2.061066
2.179630
1.851683
1.639705
4.053651
2.462723
2.955006
1.993694
3.012797
1.896526
2.402889
1.942102
2.195616
2.496378
2.645742
3.349432
2.272996
3.985207
3.922798
2.207973
2.104807
3.090946
2.410268
2.535136
2.210935
2.278999
2.016171
2.093627
2.590554
4.798811
2.386717
2.566496
2.302473
2.110386
4.322760
1.395848
1.679858
2.782808
2.285744
1.500955
2.835501
2.876831
2.082484
1.718775
1.749593
2.067987
2.439928
2.006916
3.140898
1.762954
2.509285
2.147574
1.751372
2.105135
2.155982
2.113023
1.733890
1.908133
2.326294
2.995883
2.064619
3.081447
2.239128
3.808732
2.583446
1.720959
1.843013
2.864652
2.105475
2.006527
2.035900
1.619442
2.092744
1.911863
2.695029
1.992705
2.311235
2.202125
2.311279
3.043308
