4.774580
4.687837
5.261071
5.180593
3.227878
3.261077
3.650055
3.564719
2.550692
4.928423
3.282907
3.515138
4.279602
2.823731
4.222674
5.130059
3.903165
3.940226
4.553380
3.407743
3.133117
2.943805
4.254777
3.995336
3.189552
3.413238
3.902959
4.935341
3.123759
3.981039
2.419021
3.496717
5.874796
5.108497
4.038208
4.145405
5.373371
4.212237
3.568193
4.861345
3.269836
2.727035
2.796440
2.990359
3.600120
3.515923
3.545232
3.757641
5.762043
2.961866
2.805736
2.702708
3.325774
3.346898
4.826065
3.509765
3.129025
4.355906
4.378374
3.491982
3.022423
2.769792
2.687546
3.762595
3.208614
3.275393
2.993957
2.598256
3.947783
2.942259
3.339604
2.955601
3.863969
4.173255
3.994911
2.704895
4.325486
4.269830
3.179056
2.822029
2.424690
3.312486
2.833912
3.153445
2.757050
3.279054
2.395959
2.387374
3.158950
3.603604
3.665144
2.939234
3.167756
4.072829
3.634269
3.034030
2.473655
3.671566
3.975604
4.930468
3.041632
5.938758
2.941754
4.401894
4.708702
2.588377
3.427811
4.432788
2.250870
2.882894
3.534771
3.885021
2.379366
4.492318
4.181140
4.224952
3.159642
4.042861
4.550179
4.161629
3.212841
2.982388
3.311185
5.246100
3.615809
2.810242
3.076458
3.123313
2.946468
3.446094
3.069853
4.892941
4.284586
2.564137
2.830143
3.400181
3.094711
2.301665
2.561749
3.859151
3.075344
2.916422
4.412454
3.430072
3.210702
4.022532
5.426195
4.804246
2.949355
3.355287
3.582194
3.314543
2.432903
3.229486
3.001608
4.488171
2.757976
3.682903
2.119524
2.188348
2.770180
2.675125
2.764025
2.974597
3.402495
3.255653
2.902563
3.661602
4.859308
3.361133
2.971779
2.976279
2.058825
3.476699
3.718346
3.120631
2.765248
3.695462
4.921579
2.482005
3.588921
2.861788
2.510978
3.886822
2.340737
2.756392
3.690729
3.279053
2.867610
3.286046
3.000935
2.657585
3.829444
3.376462
3.076201
3.191800
3.581052
3.209601
3.341690
4.165281
3.474869
3.248156
5.586191
3.861888
2.710923
3.399954
2.833337
2.733285
3.710351
5.681149
2.769443
2.832648
3.811435
3.876882
3.115831
2.977983
3.210623
3.418545
2.953317
2.492205
2.917913
4.135890
3.253425
2.636677
3.138659
3.713650
2.783582
2.306713
2.541577
4.528172
4.087541
2.810549
3.537822
2.231943
3.560697
3.058225
3.135765
3.310664
4.475311
4.344247
3.693954
2.254786
3.113920
3.338965
2.790115
2.596734
4.358844
4.157483
2.942207
2.512346
3.128590
2.389762
3.299833
2.241658
3.671602
2.379314
4.177369
2.888298
2.834237
3.327396
2.633631
3.170137
2.968373
3.389685
5.709474
2.757369
2.844356
3.013146
3.341724
3.062142
3.106062
2.304055
3.058975
2.448883
2.656898
3.311744
3.491359
2.922313
3.650997
4.447180
2.774585
4.193111
2.248413
3.363049
4.556920
2.552505
2.445795
4.115051
3.405829
2.150556
3.134191
2.735060
2.594108
5.491586
3.698470
4.399026
2.636425
3.732136
3.155880
2.648665
5.056413
3.388784
2.512969
2.810647
2.381043
3.264771
2.069181
3.727748
2.980076
2.977732
2.394663
3.705785
3.329921
2.484616
2.108912
2.544535
2.939808
3.693981
2.848651
3.941477
2.527897
3.646560
4.192000
1.988838
2.932232
3.451279
2.267312
3.273680
2.643949
3.971231
2.198369
4.699569
2.912171
1.824181
2.799906
3.751853
2.682627
3.497791
2.885505
3.518141
2.973670
2.501982
2.183426
2.595572
4.132751
3.840800
2.549351
2.657375
2.797404
2.704608
2.327395
4.747619
2.836117
2.116077
3.879651
2.751923
2.992059
3.656575
2.221302
2.354328
2.919328
2.788891
1.832373
4.829506
3.122142
2.359378
3.222788
2.526882
2.241538
1.919861
3.009456
2.342142
