2.770366
3.767210
3.410903
3.221525
2.087209
3.678974
3.373423
3.188692
2.780518
4.532167
2.937280
2.879540
3.761463
2.661401
2.570505
2.353837
4.288300
3.376320
2.856470
3.784461
3.398578
2.976142
2.323342
2.383467
2.746649
2.723550
3.619731
2.840192
3.282923
3.461266
3.288382
3.752244
3.705848
3.829521
2.253437
2.730842
3.860009
3.287151
2.788555
3.661591
3.543273
1.940856
3.150930
3.004428
2.207486
3.804691
2.931783
3.279683
3.639537
3.938062
3.930672
3.020786
3.019656
2.979954
3.710040
2.918253
2.740290
2.579159
2.852599
2.165811
2.633724
2.772861
3.102463
4.061643
2.047898
2.172375
2.404788
2.168522
3.149059
3.671333
2.640433
3.118185
2.637143
3.071677
3.565273
2.468989
2.737092
3.110478
1.916473
3.885311
3.404832
3.078863
2.955901
2.808775
3.202345
3.497035
2.729527
2.167997
3.306608
3.102741
2.191787
3.364461
2.914688
3.221290
2.295193
2.960120
2.323874
3.520133
3.448283
3.182068
3.067240
2.740093
2.927773
3.231333
2.135420
2.858102
3.501354
3.227453
2.019661
2.643021
2.124260
3.312502
2.218072
2.641864
3.367865
3.440238
2.181154
2.953476
3.202480
4.245450
3.704443
3.705376
3.525150
4.325456
2.400225
2.521162
2.879215
