3.478684
2.635089
3.122817
2.586805
3.017726
4.199605
2.751702
2.717588
3.245792
2.346396
3.676094
3.748158
2.537888
3.125351
3.891441
2.500382
3.972142
2.654164
3.756601
3.626571
3.629229
3.063779
3.141913
4.200747
4.024331
3.295035
2.915360
3.171682
3.127732
3.198105
3.560923
3.060876
4.317286
3.821723
2.811109
2.746261
2.958119
3.612027
2.549997
3.246007
3.126311
2.936962
2.500851
2.739903
4.306508
3.683612
3.837489
3.618340
3.534889
2.954809
3.048510
2.531195
2.309905
2.640524
3.031816
4.590598
2.755698
2.978356
3.925731
3.856491
3.205050
2.506477
3.422543
4.635512
3.825463
2.786099
3.956462
3.108251
3.278991
2.475105
2.635382
2.533453
3.304300
3.234448
3.463020
2.551645
2.193222
3.291872
2.461513
2.627020
2.662778
4.035775
2.736233
3.302938
2.990891
2.836915
3.022829
2.697397
2.964095
3.495477
2.770691
3.436734
2.514609
3.965161
3.161222
2.290263
2.490131
1.964394
4.004436
2.809726
2.303074
3.094303
3.621988
3.064585
2.739302
3.093078
3.068115
2.646516
3.279751
2.522079
2.958273
2.856344
2.827219
2.693732
2.256685
2.620787
3.279208
2.231480
2.839741
2.657359
3.196598
2.386752
2.689457
2.528404
2.903783
2.531953
2.483342
3.287779
2.429798
3.060331
2.133749
3.239551
2.035141
3.196745
2.708287
3.638031
2.517707
2.254036
2.780108
2.955733
2.615742
2.866970
