1.842900
1.745157
2.022175
1.913526
1.664891
1.632991
1.665377
2.705189
2.537405
1.655892
2.043321
1.767739
1.662416
1.563669
1.269733
1.841446
1.609025
1.340014
1.715195
1.434009
2.070466
1.627666
1.566227
1.869772
1.884165
1.954067
1.569760
1.953103
1.988331
2.229090
1.724523
1.447262
2.346989
1.840231
1.451370
1.698310
1.528590
1.738803
1.802831
1.952392
1.433175
1.645920
1.483340
1.510912
1.925297
2.255859
1.629299
1.316612
2.720204
1.674327
1.483989
1.879257
1.740960
1.117652
1.597535
1.919655
1.649235
1.717871
2.072681
1.637155
1.797547
1.394892
1.866082
1.327170
1.426825
2.060045
1.809869
1.568330
1.877906
2.493672
1.539872
2.031037
1.151280
2.753641
2.751546
1.542932
1.395230
1.220529
2.976474
1.706364
1.520261
1.495581
1.441545
2.187936
1.695798
1.310513
1.610263
1.214825
2.608967
1.400706
2.298473
1.854422
2.108960
1.514604
2.176790
1.562838
1.530741
1.560379
1.527791
1.711873
1.337468
1.700338
1.431907
1.659142
1.878483
2.064438
1.464126
1.932451
1.805147
1.637016
1.844980
1.616505
2.094002
1.921991
1.957034
2.336449
1.573648
2.198089
1.730160
2.124070
1.674918
2.002449
2.260591
1.291099
2.127074
1.412156
2.147801
2.019519
1.589283
1.542284
2.222261
1.944971
1.565784
1.541573
2.473055
1.817645
1.907680
1.493395
1.240221
1.757871
1.754552
1.779213
1.964699
2.237369
1.676681
1.817036
1.324064
1.641919
1.779906
2.279408
1.680819
1.613538
1.741511
1.373179
1.509673
1.577827
1.529423
1.973683
1.572643
1.558069
1.551281
1.676632
1.968691
1.448778
1.499409
1.608133
1.457457
2.166385
1.954409
1.927137
1.413587
1.344600
