5.224368
9.754681
6.504475
8.869387
9.293937
11.832676
7.692138
6.145034
9.216981
4.005308
4.562581
6.783829
5.655034
3.561668
5.476810
8.079691
6.896350
10.935946
7.980419
6.948696
9.606874
4.676473
6.468283
4.662189
12.914446
9.521027
5.604517
5.145029
4.018029
4.443330
9.203015
6.438130
5.005640
7.195048
5.915591
11.320043
5.465250
8.208390
9.339205
6.899708
12.408623
11.006441
4.108997
6.442654
7.011822
4.046475
9.263524
8.913133
9.321352
7.295033
4.069516
5.667818
7.711521
4.633994
7.271955
4.814662
3.782159
3.667645
5.790543
5.358906
7.069068
10.084899
5.306468
5.197053
10.655002
3.511319
5.103254
8.291822
6.887165
11.428281
4.826323
4.733768
6.328936
7.484640
8.145954
8.595724
9.747381
4.730796
8.246204
5.785491
6.129646
5.856425
5.223957
4.792196
6.928321
4.359807
4.119952
3.827525
4.826630
3.705643
3.324518
5.124184
8.271420
3.917899
4.187799
5.122153
4.324434
7.171169
4.178914
4.657274
4.402474
4.513071
5.140426
11.586366
4.970243
5.681762
4.523857
4.845253
6.351359
3.895572
3.330756
7.549464
4.568963
3.432006
5.794382
6.406487
3.887941
7.537501
5.824233
5.630631
3.573614
5.831470
9.361984
5.752952
5.874107
9.982691
4.400957
5.591907
3.936059
5.152491
6.536246
5.589515
3.905657
8.004490
6.587132
3.894897
5.827570
4.959805
3.596995
3.507215
6.416013
4.557441
4.538015
6.210886
5.988136
5.192755
4.296028
4.646214
7.777050
4.863072
3.774053
3.925348
5.087737
4.241724
4.781176
6.703918
4.465453
3.657218
5.864026
4.211810
6.354640
3.874078
7.478389
9.749763
6.984984
4.574221
3.692012
6.211085
4.742380
5.270298
5.075304
6.615561
4.629069
4.389677
5.394538
5.837840
4.683818
7.227431
4.804339
7.376117
5.908694
3.674314
4.015380
3.857013
5.606149
6.247914
4.103051
3.188545
4.310195
7.848116
5.943708
4.073893
6.563136
6.530400
5.026607
4.510957
10.773085
4.576600
5.025105
4.449961
6.180072
7.329131
3.474241
3.459303
5.060576
5.299251
3.418203
4.766280
3.542141
3.668487
4.800182
4.232037
