2.334594
3.420162
3.177910
3.713395
3.372565
2.563542
2.933419
3.403992
3.616690
2.318980
2.948524
2.358474
2.837317
3.198052
3.213862
3.098212
2.973303
2.264393
3.495772
4.594778
2.764986
2.835288
3.584816
2.983995
4.275235
2.835949
3.261522
2.969981
2.313796
3.259725
2.607661
3.277627
3.426073
2.635612
2.669456
3.359440
2.288025
3.357790
3.162383
3.270194
3.749632
2.879230
2.662211
2.790085
3.581927
2.562368
2.385750
4.330698
4.032351
2.729095
2.816197
3.281613
2.406481
3.488069
2.310962
2.421543
4.207063
2.405051
2.892647
3.627438
1.612785
3.380062
3.189785
2.010162
2.309808
2.900152
2.673945
2.165252
2.652864
2.168981
2.153872
2.636898
2.147864
3.757370
2.502911
3.152687
3.317515
2.559550
4.224357
2.540663
2.895982
3.224457
2.714296
3.425449
2.745965
2.340263
2.902486
2.427799
3.248830
2.604278
3.393181
2.403950
2.875197
3.497320
2.120054
3.217844
2.559462
2.297964
2.782560
2.883257
3.299497
2.857017
2.200831
1.841593
3.409417
3.623621
2.631608
2.430034
2.533064
2.606391
2.532748
2.361699
2.621276
2.492762
2.262546
2.329948
2.663732
2.763929
3.657546
3.591782
2.591760
2.140648
2.703715
3.531833
2.187004
2.886119
2.386474
3.054912
3.260954
2.351403
2.437423
2.728643
2.924952
2.791642
2.158885
2.674625
2.659204
2.778955
1.907077
3.254628
2.306246
2.302399
3.566395
3.044197
3.041841
2.556254
2.315406
2.570748
1.811560
2.347363
3.215137
2.326665
2.419004
3.036062
2.536179
2.684875
2.308824
2.347450
2.826325
2.796297
2.374289
3.174969
3.522712
2.640642
2.383376
3.705448
2.104150
2.645870
2.419059
2.821661
2.716815
2.990465
2.794609
3.318450
2.460757
2.200665
2.975338
3.068233
2.404459
2.451041
3.335273
2.158967
2.727122
2.590960
3.838819
3.741443
3.270754
2.283026
3.037190
2.742221
2.001834
2.655137
2.354426
2.546243
2.556084
1.832847
2.933424
3.029252
2.349741
3.213209
2.464604
2.403814
2.488774
1.955923
3.266213
3.084415
2.181964
2.943627
2.785114
2.495084
2.479472
2.113730
1.981657
3.487635
2.014146
2.821389
2.427608
2.496660
2.932432
