2.818621
2.431300
2.358355
1.974552
3.284554
2.746548
2.248964
3.195210
3.101580
2.717671
2.493998
2.765630
3.450301
2.541845
3.345741
2.061669
2.136861
2.526642
2.901520
3.208982
2.062922
2.196971
2.482051
2.588237
2.195136
2.700446
3.679373
2.645692
1.855462
1.830126
2.187659
2.949298
2.844991
1.403802
2.671659
2.510282
2.694019
2.428283
2.448009
2.219925
2.793061
1.915900
3.249338
3.605279
3.227372
2.021400
2.005017
3.265334
2.309628
2.107991
3.400182
2.528973
3.489054
1.561166
2.698983
2.451502
2.033141
2.273510
3.192335
2.498171
2.206599
2.666017
2.823027
2.598114
2.298249
2.236320
1.902037
3.694144
3.573734
2.262552
2.241629
2.998944
2.424565
3.210828
1.841810
2.014978
2.449600
2.483688
2.130628
3.636709
2.885037
2.824336
2.104527
2.060989
2.045054
2.110173
3.277708
2.977004
2.655712
3.307449
1.843690
2.539620
2.108893
2.114804
1.844866
2.537035
3.286367
1.928921
2.725246
2.621847
2.510237
2.777254
2.765422
2.839456
2.173840
2.590484
2.194335
3.429262
2.031668
3.358772
2.186591
3.856566
2.006636
2.566437
3.548862
2.436418
2.280763
2.710746
2.444848
2.561552
4.146166
2.453608
2.735555
1.665193
2.069140
1.839367
2.662483
2.366832
3.893091
3.007165
2.248318
1.663679
1.916712
1.675106
2.096806
2.179209
2.246085
2.448582
3.482863
2.888313
3.970968
3.026596
1.852170
1.785629
2.455241
2.346123
2.605835
2.030844
2.363379
2.599226
2.036016
2.012907
1.460094
2.321767
1.973279
2.553404
2.412855
2.152580
2.415744
2.342043
3.228895
1.924757
2.375887
2.439167
1.994977
3.940812
2.908688
2.124914
2.173268
2.105345
