1.707703
2.484385
2.234807
1.720860
1.466047
3.043684
1.141812
1.362582
1.357635
1.437206
1.622921
1.646836
1.735933
2.207276
0.958795
2.773066
1.349505
1.462769
1.571763
1.197536
0.892573
2.298593
2.729448
1.408306
1.634157
2.124755
1.540875
1.989304
1.903363
2.474290
1.234677
1.226333
2.378695
3.420376
1.176159
1.498215
1.525338
0.997558
1.667704
1.751309
1.113079
1.072062
2.222680
2.011319
2.243769
2.072591
2.414866
1.707395
2.884404
1.915764
1.987864
1.400607
1.242319
2.112621
1.757233
2.420087
1.191452
1.240945
1.599288
1.588088
1.287652
1.980594
1.188892
1.131977
3.700468
1.359662
2.175472
1.956159
1.425335
1.007588
2.340760
1.207866
1.938324
1.345246
1.927485
1.746557
2.094618
1.280019
3.182616
1.536438
2.179551
1.655463
2.299828
1.342450
1.489480
2.499905
1.911328
1.811481
1.398515
1.428721
1.261328
1.788414
2.071280
0.952825
1.582074
4.642410
1.379566
1.176800
2.151863
2.083613
1.956942
1.508658
2.771627
1.565105
2.194381
1.623594
1.712062
1.408733
1.228822
1.955806
2.112198
1.376431
1.330804
2.479244
1.103676
1.884319
1.740758
1.702049
1.639723
1.518525
2.017936
1.435682
2.052523
3.880775
1.026254
2.291959
1.103677
2.690074
1.886189
1.738060
1.503070
1.087612
1.799566
1.751640
2.356791
1.593554
1.421198
2.821631
1.414402
1.638662
2.654185
1.793829
1.719899
2.102799
1.998382
4.592914
2.154605
1.519225
1.226714
1.166933
2.270018
2.334459
2.142714
2.276492
2.488869
3.268536
1.877402
3.958035
1.001126
1.727181
1.521255
2.091998
1.736537
1.438754
2.508850
1.552221
2.029010
1.643501
1.248691
1.042753
1.765225
3.439890
4.227957
1.830119
3.225325
1.947791
1.773049
1.013533
1.353080
1.238278
1.432993
1.409765
1.390298
1.397432
1.530967
1.042198
1.409432
1.083506
1.624609
1.659260
1.749847
1.709934
1.442672
1.836251
1.278245
1.253994
1.324192
1.806454
2.931339
1.158360
1.065033
1.401574
1.319505
1.111659
1.343984
1.303204
1.195370
1.195536
2.192306
2.327190
1.328432
2.164214
1.549351
1.525192
1.485403
1.514931
1.975911
1.255946
2.227563
2.064346
1.585383
1.305252
