2.744251
1.584836
1.727561
1.118549
1.481032
3.143768
2.175487
2.416681
1.364269
1.935962
2.330867
1.896236
1.385346
2.483597
1.279779
1.319117
2.534810
2.823301
1.986966
1.897818
1.753558
2.876827
2.671664
2.379150
2.644304
1.573709
1.312907
2.704700
1.796054
1.317546
2.663993
1.943695
1.482243
1.701862
2.210998
1.278349
1.391159
2.286660
1.461611
1.359158
2.214881
1.536693
2.767058
1.546896
2.199612
1.534038
1.933537
1.172511
1.835943
2.634372
1.642561
1.542058
2.221952
1.144445
1.668590
1.081184
1.125158
1.441870
1.928340
1.312457
2.031473
2.571701
1.359529
1.327515
1.973853
1.438626
1.224347
2.302532
1.713567
1.807586
1.722054
1.175249
2.661170
1.478863
2.010022
1.357599
2.152842
1.257420
1.839318
1.806997
2.183498
2.286651
2.127128
2.072747
1.396947
1.290120
1.762482
1.889620
2.146075
1.103238
3.707398
1.570568
1.575589
1.056655
3.070970
2.195219
1.417191
1.654528
2.318776
1.706320
1.239778
1.619686
1.301309
1.337111
2.942633
1.158644
1.823827
1.613576
2.279699
1.828874
3.004667
2.626465
2.176758
1.607142
1.072468
1.784317
1.478692
1.662221
1.044272
1.425095
1.442845
1.382458
1.387106
1.610588
1.715497
1.526688
1.754480
2.068465
1.519426
1.599239
2.105437
1.659114
1.525680
1.980453
1.701072
1.500342
1.250772
1.352577
1.240601
2.173846
1.033848
1.545688
1.931790
3.619677
1.479736
1.087010
0.939627
2.291067
1.105291
1.510844
2.600008
2.252772
1.655676
2.116997
1.555817
1.427837
1.934569
1.527807
2.427467
3.672361
1.731731
1.252840
1.329369
1.618305
1.737658
1.216054
2.326007
1.604533
1.672601
1.778632
1.227813
2.481477
1.484671
