1.932639
2.734241
1.621124
4.189546
1.334159
2.645427
1.724073
4.401489
3.768717
2.079265
2.594567
1.465660
1.924759
1.710520
2.303084
1.412471
2.039676
1.745893
2.932223
1.740922
1.918294
3.377148
1.965151
1.087845
0.946147
3.269106
1.561444
1.703273
1.133559
2.811074
1.528391
1.719668
1.446286
2.865989
1.333576
3.502614
3.495554
0.963252
1.628334
3.065389
3.317516
2.333630
2.335630
1.918619
2.501426
1.483154
2.210734
2.496066
1.974015
2.053087
1.176487
3.838590
1.017834
1.817433
1.565632
2.086529
1.102757
1.259643
2.292968
2.684225
4.308070
2.425213
2.401775
1.952562
1.117924
3.519117
1.816451
2.063323
1.012090
1.317399
3.911507
3.631180
1.162960
2.193876
1.839737
2.093511
1.647017
1.820160
2.301269
3.452499
1.265022
2.151427
1.345341
1.771762
1.311734
2.082072
1.603252
1.384893
1.731791
1.633507
1.765610
2.659845
1.524590
1.558342
2.191582
0.981193
1.472716
1.011158
1.891476
1.470640
1.164755
1.604324
1.724148
1.881024
1.358082
2.145133
1.078955
2.936241
3.389324
1.335367
1.923293
1.929362
2.259113
2.147602
0.969686
1.051430
1.544103
3.936403
1.050416
1.534477
1.752728
2.298232
1.388430
1.252372
3.284511
1.576133
2.240709
1.163298
2.102675
1.202977
2.573498
2.064980
1.549309
2.634888
2.173671
2.309489
1.299141
2.771905
2.519777
1.933761
1.209518
2.073568
0.848640
2.153035
0.980085
1.412237
1.884741
1.450305
1.726240
1.741670
2.933904
1.701314
1.021508
1.592385
1.392913
3.999927
1.609598
1.024327
1.625350
1.783416
1.689552
1.448136
1.968183
2.168893
1.573146
2.442267
2.664403
2.861871
1.958702
2.888227
1.484281
3.322130
2.263309
1.471071
2.360059
1.641205
1.096501
1.586191
2.025011
1.094824
3.039759
2.793825
1.226488
0.873493
1.799745
1.656645
1.703956
1.460367
1.414297
1.251120
2.145922
2.298386
1.572952
2.472613
1.567608
1.976685
3.092583
1.033490
1.347634
0.966398
1.358252
1.125821
2.652649
1.454710
0.968482
2.285173
1.039560
1.298629
1.097017
2.000178
