1.933404
1.496870
1.484121
1.759734
1.683080
1.209876
1.367331
1.106825
1.464419
1.847525
1.261247
1.487214
1.206069
0.975737
2.181367
1.188339
0.901484
1.330341
1.992490
1.829298
1.270478
1.398338
1.348691
1.861704
1.432176
2.086721
1.853561
1.999634
2.190109
2.012702
1.918360
1.182025
2.694363
2.299230
1.100020
1.895120
1.738183
2.418009
1.416796
1.268995
1.330667
1.528465
2.642743
2.639285
1.627871
1.270336
1.633612
1.194586
1.336650
2.107060
1.099712
1.969573
2.089090
1.531052
2.612827
1.338490
1.643097
1.384078
2.007397
1.144125
1.327807
2.794481
1.863214
1.981467
1.404352
1.059834
1.016183
1.041449
2.640681
1.207705
2.127523
2.991942
1.445891
1.870889
1.993345
1.269709
1.144909
2.474756
1.253419
1.168200
0.947692
1.384260
1.499122
1.570348
2.091153
1.761764
1.685478
1.430707
1.895682
1.391128
1.309110
2.201600
2.033852
0.994988
2.419452
2.327787
1.213991
1.484272
1.287572
1.499490
1.070946
1.665678
1.326624
1.458616
1.246144
1.980891
1.262016
1.431758
1.233313
1.263514
1.697151
1.588153
1.743659
2.021505
1.460403
1.952943
1.075689
1.195858
1.566235
1.137743
1.395187
1.368904
1.694789
2.121324
1.133417
1.181262
1.510380
2.184426
2.059937
2.114809
2.211371
1.063611
1.689316
2.155975
1.775292
1.572098
1.557390
2.213092
1.820298
1.002756
2.085865
1.968072
0.845293
1.427012
3.478818
1.590741
1.500287
3.226773
1.292438
1.396614
2.092683
1.556661
3.271260
1.537532
1.278917
2.359394
1.676865
1.467651
1.528179
1.354659
1.532924
1.539377
1.560262
1.541906
1.819109
1.717442
1.488749
1.063861
1.703070
1.026473
1.067494
1.435059
2.279314
2.081194
1.739631
3.035304
1.329122
1.849151
1.485669
1.361010
1.307130
1.327315
1.812443
1.409435
0.835946
1.438912
1.951391
1.681109
