1.792862
2.608405
2.330252
1.475555
1.688746
1.958366
2.970655
1.463252
2.161734
1.937241
2.076687
1.455514
1.891557
1.940095
1.207571
1.463153
1.666399
1.619292
1.714910
2.478329
3.019915
1.569223
1.290682
1.533527
1.826938
1.035808
1.480630
1.222447
1.212506
2.135992
1.411140
1.422774
1.710605
2.144267
2.378256
1.545980
1.673280
1.891348
2.066275
1.695028
1.323053
1.993390
1.942262
2.089709
1.104723
1.399860
1.598639
1.724340
2.473541
1.027347
1.571836
1.309281
2.217205
3.645978
1.740500
1.630537
1.785405
1.697700
2.419109
0.978524
1.455971
2.277434
1.831636
1.881723
1.775653
1.247895
2.151947
1.897810
1.512709
2.854749
1.328896
1.456539
2.146150
1.994828
2.408104
3.499307
2.176658
1.573045
2.408484
2.241569
1.596034
1.832781
1.419921
2.233514
1.445629
1.623696
2.017208
1.375243
2.536682
1.040958
1.741907
1.447849
1.465113
1.406050
1.644452
1.664098
2.202126
1.434606
2.354517
1.380506
2.265856
2.229752
1.576132
2.327830
1.523353
1.212904
1.423589
1.701468
1.823809
1.644403
1.737903
1.795444
1.572217
3.071779
1.831063
1.560849
1.683737
1.451698
1.596688
1.933135
1.992224
1.520190
2.490211
1.503472
2.477192
1.093670
1.919450
1.677437
1.471555
2.275667
1.553215
1.710062
2.256344
1.820053
1.412229
2.010985
1.623942
1.313301
1.027804
1.892619
1.881151
2.299427
2.957875
1.643732
1.804087
1.262003
1.986762
1.795321
1.513693
1.697999
1.280764
1.243026
2.755317
2.068907
1.859256
1.648678
1.647425
2.197087
1.746579
1.708461
1.326241
1.871117
1.496846
1.343785
1.281524
1.148062
1.470822
1.215208
1.179329
1.449771
1.325679
1.883992
1.397221
1.368492
1.332758
1.765128
2.232506
2.570246
1.761708
2.332297
2.080647
2.060424
1.347324
1.651450
1.727921
1.037802
1.355542
1.897117
2.001000
1.327392
1.858543
1.629596
1.638456
