3.015294
2.339592
3.314433
2.780274
4.233791
3.759604
3.102470
2.326695
3.125335
3.577508
4.048764
2.912076
3.565640
2.841834
2.114137
3.495725
2.347643
2.809819
3.186850
2.764051
4.402411
5.336645
3.404349
2.521863
2.814122
3.543532
2.588413
3.262145
2.622116
3.870469
3.318404
2.484177
2.152316
2.512179
2.756830
4.244852
3.133255
2.758019
2.519961
5.508687
2.637892
4.559795
2.435034
2.900521
3.184968
2.863487
3.709978
4.340996
3.420662
3.493508
4.040029
4.587933
2.596584
2.859535
2.460849
4.289014
3.487675
2.523122
4.617165
2.411050
2.761857
2.756693
3.439192
3.920072
2.628812
2.234820
2.657362
3.612808
2.585980
2.493195
2.871594
3.461285
4.688390
2.401729
3.769139
3.170379
2.630193
4.198103
2.932478
3.210816
2.570737
3.198326
2.999400
3.393311
2.066619
1.902977
2.991318
2.914595
3.034722
2.897348
3.980862
2.596225
4.330906
2.872928
4.588903
3.463323
2.451078
2.374399
2.720733
2.668184
3.186635
3.484435
2.227265
2.396548
3.386801
2.883093
3.288801
2.826964
3.468702
2.491647
2.752703
2.369208
1.811594
3.448014
3.243080
3.410907
2.424365
2.627179
2.816014
3.398006
3.536664
3.281466
3.062683
3.114376
2.600216
3.190009
2.083105
3.484821
2.963205
2.300403
2.751742
4.711240
2.510242
3.081124
4.573050
3.024999
2.332551
2.943890
3.359921
2.819494
3.857949
2.234244
4.080441
4.336925
2.866942
3.350306
2.984575
2.488276
2.690048
2.939231
3.091222
3.410447
2.005327
3.417319
2.638196
2.827737
2.472522
2.740984
3.424634
3.416386
2.546576
3.125679
3.701993
1.878204
2.589312
2.521008
3.104157
2.670276
2.566786
2.123947
3.004062
3.827876
2.084094
3.063471
3.736027
2.456836
4.072526
2.151352
3.006927
2.361516
2.531195
2.370256
2.696880
3.963422
2.573654
3.276379
2.869744
3.712315
2.976682
2.620246
2.628042
2.583631
2.419068
3.655887
2.448428
3.087781
2.194597
3.465378
1.976257
3.116896
2.588276
2.582202
2.629067
2.474763
3.458382
3.584360
3.206891
2.474303
2.658788
2.566205
3.411694
1.862322
2.537134
2.588975
2.787988
2.549361
3.076754
2.756324
3.544351
2.225661
2.137496
3.851698
2.682977
3.074391
3.804865
