7.950171
7.313644
6.229631
8.344908
10.556519
8.658844
7.046892
8.054929
10.945408
12.225071
6.552870
8.630829
10.048824
8.536434
8.884454
7.453790
7.118579
8.942448
6.628530
9.086563
6.949848
11.151056
8.091711
4.979109
6.395753
7.875111
7.662374
12.604124
11.366219
9.577656
10.236920
5.823390
9.610503
11.477720
6.917470
9.254426
8.314643
8.432446
7.701035
6.987186
8.308764
9.697301
10.552937
8.825799
5.674776
7.059114
7.294659
8.298436
12.063507
6.232620
10.282999
10.927104
7.288026
6.204951
8.268312
10.146383
7.945707
6.020580
7.672093
8.034373
7.217253
10.409533
7.076570
6.142503
6.390351
6.500978
5.038291
6.334626
10.340031
7.150204
7.506899
9.878036
12.393915
6.888505
8.310027
9.298529
7.118763
10.742631
9.599520
7.448298
7.623017
8.176908
9.418823
7.096090
7.307961
11.195795
6.745631
7.641533
7.367484
9.806042
6.860225
8.211121
7.326457
6.362189
5.858219
6.916559
5.663454
6.830654
5.071351
8.187972
6.955902
6.848008
9.951675
5.985428
6.763894
7.082084
7.860953
6.819353
6.704339
5.413240
8.308452
8.618463
7.553996
5.070826
9.791838
8.210728
5.810436
5.108820
7.346896
6.016228
6.735701
8.280222
6.610980
8.255173
8.402184
5.715106
5.174457
7.940149
5.885306
9.564091
7.717037
11.044367
7.252701
8.831439
7.989652
9.759107
5.048610
9.222321
7.357841
7.638588
6.478872
6.766977
8.319885
6.889209
4.408171
6.159288
5.952391
5.539651
7.954217
7.451937
9.033493
6.764211
6.143708
6.527079
9.172592
6.639552
7.962062
7.330267
7.161907
6.552442
7.457613
5.327646
8.617298
5.651352
6.486347
8.612878
9.113971
6.659978
4.943343
7.309528
7.151314
8.641671
6.083457
10.806239
8.326263
5.626019
7.415928
6.440546
6.932951
5.698638
7.615918
6.914160
11.376078
3.826539
10.658316
6.812490
6.358946
6.276766
4.858692
5.891653
4.530600
6.553806
11.949030
5.651354
6.197967
5.698611
9.553148
6.837156
6.154581
5.162312
6.102790
8.130240
6.125728
6.254387
5.734827
6.850355
6.759571
5.045042
8.494316
8.906425
4.931108
4.606328
5.499986
5.399956
5.825356
5.057693
4.949443
5.247554
4.559223
7.141918
5.199127
5.672354
6.235752
5.402747
6.618107
5.706782
6.592176
6.999291
4.904237
8.494057
7.273799
5.979131
10.250565
4.987158
5.996717
9.676965
6.820524
4.614917
4.093380
4.669461
6.131060
7.280011
4.245504
4.884489
6.871134
4.844950
6.847613
6.173688
5.642133
4.683983
5.760862
5.961224
5.974785
5.738895
6.968013
7.813616
4.234252
6.366945
4.954731
7.747784
5.627581
5.548643
5.148915
9.650016
5.034598
5.932376
5.245952
4.040523
11.912872
7.557221
4.852368
12.274650
6.718564
6.410925
4.477368
5.531840
6.281412
5.805552
6.968382
7.605640
8.143450
6.281336
7.786456
6.931156
6.332880
5.697552
5.687823
6.753988
7.003777
5.664807
7.374043
6.128192
12.131448
5.617590
8.438370
3.998729
6.123715
4.610568
4.967556
8.786547
6.054068
6.473413
6.286209
5.919943
7.058959
5.206114
4.619082
4.595411
6.024474
5.310342
4.555673
4.597737
4.239832
6.161366
7.414414
7.933596
6.038352
5.871047
5.186638
5.545776
6.594876
4.911445
5.262960
6.937046
4.316685
5.409492
5.146465
5.996767
5.441723
