7.034393
5.711946
3.947125
6.121305
4.261149
6.502647
4.573586
5.892882
6.951710
5.171762
4.146282
4.594532
4.286795
6.363836
5.000716
4.681761
4.688516
5.697152
4.706880
6.220689
4.156260
7.524041
4.694430
5.237539
4.979545
4.245441
4.252157
4.334251
4.077750
5.540969
5.376643
5.266549
4.025810
6.195488
4.472518
5.040421
5.004659
6.341446
6.188603
5.574267
5.513492
4.164402
6.502158
3.449044
5.586792
5.550846
5.193995
4.575233
4.672853
4.242801
3.451431
4.437059
3.608004
4.436772
3.837747
4.718815
4.959119
5.791889
4.488303
5.265625
5.139561
3.893361
7.422246
5.320430
5.851044
4.935655
4.956400
4.400411
4.367582
4.282660
3.570544
4.016460
3.964519
5.939681
5.932889
4.113633
5.154371
5.505614
4.920420
4.333244
4.415998
4.667122
5.524228
3.647763
4.178562
3.894404
5.648031
3.852173
3.640221
5.605989
4.412479
3.890773
5.074247
5.065611
3.553082
3.920741
4.007351
4.939331
2.728845
4.352269
6.604292
4.270011
3.590104
3.952212
4.941762
4.315413
5.064651
3.539103
6.907814
3.137062
4.309739
7.384293
3.923579
6.006849
3.554973
3.579794
4.872046
3.690836
3.244858
4.931590
6.825721
4.089005
4.130695
3.530643
3.990175
6.077009
3.493620
3.197166
3.859425
4.376739
4.884510
3.393546
4.022010
6.277223
2.929312
4.681211
3.282763
3.596368
3.234349
3.954371
4.281084
8.124092
4.062167
4.329558
3.953608
4.778513
4.918694
4.500174
5.275205
3.541619
4.882539
3.446491
3.313683
3.838510
4.987158
4.842676
4.825541
6.176050
4.715133
3.267620
4.943113
3.390363
3.605768
3.954965
4.325529
5.533999
3.843479
3.591856
3.914845
3.588444
3.406304
3.015721
6.186178
4.050991
3.109246
3.880960
5.091673
3.135449
3.635272
3.507923
3.407836
3.806886
3.706958
3.476407
5.634400
3.637464
6.341785
3.725896
5.010267
4.518642
3.512434
3.500887
4.142773
3.044333
4.343316
2.944411
4.186792
4.763315
3.417160
3.065188
3.823532
3.514958
4.837018
2.920913
3.158664
4.149712
3.056859
3.366174
3.449181
3.581709
3.370223
3.070043
4.159863
3.303841
4.384800
3.422142
3.191377
3.379846
4.449349
3.261927
3.377485
4.775058
3.059204
3.654759
2.776034
4.247811
3.110834
3.904318
4.475333
4.084980
2.800622
3.034475
2.923485
3.695910
3.253245
2.878277
3.484908
5.139403
3.486959
3.532889
3.151760
3.385739
3.076159
4.807863
3.475776
3.200402
4.059909
3.989037
2.579969
3.676165
5.161824
3.217856
3.702787
2.352251
3.838317
3.309433
3.346301
2.485922
3.865833
4.975260
3.400172
3.375753
3.610291
3.745005
3.687910
4.317738
3.457637
3.361376
4.470171
3.020741
3.788931
4.288313
3.925394
2.521286
3.834623
3.856380
3.405834
3.656663
4.415667
4.208190
4.400520
4.212407
3.422283
3.752116
2.953251
3.416467
3.311283
2.914677
2.984317
3.904755
3.313005
2.944921
2.981126
3.976351
3.188230
3.251146
3.087827
2.984417
4.745745
3.441345
