4.631927
3.851670
5.017369
4.666956
4.306808
4.598109
4.631254
5.388566
4.261510
4.732942
5.129007
5.710912
5.883035
4.738024
7.333152
3.490324
4.652830
4.872182
4.223585
4.775681
5.769394
5.353377
4.154312
4.492281
3.830422
4.095701
6.699925
4.644260
4.583062
4.243964
3.736460
5.326902
6.572609
4.000517
4.175412
5.443379
4.132078
3.814361
5.364470
6.096394
4.102911
3.726021
4.832629
3.980641
4.452833
5.503371
4.362317
4.392704
5.329131
5.256598
5.133415
6.568146
5.572694
4.297620
3.497967
4.467300
5.850327
5.797982
4.211607
5.773497
4.429790
3.785600
5.026413
4.902961
4.362985
5.440718
3.625743
3.831708
4.180328
4.453429
6.161184
5.246755
6.805211
6.141108
2.915504
2.735305
5.034035
3.583880
3.623569
3.817034
4.201085
4.002466
2.918748
4.218233
4.146020
5.171166
3.824753
4.853270
5.469877
4.207143
4.394648
4.286904
4.130438
3.827871
4.587594
4.681653
4.696120
4.189002
4.000669
4.377965
4.451622
4.676303
4.617932
4.524693
4.572846
5.181326
4.903579
4.424135
4.391315
4.789552
4.358847
3.883710
3.863578
6.699085
4.937712
3.927558
4.725243
4.612943
3.157642
5.904488
4.313816
5.019142
4.458574
4.017020
4.103704
4.439325
4.794877
3.295718
4.324616
5.382898
3.909118
5.116391
3.245714
4.087322
4.161799
4.427407
3.730295
4.721059
3.455791
4.766581
5.170654
4.047638
3.812572
5.102658
3.897642
3.142595
4.714888
3.408094
3.910528
4.004262
3.312330
4.870942
5.999524
4.073050
2.690928
4.133191
3.737977
3.478853
5.429142
5.462691
3.093124
4.511922
5.618287
4.511547
4.485840
3.378864
3.033711
4.889335
3.425804
4.386340
4.323953
4.200441
3.637953
2.920967
4.032065
4.820764
3.712974
4.082064
3.409992
3.374068
4.511682
3.470939
4.882108
4.271317
4.199963
3.248984
3.585106
3.767284
3.528057
3.831330
3.336810
4.452746
5.073675
2.901200
4.197639
3.598664
3.582855
5.487285
3.669120
3.837751
4.018027
4.872825
3.157754
3.918872
4.112512
3.153288
2.811428
3.960075
2.918642
3.389625
3.848879
3.696607
4.775251
4.124250
6.186781
3.717701
3.871958
3.297317
4.449174
3.935392
3.669991
5.784973
3.655124
3.598602
4.323600
3.301729
3.362381
3.188324
2.965456
4.016616
3.396195
4.618874
2.755590
4.504761
4.085894
4.272814
3.891335
3.710404
3.284047
2.857284
4.559432
4.282752
3.945164
3.700257
3.858548
3.264377
3.365564
3.536889
3.238253
4.017693
3.835081
4.471587
4.221997
3.195126
3.249201
4.755423
