3.081357
2.901579
3.129061
3.763375
4.442722
5.419264
3.489748
4.801839
4.490373
3.430058
3.738461
2.795637
2.945687
4.395637
2.419059
2.835839
2.978013
2.465278
3.002853
3.527948
3.523782
2.539086
3.383674
3.175234
2.846250
3.543132
3.602330
3.171449
2.351670
2.648029
3.054304
3.362560
4.266743
3.303877
3.067428
3.925683
3.493446
4.220094
2.371949
3.150360
2.816406
2.151551
3.122403
4.164364
3.057672
2.852747
2.538325
2.929846
4.000011
4.119397
4.623091
2.884010
2.853702
4.203351
4.825847
3.427301
2.985017
2.494849
3.275583
2.899415
3.101836
3.704725
3.102186
5.570731
3.141340
3.549800
4.102308
3.042621
3.720300
2.824320
3.365691
2.506490
3.623242
2.530905
2.324960
3.327567
3.092088
3.232361
2.219331
3.840298
3.531624
3.208209
4.731036
3.617465
2.454645
3.180883
2.851386
4.050787
2.947496
2.649815
2.919536
4.489401
3.818161
3.650965
2.988910
3.503896
4.001455
3.032316
3.551942
3.261252
5.311163
2.999832
3.276653
2.834394
2.796042
3.916790
3.861911
3.252719
3.713952
