4.188643
8.507045
4.707417
6.251321
6.361094
9.293353
5.010823
6.358098
6.056228
6.172349
4.919420
5.521203
4.238333
6.228203
8.675798
4.925632
7.274192
6.674185
6.643688
6.699081
6.930327
6.888372
5.611566
6.696523
6.049299
4.779447
5.268070
4.809785
7.966109
5.148144
4.070643
9.486225
4.362663
5.564805
4.490758
5.906864
5.381557
5.230784
7.334476
3.980471
4.773104
6.311922
5.562888
6.110216
4.824661
4.866574
10.971322
9.164289
3.979665
6.509199
5.822108
4.960461
6.480249
7.582654
3.950130
6.418841
4.868976
8.417048
4.555332
4.897307
8.420637
5.043742
6.581913
6.268752
9.423727
9.007320
4.101716
5.118793
6.894643
3.579507
5.611181
7.452874
6.053428
5.309447
7.402843
4.976289
7.440549
4.895828
5.399696
4.372011
5.990104
3.390131
4.603800
5.811621
5.755854
4.139996
4.294702
8.268307
4.941711
5.227941
8.001623
5.811319
6.328468
5.438027
5.218765
3.972086
5.243155
5.283648
4.896315
9.059557
8.516457
4.078760
3.542373
5.234803
4.621318
5.099069
4.126574
7.424837
7.121555
6.236217
5.213635
6.023518
4.682135
3.880965
5.378126
6.240192
5.253280
4.829595
4.590086
4.401250
5.012777
6.127134
6.015445
5.172257
