3.926580
2.532486
3.749908
3.317483
2.514935
2.586633
2.985947
2.707989
3.554943
3.061296
2.690983
2.879620
2.834593
2.931710
2.504521
3.786049
2.188548
2.563718
3.769420
2.735125
2.283939
3.219701
3.508937
2.949216
2.894563
2.405808
2.906795
3.072920
2.556543
3.788706
3.831949
3.092773
2.632488
1.856219
2.374153
2.884585
2.296489
2.435179
2.329544
2.517457
2.559363
2.507749
2.513735
2.984938
2.952052
3.544219
1.921511
3.143282
2.879716
3.678069
2.697669
3.038496
2.888616
2.502029
3.627729
2.188775
2.580342
2.826965
3.349936
3.091195
2.365782
1.997182
2.587345
2.854603
3.004052
1.961132
2.325448
2.320461
2.400982
2.432100
2.410421
2.382710
2.958418
3.386944
2.416502
3.030512
2.957795
2.920951
1.919872
2.955623
3.244813
2.506272
2.908011
3.068589
2.892224
3.184891
2.777740
2.068862
2.280144
2.408726
2.946542
2.438732
3.406883
2.685545
2.953532
2.638737
3.212555
2.637906
3.084674
2.188062
1.918671
2.398314
3.355865
2.774264
2.306913
2.479397
2.422136
2.775373
2.252725
2.762081
2.159863
2.576246
2.376833
2.818557
2.005414
2.328897
3.120630
2.835036
3.005488
2.870286
2.453715
2.623526
3.154018
2.605917
2.306499
2.428803
2.517723
4.140731
2.443953
3.024138
2.714054
3.071582
3.410918
2.611887
2.575491
2.509178
2.260613
4.216207
2.221792
2.604734
3.611347
2.660279
2.581652
2.712998
3.253512
2.293013
2.729648
2.995629
3.025350
1.812157
1.815828
2.966580
2.607531
3.113359
2.796331
2.019623
2.308976
2.574624
2.562068
2.330577
1.746674
2.441921
2.206246
2.173154
3.117441
2.192724
3.034670
2.866328
1.948407
3.170721
2.464892
2.373612
2.019962
2.393553
3.632338
2.575467
2.288292
2.643110
2.513649
2.410375
2.809700
2.176270
2.917713
2.560506
2.407970
2.031675
2.105626
2.607064
2.525380
3.050185
3.157768
2.025418
3.164049
2.577122
3.253311
2.399616
3.142655
3.140134
2.156796
2.411220
2.359799
1.717081
2.150017
2.942373
2.830353
3.190414
2.819015
2.104113
3.108722
3.169786
2.658671
2.995777
3.070943
2.603979
3.085350
2.396075
2.061272
1.919711
2.479314
