5.465256
4.286303
4.040898
3.893504
4.489055
5.658736
2.931954
4.332018
2.771683
4.763700
4.218808
3.827483
5.616655
6.228559
5.286432
5.245211
3.244865
2.976668
2.749403
3.369723
2.739341
4.728884
3.885597
3.210014
4.557292
3.656645
5.642344
3.261777
4.840861
3.810237
4.236341
6.045577
3.791923
4.004173
3.494888
3.468467
4.134377
3.566197
4.284999
3.367347
6.082454
3.045356
2.379167
5.175344
3.799458
4.095342
3.781052
6.460872
4.023043
3.687584
2.725686
3.885539
6.253912
4.485853
3.996115
4.587976
3.319811
3.201838
4.603458
3.621698
4.311881
3.638194
4.210634
4.084224
3.258912
3.694245
7.558023
3.864598
3.519645
4.404518
3.048673
6.436382
5.835520
3.754899
3.887770
4.497444
3.800016
5.911275
3.262919
3.413951
4.986999
4.350550
4.068434
5.958300
3.407967
3.830014
3.785234
3.681976
5.022272
4.133625
4.070001
4.267474
3.849092
3.760387
3.809294
4.636954
4.518907
5.667988
2.394097
3.062717
2.380122
8.227519
4.393426
4.740299
3.297169
4.389643
3.127406
3.026684
4.486786
3.709431
3.316472
3.663427
6.181928
5.519192
3.478618
5.022809
2.533004
4.934426
4.021215
3.385305
3.704752
3.625489
5.029923
3.517564
3.465207
3.401853
3.315291
4.669917
3.477796
4.757378
3.921515
3.364157
3.519786
3.545915
3.223539
3.688796
3.434637
2.963251
3.069920
2.575202
4.618902
2.764814
3.685836
3.728843
5.227162
3.110345
3.230761
4.582750
3.796562
3.677170
4.427015
4.018448
3.319521
4.003900
3.859543
4.529211
