3.483891
2.640328
3.262393
4.126763
5.335427
5.306086
4.064888
2.768432
3.998362
4.909025
2.978988
2.965547
4.395499
4.311296
4.515154
5.822877
3.605989
3.554690
3.708609
3.935947
2.626351
3.708080
3.958215
4.537038
3.656863
4.247128
2.812838
2.871293
3.288215
2.924756
3.093318
3.875005
4.069600
3.626901
2.353239
3.761281
2.967709
3.574820
4.902105
3.163498
3.631485
2.682153
4.585718
3.025769
3.544355
2.849633
2.823842
3.851196
3.572961
4.636467
3.795459
4.460624
3.370023
3.117881
3.237473
3.116004
2.953254
4.652737
3.833628
3.963379
3.062480
3.544088
2.931398
4.460504
3.748360
3.045897
3.304880
3.240204
3.195415
3.461971
2.798416
2.890615
3.335316
5.451638
3.295588
4.619845
3.642767
3.170358
3.618123
3.274694
2.653695
3.256654
4.050070
4.406695
2.412419
3.167940
2.774475
2.931281
3.618428
2.951576
3.535613
2.401497
2.795214
2.088090
3.009781
4.395506
3.035080
2.997192
3.966844
3.488444
2.689369
3.472271
2.744404
3.676272
3.177425
3.579090
3.269697
3.169711
2.666544
3.353977
3.524894
2.912294
3.009697
2.644657
3.756686
3.895587
2.326576
2.958395
3.104018
2.569954
2.728552
4.137041
2.824369
3.993206
4.233307
4.870165
3.367596
2.173079
3.380046
3.553210
3.011645
2.698445
2.750125
3.083547
2.684064
4.182718
2.912657
2.861816
3.450112
3.623039
4.198078
1.940325
2.761318
3.731727
2.956255
2.779365
3.659065
3.482263
2.778911
2.845590
3.542140
2.478977
2.845626
3.302353
4.133688
3.951085
4.550537
2.675254
2.820989
2.837191
3.457933
2.772554
2.902746
4.234459
2.537720
2.445114
2.660983
3.357805
2.496093
3.973230
2.972065
2.412106
3.458610
3.090628
2.563311
2.454295
2.799017
2.357320
3.093936
3.316768
3.152540
2.744139
2.806568
2.272411
2.515990
2.960453
2.813670
2.538387
3.848874
2.686203
3.298916
3.315746
2.996681
2.858803
2.899964
2.009170
3.292600
3.996313
2.419540
2.203503
1.957770
2.625557
2.421017
2.203153
3.175133
2.905506
2.899823
3.590156
2.687235
3.182692
2.783671
3.628154
2.659547
3.310105
2.885473
3.081665
2.965931
4.049088
2.999702
2.930357
2.883716
3.026153
3.148288
2.781091
3.437366
4.527260
2.434222
3.702204
2.263142
3.683538
2.669794
3.117573
2.275119
2.355490
3.207307
2.804409
2.296490
1.981969
3.476376
2.506241
2.603921
2.625777
1.947701
2.444239
3.200398
2.400091
2.203409
3.813422
3.084821
2.240186
2.635991
2.432765
2.616391
2.062200
2.789316
2.902960
3.164291
2.583773
3.112540
2.376924
2.922140
2.060934
2.370062
3.071404
4.003258
2.697266
2.379847
3.836996
2.018390
3.484925
2.671173
3.347185
3.623542
2.233958
2.689496
4.287634
2.893560
2.285194
2.488613
2.435983
2.508905
2.687884
3.133380
1.914246
2.672176
2.647712
3.233084
2.861037
3.188885
2.612357
2.152163
