3.131407
3.917326
2.654597
3.311548
2.704000
2.325359
1.954148
3.394477
2.448951
2.699141
2.004689
2.564133
1.904200
1.729574
1.965339
2.607965
2.357283
3.046629
2.720860
2.266502
3.038062
2.655402
3.303691
3.582582
1.982653
3.087736
2.824570
3.510106
2.329503
3.251916
3.814491
1.664477
2.261365
1.866779
3.698309
2.393233
2.990493
4.318113
2.605304
2.323439
1.818683
1.849162
2.666834
1.588701
2.774158
1.960228
3.001111
2.396576
2.202366
2.605964
2.648880
2.574320
1.918247
2.192235
2.332689
2.992409
2.273542
3.082525
3.423932
2.609216
2.910236
2.490160
2.106282
1.689426
3.225697
2.630135
2.329559
2.249748
2.627391
2.193365
2.318661
2.350816
2.573035
2.977387
1.851235
3.091014
1.714785
2.613099
2.112332
2.043101
2.394668
2.781838
2.019317
2.145457
2.752879
2.280252
3.181541
2.222445
2.598455
3.865681
2.532135
1.952607
2.513559
2.221192
2.968490
1.733638
3.293646
2.018919
1.653357
1.892402
1.650115
3.401051
1.878623
2.591835
2.122200
2.330546
2.801416
1.859980
2.153420
1.871064
2.701721
2.583628
1.689265
2.527596
2.780268
3.366837
2.033849
3.015969
2.250272
2.157198
2.644874
2.100275
2.562778
2.903133
2.380639
1.964788
2.503108
2.446005
1.995435
2.015169
2.006795
2.226423
2.587312
1.871400
2.434791
2.271741
2.116039
2.498442
1.597966
2.324033
3.191420
2.764760
2.654883
2.096173
1.950004
2.696760
2.379146
1.732112
2.102787
1.758711
2.367396
2.316015
2.223513
2.150779
3.150536
2.405609
2.584698
1.841275
3.052041
1.955287
2.647601
2.721327
