2.049312
2.689005
1.822587
2.987876
2.512963
1.846312
2.217376
1.577917
2.381115
2.248323
2.903982
2.818654
2.491882
2.229401
1.989997
2.847410
2.538766
2.289603
2.702254
1.879592
2.240830
1.984777
4.152785
2.241500
2.124692
2.370566
1.939680
2.018005
2.922834
1.762354
2.189456
1.859269
3.294178
2.241880
2.124679
2.654380
2.783257
1.759051
1.942334
2.538901
1.880557
2.771657
2.586162
2.401525
2.679261
2.207249
1.711750
2.047850
2.612985
1.451310
3.635443
1.869417
1.935648
2.504261
1.823737
2.547706
2.616289
2.749936
4.990393
1.643617
2.858472
2.714971
1.643123
3.040959
1.825505
1.885917
2.094031
1.666969
2.338129
2.930779
3.132852
2.180118
2.818014
3.201942
2.748391
2.483276
1.890798
2.169212
1.552365
2.457378
3.021787
2.145565
2.981309
2.611028
2.083133
2.812443
2.205471
1.755437
2.741680
3.447151
3.186538
1.945548
2.260351
3.195756
2.313379
2.429231
1.349388
2.071022
2.310537
3.371717
2.033176
2.116150
2.419321
2.989098
3.279793
2.233927
2.480630
2.555151
2.788463
2.398709
1.821290
3.628384
1.866055
1.828493
1.948433
1.589914
2.110222
2.196791
2.308709
1.723519
1.636064
2.085243
2.668721
2.877782
1.834388
