3.950230
6.450056
3.992394
4.339617
4.744873
4.533616
3.202776
6.364854
4.508389
4.847126
4.917540
4.084732
4.163990
4.623832
4.706172
4.279631
3.236613
3.520978
4.346616
5.684408
3.911672
4.119876
4.677320
4.346198
3.545520
5.318883
4.530455
4.198116
5.098568
3.698444
2.901057
4.162417
3.912640
4.474180
4.836730
4.669294
4.605158
4.805166
5.910366
4.159621
8.076599
5.697128
4.501034
4.350568
3.928536
3.303232
3.799027
3.762979
4.800481
3.464990
4.592955
4.611452
4.330461
2.960116
4.065879
5.368040
4.001740
5.135572
3.377345
5.082525
5.321453
4.329396
3.731383
3.225523
3.709057
3.171757
3.886010
4.217935
3.657894
7.274055
3.576411
5.776256
4.389150
4.305119
5.356781
6.347517
4.041009
4.309973
3.655833
5.869186
3.026545
6.067855
3.180184
4.379915
3.583882
4.307687
2.888088
3.123958
2.709804
3.806391
4.933742
4.319153
5.707813
3.197748
4.177708
4.069521
4.218164
4.011774
4.281732
4.292591
3.614435
4.877172
3.894910
4.141710
4.538365
5.672676
4.770810
4.545165
3.781578
4.129676
4.948120
4.719783
4.805047
4.627436
3.440091
4.692577
3.997013
2.751972
3.761959
4.107409
4.640363
3.266658
4.346526
4.891703
4.004000
4.377503
4.254602
4.723322
4.386448
4.772489
4.173007
2.826085
5.656777
3.459036
6.441554
4.350601
5.143482
2.915669
5.886343
3.088745
3.853607
2.887218
4.877915
4.141187
2.841526
4.126965
3.577624
3.356279
2.510181
3.665313
3.789060
4.935722
3.343575
3.532211
3.763509
4.314000
3.208502
3.748832
2.362052
3.379648
4.480562
3.508024
4.441333
4.570635
2.920906
3.089592
3.493091
3.913831
3.987482
3.929849
4.534199
2.672979
3.621987
4.719097
2.904059
3.487734
2.578347
3.286688
4.164558
2.942861
5.712904
2.695613
2.870729
3.597900
4.377796
5.752883
2.741548
2.411583
