3.617202
3.294633
4.606532
3.531165
3.904486
3.356134
3.415111
3.502920
4.303055
3.775664
3.416685
4.228063
5.177760
3.471553
3.791920
3.736125
3.281252
4.314773
4.663589
2.772147
3.259616
3.452327
3.639586
3.409405
3.268460
3.621718
3.403971
4.314130
3.117175
4.252046
3.302115
4.327595
3.151652
3.963785
3.335706
3.136298
3.171514
4.172238
3.417524
4.340799
2.814366
3.351069
3.704588
3.522387
3.156241
2.778517
4.468511
4.063238
3.770825
3.273649
3.843675
2.796402
3.474948
3.487597
3.847901
3.597151
3.390258
5.046535
3.682096
4.833293
3.411646
3.456456
3.292721
3.628939
4.981473
3.424093
4.447504
2.725240
3.290987
3.051514
2.710417
3.915133
4.049256
4.009561
3.659925
2.709711
3.239694
3.697975
3.490151
2.632731
2.830366
2.291656
2.750043
2.895408
3.237072
2.794696
3.048117
2.821981
4.007220
3.155006
3.883275
3.433238
2.875417
3.580995
3.168769
3.402014
3.108923
3.931021
3.141051
3.812619
2.651846
3.952369
3.420345
4.385256
3.258457
3.260368
3.796997
3.483178
5.276182
3.562587
3.474722
3.512344
3.412860
4.916971
2.850085
3.077211
3.146766
3.855879
3.501240
3.707141
3.346239
3.226357
3.468116
2.574329
3.712079
3.607185
2.644554
2.789271
3.672211
2.946079
2.401131
3.027672
3.464895
3.798890
3.102493
3.883572
3.577184
3.173284
2.968339
4.956995
2.900717
3.850416
3.155526
3.287913
4.264543
3.409577
3.113949
3.764370
2.952602
2.664959
3.521821
3.464668
4.229700
3.778764
3.857786
3.239142
2.739375
3.660462
2.890755
3.282453
3.486161
3.778404
4.003927
3.509716
3.645835
2.674918
3.173077
3.980838
3.359183
2.321182
2.368704
3.674185
3.189278
2.716530
2.971419
2.996685
2.617484
3.094383
2.996584
2.312934
3.517269
2.953400
3.761096
3.478441
2.388905
4.440994
3.794746
3.181057
5.058603
3.131817
2.818852
2.914607
3.349648
3.004192
3.103920
3.371303
3.810931
3.067069
3.445441
3.169647
3.302351
3.441207
3.661582
3.663952
3.226672
2.554097
4.260813
4.676285
2.511353
4.039200
3.003519
3.667105
2.396462
2.907536
3.204466
2.639225
3.043146
2.481868
3.201980
2.090021
4.267774
3.575279
2.836382
2.793341
3.067969
3.220009
3.762780
2.878445
3.071677
4.134550
3.189636
2.960929
2.848973
3.670985
3.145818
3.286150
3.269501
3.493475
3.350528
3.075837
3.090568
2.569568
3.519096
3.432746
3.001786
3.335059
3.350399
3.779847
2.443647
2.816201
3.557035
3.359723
3.183001
3.339926
2.526975
3.059547
2.308954
3.220492
2.354530
2.492914
3.196536
3.013026
