3.332676
2.764652
2.943310
2.728746
3.768118
2.577064
3.691082
3.001229
2.487184
3.932867
5.655633
2.595505
3.076528
3.981797
2.669871
3.183902
2.638116
3.416219
2.725791
3.489180
2.603270
3.137480
3.895415
3.096160
3.246825
3.361325
3.145265
2.383821
4.030691
2.469371
2.713335
3.193559
3.450067
3.257771
2.683349
3.848483
3.213328
5.653509
2.858738
3.092743
2.136327
2.143219
2.639166
3.514937
3.185218
2.480768
2.992328
2.816676
2.629298
2.816137
2.337588
2.363156
2.565235
4.352011
2.907628
3.464133
2.554708
3.106556
3.440116
2.168835
3.490265
3.655687
3.473550
2.811175
4.168086
3.092525
2.794729
4.169661
2.489525
3.550674
3.390429
2.993002
3.042505
2.832532
2.409666
2.690681
2.935993
2.920727
3.381115
2.309223
2.276673
3.243484
3.089651
3.400231
2.927402
4.373582
3.083346
2.440152
3.575591
3.489184
3.239871
3.452724
3.265475
3.166159
3.033651
2.989534
4.022195
2.338509
2.927740
2.466042
3.640844
3.162411
2.705013
2.858777
2.706504
2.523742
2.129392
2.662846
2.750869
3.051438
2.811404
2.472332
3.056404
2.301233
3.120652
2.971897
2.618795
3.217160
4.215305
5.403831
3.191444
3.988458
2.257074
2.394784
2.320941
