3.119459
3.343093
3.299703
2.962382
3.616583
4.590202
2.287674
4.583789
4.927655
3.652980
4.028684
3.216095
3.410951
4.302873
2.627146
2.981418
3.998302
2.705910
2.778972
2.878611
3.910914
3.343030
4.853177
4.264235
2.807907
2.904951
3.810315
2.882617
2.451630
3.703631
3.617127
3.058745
3.757667
3.898580
4.317893
4.086115
2.799787
3.291941
2.467353
3.208931
3.056073
3.704808
5.332686
4.233170
4.386513
3.755280
3.438990
3.704763
3.418138
3.649953
3.963565
4.497512
5.449279
3.540694
3.453473
2.550424
4.212940
2.882528
3.158097
4.239477
3.619641
2.739394
2.579790
3.677222
3.062659
2.897330
2.173296
4.519125
3.619596
2.181283
3.678103
2.788507
3.444834
2.924555
3.306194
3.779618
2.643454
3.323229
2.461994
3.166356
4.857087
3.665939
2.666508
2.999903
3.250828
2.365264
3.740652
2.410625
2.840904
2.327084
3.210395
2.858974
4.791703
2.908993
3.482646
2.421406
5.889751
3.605597
3.688977
2.730885
3.916185
3.608051
2.952707
2.778984
2.921453
2.998152
2.551782
2.773760
3.251884
6.204501
3.657355
2.950865
4.989536
3.771293
2.888087
3.790399
3.824129
3.932898
2.799304
2.825939
3.340976
2.980479
3.764557
3.845774
3.791919
3.303995
2.175403
5.109905
4.291635
2.262540
3.500225
4.040178
3.435141
5.400151
2.880100
3.339013
3.683549
2.773436
3.105451
3.115453
2.647703
2.966289
2.128552
3.083228
