3.142641
1.972354
3.459535
2.844443
2.490602
2.760296
2.907078
2.455398
2.486158
2.414708
3.215599
2.435339
2.210755
2.700284
2.647353
3.768616
2.250309
3.691134
2.401835
2.423467
3.214086
2.491340
3.849833
2.417544
3.204505
4.687052
2.399225
2.682662
2.798076
2.515653
2.900130
2.642800
1.890522
2.617838
3.610810
2.547194
2.980181
2.345700
2.840147
2.828863
2.563205
2.918326
1.944091
2.420791
2.806120
2.988839
1.990473
2.151228
2.366116
2.412481
2.032430
3.024222
2.777780
3.316284
2.452449
1.994035
2.499900
2.538761
1.718624
2.871257
2.635889
2.251566
2.204725
2.339011
3.548830
3.137286
3.844502
2.926059
2.632007
1.996483
2.484119
3.030108
3.901026
2.432085
2.777364
2.817613
2.307079
2.732301
2.796585
2.788586
2.983669
2.880441
2.903951
3.537550
2.324997
2.704298
2.764111
2.695439
2.692882
2.146180
3.063712
2.436111
2.840557
2.175515
4.245651
3.331082
3.703127
3.258118
2.711786
3.694930
3.016269
2.307367
2.380638
3.844597
3.434571
3.021142
2.619562
2.116628
3.971314
3.100879
2.894046
2.505124
2.569899
2.150207
3.093441
2.611761
2.032541
2.400219
2.701298
2.455147
3.196576
2.415577
2.777591
5.461931
2.301279
3.181375
2.354412
2.444159
2.314981
3.441654
2.315861
2.864807
3.451302
3.279212
2.414624
2.047740
2.665311
4.597988
2.433032
1.551160
2.497970
3.080093
2.287489
2.369380
2.190737
2.532560
2.823480
2.633799
2.937110
1.980827
3.393824
2.847413
2.278876
2.269087
3.906028
2.451367
2.463994
2.198132
2.599467
2.754965
2.598417
2.600818
2.222745
2.201510
2.746675
3.390662
2.746942
2.633603
2.296525
2.444559
3.240437
3.111279
2.736548
2.534486
2.470415
3.851807
2.195664
1.981308
2.315087
2.361160
1.495699
1.797535
2.187445
2.321683
2.422524
2.786951
2.989157
2.564123
2.778561
2.622633
2.575673
3.077293
1.894528
2.490067
2.386600
2.423871
2.207280
2.041003
