2.364485
2.147647
3.712428
2.091134
2.190279
3.308929
3.276526
3.765616
2.253664
1.767882
4.075123
1.931907
2.187249
3.219763
2.436574
2.244750
2.499099
2.541543
2.231886
2.397070
2.606607
3.393792
2.034983
3.799772
2.267907
2.442122
2.449918
2.151040
2.917657
2.792284
2.677885
2.937648
2.374444
2.725754
1.737674
2.963573
3.013636
2.593845
3.310322
2.493489
2.281855
2.277621
2.076443
2.536993
2.271522
2.861816
1.785940
3.579680
2.839298
3.576229
2.526020
3.047676
2.809161
2.369860
1.660792
2.086695
2.331914
2.757939
2.803483
2.033394
1.903449
1.708811
2.992469
2.306411
1.772738
2.052030
1.938867
2.504182
1.369643
4.407864
2.980534
2.427374
2.458593
2.247234
1.878314
2.549104
2.159013
2.300008
2.139945
2.956950
2.405645
2.423048
2.225020
2.361024
3.122700
3.194297
2.076446
3.753988
1.989974
3.006991
2.445088
1.988650
2.148545
2.823025
2.164429
2.090330
2.239638
3.178678
2.639943
2.770015
2.156180
2.028003
2.095677
2.169391
2.713015
1.667211
1.879764
1.962381
2.059597
2.632509
1.999312
2.420693
2.409597
2.148978
3.347985
2.312518
1.719468
2.242174
2.785761
2.709357
3.520362
2.189699
2.235503
2.300660
2.472606
1.427426
2.779184
2.133857
1.681470
2.057740
2.676996
3.295484
2.697517
2.474229
2.143757
2.370191
2.303846
2.800452
1.869637
2.365489
2.361068
1.951602
1.664031
2.178125
3.509249
2.111045
2.245834
2.109516
1.900948
2.673567
2.014074
2.231870
2.322668
3.081502
2.829316
2.716777
2.446635
1.586008
2.899784
3.358630
2.147093
2.153537
1.950310
1.557668
1.982375
1.376465
2.240190
1.826715
