10.521490
15.306496
8.858378
7.509528
8.161689
8.801521
10.556864
7.600020
9.821218
10.555941
8.838457
7.232894
7.594666
10.032404
7.834795
9.939314
7.598246
9.472178
10.142711
9.582607
9.795130
6.966698
8.320735
11.636917
8.939991
10.566563
8.551093
10.086852
10.116739
7.527467
8.043528
7.943185
6.731260
9.916036
5.677486
7.789925
6.836710
9.222381
7.443743
11.425660
9.824078
6.868610
7.534989
6.888680
5.916634
8.074741
8.535902
8.794641
9.393805
8.142266
9.120866
8.619591
9.776815
8.922767
6.179052
7.281763
7.257523
10.692197
8.263611
7.442477
7.378946
6.563955
7.966818
5.005952
5.501166
7.982619
20.516369
9.506236
7.368187
7.866225
13.358515
7.037901
11.658913
7.988753
6.408965
8.985213
7.170404
8.570730
7.703035
5.939189
8.699309
5.545155
6.114331
5.573342
5.582523
9.546141
6.548431
7.809877
6.346159
6.699332
5.261795
14.048397
6.641867
5.959959
10.191459
8.010921
6.239828
8.392129
5.618266
7.441436
5.597942
7.135222
5.726483
7.646359
9.999778
11.660533
5.477382
6.424554
7.304204
4.750197
8.797728
6.596660
10.074894
6.403565
6.166979
10.285886
5.649851
7.719810
5.544013
7.338850
7.627827
6.973288
6.203416
6.959415
5.448931
7.479491
6.888126
5.941405
8.529442
5.652801
6.125865
5.805231
11.827619
6.266242
5.629553
7.899515
5.802427
5.757856
8.695334
5.633072
5.725384
8.385269
5.779625
4.332088
7.104836
7.911102
7.135703
5.887739
5.975403
4.672634
6.293270
4.911658
8.306895
6.649450
6.316871
6.851140
5.624391
6.533051
5.142698
5.293661
5.537945
4.405751
8.265463
5.727955
9.186473
7.075422
7.236203
8.409055
9.259391
7.210382
5.241049
5.369520
5.864983
6.606011
6.691898
5.177270
6.171728
4.423679
5.674450
6.490335
7.380128
8.006638
5.623343
8.092286
6.022017
10.066848
7.341251
7.230604
4.687736
4.584356
4.311207
5.131581
7.712059
5.212358
5.436315
5.098999
4.503563
4.938659
6.296027
5.602534
8.616125
7.456409
5.465839
5.104758
5.050971
8.188033
6.155349
4.925837
5.658200
4.767262
5.886318
4.833294
8.228082
5.446366
4.671200
5.229786
4.286612
6.592027
5.866137
6.844030
5.824363
7.134548
4.861269
7.073469
6.647216
4.269721
8.781640
4.684879
5.296601
6.019106
5.484996
5.725392
5.172025
4.829813
3.836657
4.410448
7.377840
5.471510
6.165983
4.934718
6.350500
5.844568
6.028257
4.149055
4.472903
8.840491
4.738908
4.931250
7.575481
6.058544
4.564921
7.417225
3.641662
5.013688
4.856383
5.733404
3.564494
6.235149
4.380948
6.149621
7.479548
5.747590
6.409544
5.426153
4.212476
5.369258
5.505371
5.009725
7.361440
6.184669
4.356434
3.764541
5.300989
5.912735
6.776219
4.009854
5.927608
5.815558
4.483647
5.788609
5.477066
5.611062
3.907743
4.160867
5.607968
4.999309
6.055220
4.604734
4.592756
4.868843
6.097405
7.377772
4.806611
5.225301
4.647922
5.539806
4.270501
4.276134
6.005940
4.880421
4.491571
4.175694
5.292823
6.882770
5.542205
3.927338
5.918142
4.483353
5.545695
4.811709
4.197138
4.823509
5.560775
4.974408
5.278812
5.195008
5.478177
5.555283
4.146804
8.107035
4.270492
3.770334
4.248520
6.760929
4.496202
4.179544
5.762892
3.613941
5.394190
3.836176
7.025357
6.206286
4.103290
7.571157
7.564323
5.594270
7.150250
4.069307
4.472450
4.475441
5.277686
9.712932
