2.598128
2.426506
3.304795
3.677040
3.105617
3.907981
3.186020
3.070252
3.105063
2.501373
4.008252
2.990240
3.182615
2.986401
3.429827
3.379357
3.369893
3.401981
2.665231
3.260798
3.054103
2.679016
2.372546
3.106437
2.848587
3.017797
3.174192
3.143770
2.871894
3.807207
2.697155
3.297518
2.788252
1.977433
3.631027
3.036204
2.754382
3.124706
3.198032
3.553168
2.548223
2.507835
3.440401
3.867076
4.067976
3.029063
4.077625
2.905269
4.568012
2.938025
3.511907
3.144492
2.889047
2.276028
3.023047
2.950799
3.012848
3.041251
2.859519
3.817379
3.466637
2.915397
4.556420
2.624951
3.664313
4.273712
4.342896
3.495639
2.742105
2.409763
2.641878
3.510391
3.580388
2.591051
2.268033
3.046292
3.566018
2.818501
3.315059
3.302951
2.724817
3.521731
2.137467
3.430260
3.905353
3.170790
2.763845
2.555162
2.620153
3.402851
3.082533
3.092927
3.528864
3.690764
2.943790
2.611557
2.462752
3.223140
3.418978
2.756615
4.147104
2.668076
2.678042
2.737483
2.377654
2.947715
2.932052
1.832423
3.546821
3.975247
2.193700
3.298845
3.009001
2.301058
2.248363
2.425068
2.385903
2.654413
3.230976
2.679851
3.436522
3.612351
2.347188
3.247206
2.636449
2.223313
2.644920
2.973652
3.148778
2.694014
2.913548
2.546591
2.593958
3.149699
3.025286
2.628861
3.011642
3.331387
3.346744
3.012094
3.265887
3.381265
2.831767
3.449040
2.515042
2.700109
