2.710307
2.166274
3.058710
2.623162
3.245418
3.332911
3.331626
2.154845
2.946295
2.927473
2.823762
3.865141
2.366178
2.871320
2.504166
2.698904
2.571920
2.529213
2.688718
2.901712
3.333475
2.319156
3.003937
2.160078
3.339458
3.217536
1.788867
3.009962
3.115812
2.873978
3.647147
2.298637
2.439425
2.074486
3.571925
3.242618
2.891040
2.383818
2.420078
3.101598
3.191541
2.597376
1.885570
3.876236
3.434001
2.886215
3.386062
3.881615
4.035024
2.239946
2.440718
2.592748
2.436338
2.737487
3.162833
2.881169
2.971330
2.762320
3.970450
3.390576
2.246647
3.379049
1.742114
2.821052
3.015558
2.198122
4.515178
2.605800
3.125962
2.756048
3.289673
2.351486
2.616265
3.044703
2.466652
2.536147
2.258377
3.707515
2.770004
2.614777
3.319654
3.048664
3.675671
3.335713
3.453231
2.628420
2.117577
2.941592
2.665072
2.766079
3.033734
2.565126
2.535771
3.193665
2.546055
2.076092
3.047298
2.072074
2.355098
3.020776
2.319209
2.328473
2.929168
3.817171
2.850015
2.683958
2.607475
2.273040
2.965438
2.795457
4.130555
3.411592
2.089461
2.828061
3.018214
3.495777
3.574205
2.860904
2.592485
2.953905
3.373612
3.898299
2.209746
3.536925
2.360302
2.845738
3.277108
2.745718
4.403663
2.521499
2.561850
2.259787
2.885741
2.724851
2.491829
2.892698
2.894388
2.528720
2.265336
3.454924
2.270961
2.945626
3.180570
2.127839
2.154022
2.568951
1.978694
4.064401
2.930993
2.495963
2.503596
1.914240
2.471599
2.238989
2.203553
1.991168
2.312201
2.511322
2.620146
1.943573
2.496302
2.178661
3.077115
2.243215
3.329670
2.663019
3.609844
2.935718
2.159926
1.818431
2.295058
2.246886
2.830682
2.959319
2.644299
2.220607
2.202640
1.776763
2.530450
2.628408
2.930442
2.018235
2.625792
2.872864
3.006984
3.827485
2.349213
1.866913
2.661595
2.720323
2.540309
2.937879
2.368409
2.701605
2.820483
2.195103
2.589936
2.268242
3.003601
3.106440
1.921005
2.282862
3.389192
3.111489
2.903859
2.293459
2.461001
2.626243
2.397837
2.755903
2.678013
3.060989
3.865612
2.720232
2.916039
2.574572
3.080094
3.444895
2.543327
3.705634
2.405058
3.072313
2.166948
2.535801
2.488428
2.304265
2.847627
2.895999
2.609062
2.454243
1.813891
3.100386
2.132470
3.004241
3.336634
3.406994
2.825055
4.658247
2.934561
3.062905
2.213554
2.284796
2.071206
2.261343
2.579824
3.211619
3.235918
2.605091
2.327013
3.511909
3.326482
2.128774
3.058344
2.812435
3.515192
1.755007
2.748811
2.373576
2.166527
2.618926
2.219007
3.335998
2.088002
3.621351
1.929910
2.904445
2.506795
2.075169
3.127740
2.763996
2.469454
3.143932
2.069224
3.088862
1.798920
2.178342
2.833295
2.129994
1.549074
3.106204
2.320520
2.458887
3.308992
2.478723
2.459938
2.680569
2.348234
3.600530
3.049229
1.739681
2.892192
2.508082
3.028387
