1.711426
3.936088
1.768513
1.011842
1.869519
1.445050
1.373778
1.737832
2.580805
1.214693
3.082886
4.332047
1.674873
2.221881
1.335719
1.393104
2.174930
1.945831
2.112982
1.841944
2.953908
1.095235
1.679021
3.927256
2.091302
2.056575
2.250808
2.019152
2.489454
1.593939
2.168317
1.794689
1.680423
2.716443
2.193426
2.358835
1.704157
2.167764
1.737205
1.392641
1.929774
1.482068
1.949151
2.123928
2.263553
3.629327
2.694903
1.127552
1.219507
3.241588
0.984455
1.193380
2.489399
1.393531
1.887378
1.177891
1.371334
1.736839
2.148353
1.648743
2.753161
3.138532
1.980566
2.359903
1.343034
2.333884
1.547465
1.532797
1.107345
1.941384
2.928308
1.567583
1.037550
2.250604
1.654841
2.227258
2.769411
2.925925
1.507279
1.120039
1.831394
1.610668
1.436147
1.360651
2.630099
1.981632
1.592556
1.069662
3.346551
1.529618
2.904568
2.717983
1.679033
1.181134
1.675992
2.475475
1.749260
1.388630
2.634867
1.371636
1.860989
2.430723
2.204601
1.672441
2.239220
3.192153
1.637856
1.693185
1.975512
1.609687
2.049801
1.564624
1.709467
2.398284
2.079505
1.687008
1.147960
1.674296
1.543255
4.197251
1.569808
2.195918
1.284231
1.913124
1.701827
1.935439
2.105914
1.344709
1.937121
1.823211
3.930055
1.436893
1.581909
2.076983
1.519863
2.039947
1.610231
1.431755
2.695943
2.518074
2.604897
2.549418
2.410074
3.794266
2.141116
1.070781
1.974064
1.210600
1.776479
2.398386
2.896637
1.516628
2.034029
1.891518
1.828220
1.092357
1.195934
2.925840
1.393315
2.251318
1.221599
1.843186
4.070976
3.295179
2.385353
1.296949
1.483913
2.036327
2.630511
1.567826
1.603801
2.986122
1.938097
3.019780
1.787054
2.014777
