1.108408
2.073125
2.282746
5.795136
2.169621
2.045125
1.546407
1.381205
2.232490
1.165774
3.013176
2.098703
1.813731
1.132321
2.593808
3.068681
2.563985
2.030698
2.268357
3.319137
1.720334
3.443588
2.676788
3.719884
2.358429
2.105966
1.827772
2.000103
2.092697
0.997912
2.042172
2.767786
2.676483
2.376064
3.311622
2.736892
2.725221
1.748015
1.411297
2.494813
2.516898
2.977200
1.519876
2.992061
1.657886
1.771976
1.481927
1.974875
1.791160
1.941365
1.528732
1.963568
1.573024
2.280575
1.610487
2.394777
2.140359
1.605168
1.324909
1.476917
1.098207
2.165025
1.248664
2.090928
1.991350
1.594278
1.460978
1.298202
4.385337
1.758275
2.380380
3.415166
1.106728
2.428831
2.329885
2.743049
3.099623
2.772824
1.668073
1.640323
1.871344
1.498515
2.027523
1.470230
1.934290
1.538986
3.019561
2.032400
2.267191
1.360276
1.568481
2.277190
2.442133
2.421013
1.896109
1.648242
1.961850
1.586778
1.161594
5.385437
1.207485
2.742346
1.819473
1.383912
2.592853
1.444263
2.083517
1.751978
1.364056
2.041609
1.542075
1.860005
2.296084
1.193988
2.406322
1.390502
1.389646
2.205714
2.603518
1.865875
4.406612
1.766544
1.753386
2.521468
1.133601
1.663166
2.241538
1.318372
1.340658
1.318939
2.153015
5.288913
2.151321
1.334910
2.157662
3.373574
1.223405
3.016201
1.673824
1.356497
2.227814
1.204134
2.216615
1.784772
1.452451
1.735085
3.081056
1.521376
1.834836
1.991935
1.321913
1.776562
2.083879
2.098898
2.142683
0.884699
1.582471
3.865158
1.929504
1.637828
3.922087
1.323476
1.833645
1.264699
1.190551
1.799233
1.298448
2.275306
1.930300
1.561586
1.330307
1.107377
1.357527
1.559671
1.501728
1.662629
1.479558
1.777654
1.796114
2.127568
1.228626
2.288518
2.104124
2.518578
2.697083
1.713786
1.197811
1.602353
2.967724
1.328685
1.164599
2.374912
1.706840
2.533774
2.340547
2.569731
1.759081
1.044179
1.506817
2.637910
2.250056
1.762937
1.318645
1.590768
1.662253
2.889022
1.880697
1.758000
1.964839
1.375649
2.533796
4.063148
2.378972
2.254040
1.516742
1.548600
1.901131
1.815623
