3.101782
1.565364
1.536631
1.859588
4.683804
1.358894
1.789009
1.631282
1.519001
1.155834
2.317986
2.445681
1.489227
3.206468
1.792190
2.860355
2.705103
3.207324
5.073459
3.053196
2.752752
1.717093
3.057758
2.473829
1.718392
2.297491
1.107838
1.329056
1.760128
1.905864
2.120043
1.334620
1.775224
3.468266
1.707419
1.233759
2.088271
2.211029
1.606333
2.188211
1.377307
2.334151
2.130805
3.285941
2.669787
2.848558
1.746052
1.497640
3.557997
3.087157
1.715111
2.248338
2.488777
1.659030
1.063871
2.071909
1.055784
1.869156
3.033131
1.884920
4.969519
2.567472
2.826131
1.908559
1.622694
1.738782
3.179185
2.590417
1.111390
1.973076
2.320466
1.979855
1.830037
1.355806
2.191950
0.981314
3.210635
2.556892
1.741748
1.292673
1.566621
2.658587
0.994653
1.746399
1.703381
3.319006
1.613670
1.927631
1.655349
1.708851
1.760014
1.987407
5.886767
1.392224
2.216913
1.902733
1.144747
1.470232
1.189196
2.771914
2.887100
1.291771
2.041524
1.399840
2.980264
2.753089
