1.577855
1.717249
1.798302
1.389027
2.305995
1.802753
2.260701
1.681415
1.200671
1.617180
1.381521
1.202128
1.773363
1.289112
2.269151
0.983417
1.749686
1.688308
1.921781
2.633296
1.454244
1.206838
2.526896
1.479040
1.867940
2.283946
2.467325
1.791845
1.888944
1.663641
1.742525
1.846754
2.337286
0.947904
1.813392
2.136112
1.739465
1.398819
3.378853
1.090361
1.311078
1.243357
1.998780
2.214350
2.784857
1.563167
1.954874
3.001691
1.295878
1.630601
1.988691
1.395640
1.874326
1.981860
1.394550
1.305144
1.157299
2.077600
1.272905
1.862587
1.617568
1.230443
2.238084
1.404900
1.228264
2.770530
1.658064
1.406470
1.657835
2.074183
1.272407
1.188620
1.747191
2.289630
1.310633
1.857517
2.526625
1.088183
1.604352
1.472179
2.299353
1.248885
1.637840
1.788392
1.254445
1.342462
2.205391
1.190041
1.725267
2.037280
2.002865
2.742283
1.797965
1.472895
3.663125
1.538884
2.243516
1.880361
1.534863
1.559069
2.086988
1.908353
2.097304
1.549488
1.138380
1.249940
1.559834
1.391817
1.152488
1.399716
1.562048
1.726344
1.410347
2.200378
1.185718
1.657997
2.358209
1.516525
1.414161
1.753357
1.002977
1.340618
1.902143
1.625150
1.545068
1.974700
1.565666
1.894737
1.598469
1.276570
1.340820
1.350843
1.558074
3.261912
1.813257
2.375216
1.520695
2.813939
1.864157
1.808441
1.597633
1.411576
1.196823
2.366937
2.488067
1.992260
1.101612
2.347577
1.316693
2.382082
1.924240
1.259340
1.126288
1.802605
1.164135
1.954230
1.327469
1.818875
1.086605
1.697022
1.876214
1.623482
1.392472
1.190872
1.123415
2.040906
1.754352
2.336422
1.646250
1.538295
1.438147
1.247336
1.766670
0.923229
1.685691
