6.356394
2.837313
1.322665
1.577196
1.972699
1.495561
1.964506
2.395569
1.945030
1.464068
1.510403
1.810411
2.562794
1.901553
2.226173
2.907536
1.233093
4.446941
2.642105
2.217842
1.601694
2.713826
1.181798
1.653809
1.110402
3.155323
4.059794
1.682087
2.691231
1.336095
3.193151
1.589136
2.736365
2.100246
3.602296
1.980277
6.791097
1.700918
1.394036
4.723913
7.989849
1.802720
1.746893
3.177747
1.331125
2.278680
2.922969
2.337235
2.126005
1.179104
1.714407
2.028603
1.590244
3.048015
1.147031
3.428074
1.616675
1.209107
4.804918
2.044448
2.038176
1.831922
2.345351
2.235521
2.174611
2.372378
1.686879
1.785236
2.425027
6.392092
1.184201
1.681091
1.743441
1.380599
1.972532
1.466728
5.477519
1.697747
3.915201
2.097219
3.072344
1.686072
2.832195
1.929724
1.974220
1.581896
1.628394
1.257476
1.343025
1.746721
1.471893
2.830452
2.726258
2.737597
2.541562
2.540566
1.062689
1.232021
1.900638
2.673121
2.112578
1.473076
1.537908
2.826868
1.818317
1.635079
1.141008
1.099852
3.102341
1.425760
1.883897
2.224814
1.800165
1.755748
1.571731
1.759293
1.541130
2.047184
1.620275
1.411742
2.794964
1.990291
4.014557
3.587893
3.830865
1.760794
2.242515
3.814113
2.616228
1.493772
2.129114
2.454478
1.580046
1.782069
2.591923
3.408361
1.926608
1.753534
2.126349
3.032860
1.958564
1.986588
2.833825
1.309536
2.108688
1.206582
3.463892
1.423368
1.365117
1.615316
