1 2 0.847973
1 4 0.922364
1 5 0.937909
1 6 0.999008
1 7 0.957898
1 8 0.953476
1 9 0.937219
1 11 0.500000
1 13 0.761716
1 14 0.500000
2 1 0.847973
4 1 0.922364
4 14 0.500000
5 1 0.937909
6 1 0.999008
7 1 0.957898
7 14 0.500000
8 1 0.953476
8 14 0.500000
9 1 0.937219
11 1 0.500000
11 14 0.500000
13 1 0.761716
13 14 0.500000
14 1 0.500000
14 4 0.500000
14 7 0.500000
14 8 0.500000
14 11 0.500000
14 13 0.500000
1 1 0.975651
1 3 0.500000
1 10 0.663650
1 12 0.500000
2 2 0.695397
2 3 0.500000
2 4 0.764733
2 5 0.780384
2 6 0.950447
2 7 0.805231
2 8 0.800378
2 9 0.771273
2 10 0.580496
2 11 0.500000
2 12 0.500000
2 13 0.632048
2 14 0.500000
3 1 0.500000
3 2 0.500000
3 3 0.500000
3 4 0.500000
3 5 0.500000
3 6 0.500000
3 7 0.500000
3 8 0.500000
3 9 0.500000
3 10 0.500000
3 11 0.500000
3 12 0.500000
3 13 0.500000
3 14 0.500000
4 2 0.764733
4 3 0.500000
4 4 0.865229
4 5 0.855510
4 6 0.987352
4 7 0.861692
4 8 0.878315
4 9 0.855036
4 10 0.609149
4 11 0.500000
4 12 0.500000
4 13 0.688522
5 2 0.780384
5 3 0.500000
5 4 0.855510
5 5 0.887909
5 6 0.992114
5 7 0.912602
5 8 0.906264
5 9 0.880178
5 10 0.621424
5 11 0.500000
5 12 0.500000
5 13 0.702956
5 14 0.500000
6 2 0.950447
6 3 0.500000
6 4 0.987352
6 5 0.992114
6 6 1.000000
6 7 0.998958
6 8 0.992113
6 9 0.996920
6 10 0.766741
6 11 0.500000
6 12 0.500000
6 13 0.938026
6 14 0.500000
7 2 0.805231
7 3 0.500000
7 4 0.861692
7 5 0.912602
7 6 0.998958
7 7 0.981088
7 8 0.937370
7 9 0.914499
7 10 0.648450
7 11 0.500000
7 12 0.500000
7 13 0.737138
8 2 0.800378
8 3 0.500000
8 4 0.878315
8 5 0.906264
8 6 0.992113
8 7 0.937370
8 8 0.988486
8 9 0.915909
8 10 0.629116
8 11 0.500000
8 12 0.500000
8 13 0.754471
9 2 0.771273
9 3 0.500000
9 4 0.855036
9 5 0.880178
9 6 0.996920
9 7 0.914499
9 8 0.915909
9 9 0.900318
9 10 0.616295
9 11 0.500000
9 12 0.500000
9 13 0.723510
9 14 0.500000
10 1 0.663650
10 2 0.580496
10 3 0.500000
10 4 0.609149
10 5 0.621424
10 6 0.766741
10 7 0.648450
10 8 0.629116
10 9 0.616295
10 10 0.537438
10 11 0.500000
10 12 0.500000
10 13 0.555978
10 14 0.500000
11 2 0.500000
11 3 0.500000
11 4 0.500000
11 5 0.500000
11 6 0.500000
11 7 0.500000
11 8 0.500000
11 9 0.500000
11 10 0.500000
11 11 0.500000
11 12 0.500000
11 13 0.500000
12 1 0.500000
12 2 0.500000
12 3 0.500000
12 4 0.500000
12 5 0.500000
12 6 0.500000
12 7 0.500000
12 8 0.500000
12 9 0.500000
12 10 0.500000
12 11 0.500000
12 12 0.500000
12 13 0.500000
12 14 0.500000
13 2 0.632048
13 3 0.500000
13 4 0.688522
13 5 0.702956
13 6 0.938026
13 7 0.737138
13 8 0.754471
13 9 0.723510
13 10 0.555978
13 11 0.500000
13 12 0.500000
13 13 0.681619
14 2 0.500000
14 3 0.500000
14 5 0.500000
14 6 0.500000
14 9 0.500000
14 10 0.500000
14 12 0.500000
14 14 0.500000
