1 2 0.618355
1 4 0.743797
1 5 0.819788
1 6 0.756240
1 7 0.806991
1 8 0.775332
1 9 0.814157
1 11 0.500000
1 13 0.700196
1 14 0.500000
2 1 0.618355
4 1 0.743797
4 14 0.500000
5 1 0.819788
6 1 0.756240
7 1 0.806991
7 14 0.500000
8 1 0.775332
8 14 0.500000
9 1 0.814157
11 1 0.500000
11 14 0.500000
13 1 0.700196
13 14 0.500000
14 1 0.500000
14 4 0.500000
14 7 0.500000
14 8 0.500000
14 11 0.500000
14 13 0.500000
1 1 0.893507
1 3 0.500000
1 10 0.548316
1 12 0.500000
2 2 0.637912
2 3 0.500000
2 4 0.516714
2 5 0.533447
2 6 0.557892
2 7 0.562576
2 8 0.581197
2 9 0.569253
2 10 0.499646
2 11 0.500000
2 12 0.500000
2 13 0.538221
2 14 0.500000
3 1 0.500000
3 2 0.500000
3 3 0.500000
3 4 0.500000
3 5 0.500000
3 6 0.500000
3 7 0.500000
3 8 0.500000
3 9 0.500000
3 10 0.500000
3 11 0.500000
3 12 0.500000
3 13 0.500000
3 14 0.500000
4 2 0.516714
4 3 0.500000
4 4 0.682407
4 5 0.671450
4 6 0.643721
4 7 0.671597
4 8 0.648032
4 9 0.666384
4 10 0.527998
4 11 0.500000
4 12 0.500000
4 13 0.609116
5 2 0.533447
5 3 0.500000
5 4 0.671450
5 5 0.894780
5 6 0.725302
5 7 0.737943
5 8 0.708886
5 9 0.775846
5 10 0.537605
5 11 0.500000
5 12 0.500000
5 13 0.650740
5 14 0.500000
6 2 0.557892
6 3 0.500000
6 4 0.643721
6 5 0.725302
6 6 0.681918
6 7 0.688136
6 8 0.647191
6 9 0.706922
6 10 0.524614
6 11 0.500000
6 12 0.500000
6 13 0.608510
6 14 0.500000
7 2 0.562576
7 3 0.500000
7 4 0.671597
7 5 0.737943
7 6 0.688136
7 7 0.731567
7 8 0.686799
7 9 0.738065
7 10 0.534754
7 11 0.500000
7 12 0.500000
7 13 0.640120
8 2 0.581197
8 3 0.500000
8 4 0.648032
8 5 0.708886
8 6 0.647191
8 7 0.686799
8 8 0.707722
8 9 0.685059
8 10 0.526939
8 11 0.500000
8 12 0.500000
8 13 0.623840
9 2 0.569253
9 3 0.500000
9 4 0.666384
9 5 0.775846
9 6 0.706922
9 7 0.738065
9 8 0.685059
9 9 0.777656
9 10 0.528108
9 11 0.500000
9 12 0.500000
9 13 0.647874
9 14 0.500000
10 1 0.548316
10 2 0.499646
10 3 0.500000
10 4 0.527998
10 5 0.537605
10 6 0.524614
10 7 0.534754
10 8 0.526939
10 9 0.528108
10 10 0.508978
10 11 0.500000
10 12 0.500000
10 13 0.518885
10 14 0.500000
11 2 0.500000
11 3 0.500000
11 4 0.500000
11 5 0.500000
11 6 0.500000
11 7 0.500000
11 8 0.500000
11 9 0.500000
11 10 0.500000
11 11 0.500000
11 12 0.500000
11 13 0.500000
12 1 0.500000
12 2 0.500000
12 3 0.500000
12 4 0.500000
12 5 0.500000
12 6 0.500000
12 7 0.500000
12 8 0.500000
12 9 0.500000
12 10 0.500000
12 11 0.500000
12 12 0.500000
12 13 0.500000
12 14 0.500000
13 2 0.538221
13 3 0.500000
13 4 0.609116
13 5 0.650740
13 6 0.608510
13 7 0.640120
13 8 0.623840
13 9 0.647874
13 10 0.518885
13 11 0.500000
13 12 0.500000
13 13 0.592569
14 2 0.500000
14 3 0.500000
14 5 0.500000
14 6 0.500000
14 9 0.500000
14 10 0.500000
14 12 0.500000
14 14 0.500000
