1 2 0.753839
1 4 0.961168
1 5 0.857959
1 6 0.849172
1 7 0.891966
1 8 0.879427
1 9 0.838857
1 11 0.744622
1 13 0.645773
1 14 0.500000
2 1 0.753839
4 1 0.961168
4 14 0.500000
5 1 0.857959
6 1 0.849172
7 1 0.891966
7 14 0.500000
8 1 0.879427
8 14 0.500000
9 1 0.838857
11 1 0.744622
11 14 0.500000
13 1 0.645773
13 14 0.500000
14 1 0.500000
14 4 0.500000
14 7 0.500000
14 8 0.500000
14 11 0.500000
14 13 0.500000
1 1 0.942434
1 3 0.500000
1 10 0.557075
1 12 0.500000
2 2 0.615798
2 3 0.500000
2 4 0.773216
2 5 0.667052
2 6 0.672321
2 7 0.683806
2 8 0.679206
2 9 0.660434
2 10 0.520531
2 11 0.607304
2 12 0.500000
2 13 0.561691
2 14 0.500000
3 1 0.500000
3 2 0.500000
3 3 0.500000
3 4 0.500000
3 5 0.500000
3 6 0.500000
3 7 0.500000
3 8 0.500000
3 9 0.500000
3 10 0.500000
3 11 0.500000
3 12 0.500000
3 13 0.500000
3 14 0.500000
4 2 0.773216
4 3 0.500000
4 4 0.997050
4 5 0.887881
4 6 0.853129
4 7 0.977139
4 8 0.955533
4 9 0.836086
4 10 0.595345
4 11 0.767186
4 12 0.500000
4 13 0.697469
5 2 0.667052
5 3 0.500000
5 4 0.887881
5 5 0.775934
5 6 0.746302
5 7 0.781163
5 8 0.767293
5 9 0.742441
5 10 0.538258
5 11 0.664818
5 12 0.500000
5 13 0.575608
5 14 0.500000
6 2 0.672321
6 3 0.500000
6 4 0.853129
6 5 0.746302
6 6 0.775167
6 7 0.731046
6 8 0.774001
6 9 0.734209
6 10 0.541451
6 11 0.661437
6 12 0.500000
6 13 0.582223
6 14 0.500000
7 2 0.683806
7 3 0.500000
7 4 0.977139
7 5 0.781163
7 6 0.731046
7 7 0.983936
7 8 0.939936
7 9 0.758623
7 10 0.550637
7 11 0.692317
7 12 0.500000
7 13 0.710834
8 2 0.679206
8 3 0.500000
8 4 0.955533
8 5 0.767293
8 6 0.774001
8 7 0.939936
8 8 0.947494
8 9 0.761492
8 10 0.575554
8 11 0.681075
8 12 0.500000
8 13 0.660547
9 2 0.660434
9 3 0.500000
9 4 0.836086
9 5 0.742441
9 6 0.734209
9 7 0.758623
9 8 0.761492
9 9 0.745423
9 10 0.529835
9 11 0.655394
9 12 0.500000
9 13 0.593485
9 14 0.500000
10 1 0.557075
10 2 0.520531
10 3 0.500000
10 4 0.595345
10 5 0.538258
10 6 0.541451
10 7 0.550637
10 8 0.575554
10 9 0.529835
10 10 0.514162
10 11 0.520243
10 12 0.500000
10 13 0.515919
10 14 0.500000
11 2 0.607304
11 3 0.500000
11 4 0.767186
11 5 0.664818
11 6 0.661437
11 7 0.692317
11 8 0.681075
11 9 0.655394
11 10 0.520243
11 11 0.602772
11 12 0.500000
11 13 0.556351
12 1 0.500000
12 2 0.500000
12 3 0.500000
12 4 0.500000
12 5 0.500000
12 6 0.500000
12 7 0.500000
12 8 0.500000
12 9 0.500000
12 10 0.500000
12 11 0.500000
12 12 0.500000
12 13 0.500000
12 14 0.500000
13 2 0.561691
13 3 0.500000
13 4 0.697469
13 5 0.575608
13 6 0.582223
13 7 0.710834
13 8 0.660547
13 9 0.593485
13 10 0.515919
13 11 0.556351
13 12 0.500000
13 13 0.605959
14 2 0.500000
14 3 0.500000
14 5 0.500000
14 6 0.500000
14 9 0.500000
14 10 0.500000
14 12 0.500000
14 14 0.500000
