1 2 0.736714
1 4 0.777505
1 5 0.761395
1 6 0.871453
1 7 0.813770
1 8 0.685187
1 9 0.872775
1 11 0.500000
1 13 0.586318
1 14 0.500000
2 1 0.736714
4 1 0.777505
4 14 0.500000
5 1 0.761395
6 1 0.871453
7 1 0.813770
7 14 0.500000
8 1 0.685187
8 14 0.500000
9 1 0.872775
11 1 0.500000
11 14 0.500000
13 1 0.586318
13 14 0.500000
14 1 0.500000
14 4 0.500000
14 7 0.500000
14 8 0.500000
14 11 0.500000
14 13 0.500000
1 1 0.936252
1 3 0.500000
1 10 0.568957
1 12 0.500000
2 2 0.602259
2 3 0.500000
2 4 0.626030
2 5 0.607374
2 6 0.679595
2 7 0.644441
2 8 0.578318
2 9 0.684507
2 10 0.522557
2 11 0.500000
2 12 0.500000
2 13 0.523147
2 14 0.500000
3 1 0.500000
3 2 0.500000
3 3 0.500000
3 4 0.500000
3 5 0.500000
3 6 0.500000
3 7 0.500000
3 8 0.500000
3 9 0.500000
3 10 0.500000
3 11 0.500000
3 12 0.500000
3 13 0.500000
3 14 0.500000
4 2 0.626030
4 3 0.500000
4 4 0.688050
4 5 0.626692
4 6 0.729126
4 7 0.682658
4 8 0.581791
4 9 0.731625
4 10 0.518876
4 11 0.500000
4 12 0.500000
4 13 0.525413
5 2 0.607374
5 3 0.500000
5 4 0.626692
5 5 0.642648
5 6 0.678464
5 7 0.646446
5 8 0.584352
5 9 0.728655
5 10 0.532362
5 11 0.500000
5 12 0.500000
5 13 0.517680
5 14 0.500000
6 2 0.679595
6 3 0.500000
6 4 0.729126
6 5 0.678464
6 6 0.825965
6 7 0.761503
6 8 0.630571
6 9 0.776299
6 10 0.531679
6 11 0.500000
6 12 0.500000
6 13 0.569490
6 14 0.500000
7 2 0.644441
7 3 0.500000
7 4 0.682658
7 5 0.646446
7 6 0.761503
7 7 0.716500
7 8 0.604258
7 9 0.746198
7 10 0.523930
7 11 0.500000
7 12 0.500000
7 13 0.528517
8 2 0.578318
8 3 0.500000
8 4 0.581791
8 5 0.584352
8 6 0.630571
8 7 0.604258
8 8 0.582965
8 9 0.697965
8 10 0.518962
8 11 0.500000
8 12 0.500000
8 13 0.509647
9 2 0.684507
9 3 0.500000
9 4 0.731625
9 5 0.728655
9 6 0.776299
9 7 0.746198
9 8 0.697965
9 9 0.999219
9 10 0.583433
9 11 0.500000
9 12 0.500000
9 13 0.600579
9 14 0.500000
10 1 0.568957
10 2 0.522557
10 3 0.500000
10 4 0.518876
10 5 0.532362
10 6 0.531679
10 7 0.523930
10 8 0.518962
10 9 0.583433
10 10 0.521719
10 11 0.500000
10 12 0.500000
10 13 0.530376
10 14 0.500000
11 2 0.500000
11 3 0.500000
11 4 0.500000
11 5 0.500000
11 6 0.500000
11 7 0.500000
11 8 0.500000
11 9 0.500000
11 10 0.500000
11 11 0.500000
11 12 0.500000
11 13 0.500000
12 1 0.500000
12 2 0.500000
12 3 0.500000
12 4 0.500000
12 5 0.500000
12 6 0.500000
12 7 0.500000
12 8 0.500000
12 9 0.500000
12 10 0.500000
12 11 0.500000
12 12 0.500000
12 13 0.500000
12 14 0.500000
13 2 0.523147
13 3 0.500000
13 4 0.525413
13 5 0.517680
13 6 0.569490
13 7 0.528517
13 8 0.509647
13 9 0.600579
13 10 0.530376
13 11 0.500000
13 12 0.500000
13 13 0.671229
14 2 0.500000
14 3 0.500000
14 5 0.500000
14 6 0.500000
14 9 0.500000
14 10 0.500000
14 12 0.500000
14 14 0.500000
