2.019041
1.856159
2.131134
3.029477
2.100654
2.408819
2.917898
2.297653
2.989024
3.142844
1.818713
2.140561
2.804939
2.203305
2.948781
1.693222
2.298778
1.465150
2.646390
1.947813
2.663381
2.296591
1.799623
2.865058
4.079253
2.864968
2.336733
2.645225
4.521536
1.812469
2.776646
1.675936
2.227938
2.329643
1.755162
1.700605
2.707348
2.353172
4.016332
2.136231
2.782067
1.601114
3.665244
5.594681
3.573397
2.993598
2.294944
4.564066
2.941341
1.622984
2.519062
4.228869
1.257725
2.494015
1.769892
3.257084
1.888249
2.905470
1.477005
1.640042
1.948441
2.840912
2.484266
1.613217
1.386436
1.561570
2.038030
4.165494
2.760046
2.599972
4.058544
2.256195
3.694931
2.983726
3.095142
2.554183
3.595429
2.795498
2.004030
2.042556
1.529820
2.944089
1.980845
2.757509
1.544157
2.847540
1.963427
2.122549
3.609557
1.738585
2.772773
5.144546
2.286133
5.090987
4.748656
3.471872
2.553468
3.723920
2.018137
2.024265
1.706006
2.832453
4.078617
2.621989
2.992172
1.936613
1.360263
3.309202
1.657910
3.223416
3.642926
2.115077
2.515624
2.498441
2.541401
4.034500
1.354997
1.547132
1.849733
1.808018
2.078653
3.185780
2.257465
1.725241
2.268372
3.879498
4.683758
4.575388
2.041099
2.396178
1.609230
2.304897
1.657420
2.451590
4.677271
2.734058
2.072260
2.237933
2.693593
2.649724
2.311817
2.106124
2.167919
1.445001
3.284052
1.315016
2.395657
1.860074
1.483774
2.006184
2.318374
2.836889
1.923230
1.770344
3.268423
2.229153
1.067712
1.929564
1.926069
2.006439
2.767392
3.282880
2.737571
2.206581
3.599345
2.377100
2.732692
3.821883
2.896477
2.148096
3.593898
2.061363
2.462339
3.513925
1.855292
1.799513
1.738385
1.706800
3.516326
3.543022
2.100260
3.342651
1.659191
2.453644
2.577246
3.130119
3.487907
2.159725
1.793802
2.009986
2.301883
4.108238
4.223063
2.180012
2.817561
2.570347
3.080683
2.540541
2.831131
2.938740
2.498060
1.757801
3.842199
1.869535
1.956083
1.694397
1.572703
1.850844
1.991280
1.630796
3.652451
2.651173
1.501575
3.823069
4.502501
2.385567
2.093915
1.433967
4.160761
2.081316
4.292195
3.456661
2.010867
1.927638
2.850739
2.390735
1.913764
1.833040
2.062955
3.580263
2.342388
2.471800
1.329892
1.038419
1.639997
1.920042
2.681367
1.814921
1.332857
3.998953
1.963392
2.304869
3.124972
3.038228
3.244533
2.509782
1.766112
1.854304
1.498583
1.529622
2.616281
4.160355
3.263823
3.369753
2.578215
2.730056
3.427175
2.232409
2.402905
2.250563
1.735278
2.348037
3.520857
1.277361
1.935376
1.772084
1.635987
1.999333
3.145544
1.645417
2.497125
2.179316
3.673221
1.686283
1.740233
2.096459
2.316769
1.853451
1.518216
1.427904
1.877791
3.970162
2.746820
2.058295
1.600450
1.774923
1.581053
2.327069
4.679564
1.709674
1.629688
2.008151
2.367342
1.762715
2.498096
1.387161
1.863381
2.134117
2.521700
1.278943
1.326613
2.653998
1.830809
1.701430
2.523701
2.772015
2.508248
1.454747
1.902149
1.976224
1.185647
2.861192
2.797102
1.768745
2.024154
2.049024
2.198172
2.750198
2.505789
4.716024
2.119587
4.709615
2.365039
2.045243
4.417047
1.230781
2.715125
3.444489
2.306913
1.359160
2.443308
2.230580
2.797659
1.923840
2.338415
3.105637
1.911983
2.400924
2.189941
2.146486
3.109340
1.364167
2.907289
2.336292
2.380537
1.701064
2.887667
1.428386
2.544580
2.712328
2.220635
1.815719
2.750563
1.623715
2.325116
1.556274
0.952143
1.884649
2.055004
1.097053
2.670944
1.163700
3.445340
2.437597
3.193281
1.958502
2.454514
2.707161
2.389458
3.286393
2.889170
2.263458
1.579882
3.785471
1.127332
3.186657
1.746523
3.127165
2.106421
1.204988
1.824916
2.418744
2.615725
1.432372
2.145867
1.987270
2.064438
1.813679
2.003835
2.910149
2.172386
2.791368
2.702722
1.206345
3.017010
2.028355
2.379544
3.063151
2.115865
1.606825
3.399097
1.116436
1.545167
2.698985
2.117581
2.833639
1.739450
1.471019
1.615369
2.229408
1.313354
2.728113
2.634340
1.869028
1.025837
2.231682
1.997701
2.616594
2.828991
1.298590
1.866301
2.643578
1.226745
3.680293
1.645190
2.958537
1.351517
3.185043
2.796106
1.511176
1.584507
2.083052
2.546212
2.257192
2.642038
1.967111
2.289255
1.876646
3.101507
2.448688
1.957541
4.217311
1.208877
1.393926
1.940805
2.283438
3.954345
2.477118
3.184056
1.580074
2.504323
1.784325
1.676396
2.683424
2.441298
2.625390
2.017906
2.767876
2.305248
1.584297
2.436072
2.463006
1.868778
2.717821
1.093176
1.296320
1.609234
2.359677
3.201251
1.717147
2.500503
1.461267
0.979009
1.420326
3.479304
1.642761
1.782469
2.161987
4.549993
2.012237
1.918363
2.288777
1.029809
1.962154
1.781205
2.346963
2.837376
3.146301
2.364611
1.904869
1.814789
1.636932
1.901281
0.872497
1.987480
4.509000
2.657783
3.289118
2.438521
2.101914
2.290805
0.869920
1.525543
2.710892
1.782146
2.767711
4.243669
2.628492
2.928145
1.354572
2.118328
1.482653
2.552168
1.717160
1.533036
1.648989
2.005413
2.399530
2.221458
2.206851
2.793051
2.814898
1.619523
1.666057
2.026131
2.231022
1.529081
1.064907
1.492025
2.483975
2.788126
1.752386
2.071562
1.858298
1.828458
3.574733
3.523929
3.182793
2.064246
1.908118
2.364612
2.633001
2.054962
5.099900
1.770459
1.097583
2.511612
1.965272
1.391230
4.042436
2.083028
1.209970
1.873592
2.921731
3.379807
2.162788
2.529822
1.837987
2.427977
2.885618
2.492780
2.498500
1.397259
2.736591
2.150774
1.533852
1.303868
2.438500
1.566808
1.410189
2.810518
2.443443
3.146521
1.795089
2.368649
2.061314
2.531061
1.980484
2.225210
2.021535
1.317863
1.240132
2.019600
1.835759
1.997281
3.394633
1.762152
2.005069
1.460268
2.044779
1.934151
1.031091
2.145883
2.272155
2.532114
2.548378
2.427689
1.837999
2.299614
1.557574
1.662350
1.193338
2.636720
1.284781
2.290321
2.231677
3.768318
2.135893
2.074740
1.877764
2.620304
1.805984
3.223221
2.315382
2.559050
1.606238
2.132218
1.879614
2.314092
1.887010
1.633114
1.892966
1.508160
2.999422
1.982464
1.499523
1.915330
1.353659
1.440497
2.637494
1.922294
2.310892
2.537763
1.608619
1.814948
1.022018
2.098452
1.399473
1.461213
1.744426
2.616875
1.463503
2.203612
1.886280
1.300839
2.146753
1.696214
1.145987
1.422336
1.855903
1.118937
2.460879
2.016905
1.664773
0.999106
1.591937
2.093786
3.521216
1.814704
2.943053
1.339849
2.072439
2.108366
3.368075
2.254276
1.719105
2.281773
2.600847
1.064044
1.493530
