4.132248
2.329974
5.386567
2.613959
2.309856
3.578301
3.978628
2.932903
2.111188
2.128859
3.038732
3.156963
2.603707
2.551122
3.635433
4.623884
2.072332
3.241267
4.778927
2.824459
1.848038
2.213750
5.504192
3.045956
3.617319
2.916998
2.427788
2.046231
2.506270
2.402614
3.292893
1.956545
3.630440
2.799763
2.840048
4.035475
1.904567
1.875630
2.251191
2.292236
3.067476
2.657527
1.857094
1.870077
2.995374
2.856598
1.702711
4.189447
2.283477
3.330273
2.019327
2.154817
2.234669
2.910153
3.076263
5.446467
3.513551
1.594577
2.157042
1.941192
2.670125
2.781624
2.216886
3.296799
4.120133
3.113714
3.844970
2.889678
1.832283
1.801585
3.380625
4.843464
3.013166
1.689189
2.869194
2.465199
2.463164
1.985268
3.826588
1.526752
2.211438
2.803108
2.190344
2.450981
1.906786
2.222141
1.964757
2.637976
3.212919
2.565597
4.242146
3.414031
2.331357
2.448328
2.398515
3.681399
3.212554
3.197726
3.236164
3.039497
2.138968
1.611160
2.032777
1.787216
2.774557
3.379285
2.060428
2.034105
3.575228
1.481159
2.434272
3.581115
1.541805
3.494246
1.769451
2.386601
1.578923
2.190754
2.055194
1.574177
1.578450
3.372923
2.976475
2.020007
1.876737
2.596751
1.838792
1.993120
3.043315
4.247637
1.864974
2.646986
2.223863
2.594215
2.211740
2.018230
1.781496
2.353388
3.638210
2.446460
1.239959
1.378561
1.681113
1.722845
1.783563
2.116930
1.539355
2.052850
4.448953
3.834858
2.366254
2.558373
4.492552
2.753159
2.596271
1.894913
1.584706
2.182221
1.823948
2.267559
2.212677
1.560683
1.996698
2.162528
2.886546
3.203796
1.825376
1.383819
2.023265
1.749610
2.704282
2.135039
2.834806
2.297815
2.996517
5.356607
1.457507
2.673681
2.594427
2.646742
1.659795
2.009066
1.552749
2.824713
3.599740
1.775688
1.934945
8.548481
3.732460
2.542964
2.309467
2.080001
2.631673
1.809219
1.729356
1.936721
2.432329
3.279266
1.646210
2.011249
2.459662
1.754286
2.950176
3.080690
4.909551
3.073597
3.111767
1.515237
5.913308
2.144231
2.237920
3.106985
2.086229
1.490967
2.259340
5.122766
2.525997
3.002181
2.017021
3.506808
2.456726
3.090714
2.505045
3.120084
1.907833
1.715769
2.439725
1.899420
