1.679646
1.477577
2.705502
1.329615
3.635943
1.180402
3.248529
1.257299
2.035598
3.649463
2.573140
1.966871
2.611225
2.690124
2.375067
2.347870
2.793630
3.304941
1.620097
2.148143
1.389872
1.494973
2.102231
2.436133
5.973624
1.710500
1.825062
4.372705
1.708328
2.105857
2.262285
3.680641
1.966189
1.540625
2.127420
4.235505
2.458044
2.012752
1.730960
2.975325
1.728470
2.374607
2.222175
4.366013
2.900425
2.051691
4.132977
1.838817
2.292524
2.725918
2.006271
1.666116
1.711787
2.717496
4.776979
2.099154
3.222758
2.345980
2.061370
1.382979
1.868151
3.042411
1.786610
2.692446
1.318163
3.501760
1.855728
3.301114
2.800498
2.229517
4.567846
2.417938
3.418759
3.190261
2.906268
2.072760
3.337635
3.796081
3.673294
3.032304
2.865844
1.650557
4.099453
1.967956
2.308112
1.832030
1.988314
2.213695
2.962440
1.613901
2.396717
1.742560
2.579093
1.703035
1.875273
2.738621
4.315708
2.319659
1.652039
5.111991
2.955689
1.539292
2.304173
1.854109
1.284635
1.777769
1.328488
3.622736
1.363612
2.121268
1.335482
2.827489
1.529503
3.543240
2.287199
1.588438
1.561271
1.234232
1.372854
2.035880
4.104742
1.419179
2.308295
2.371891
1.978188
1.859554
1.446584
2.152922
2.405871
7.947796
1.652964
1.920569
1.728142
1.946635
1.430600
1.140819
1.467154
3.511641
2.138178
2.322685
1.676026
2.932696
2.307122
3.466096
2.126096
2.523654
2.143040
1.257976
2.026403
1.194916
1.641918
2.030082
3.469148
3.443756
1.850794
1.865865
2.183284
1.848665
3.309775
3.042641
3.491569
2.345739
3.233961
2.999594
1.677317
2.573565
1.869655
1.904992
2.465009
2.439169
4.357758
2.294916
2.782729
2.451628
1.457197
1.510692
1.625733
3.715012
1.961590
1.994325
4.313972
2.684065
1.543228
1.835958
1.546426
3.507239
1.587087
2.447992
1.863161
1.594749
1.357381
2.112888
2.608390
2.555576
2.203022
1.691845
3.306374
2.222678
3.436419
2.029806
1.890434
1.871414
1.571357
3.140521
4.900365
1.303870
1.851579
1.337820
2.780422
2.416679
1.908464
2.234715
1.675588
2.742071
1.676344
1.852909
2.742079
1.684754
1.605927
2.480852
1.524549
1.996638
3.532755
2.096435
1.824317
1.224139
2.086606
2.068482
2.683195
2.552129
2.263400
1.783611
1.638008
2.668845
3.468419
1.504409
2.463467
0.986921
3.009781
1.192511
3.043828
3.841180
2.438262
2.847594
2.442724
2.922392
1.650660
2.114932
5.438850
3.329494
0.928295
1.735371
1.375585
4.199286
2.435964
1.987222
2.423595
2.365196
2.372595
1.951787
2.320916
1.189489
1.048543
1.611359
2.433619
1.400216
2.045081
1.306437
1.716579
2.099052
2.143244
2.507827
3.764816
1.583949
1.541737
2.089085
3.260628
2.302540
1.780320
2.343832
2.221861
2.667429
2.358116
2.484987
1.233629
2.552738
1.455220
2.500795
1.299172
