4.751709
1.665239
3.009552
2.341247
1.145743
2.615190
2.077208
4.338898
2.583312
2.280707
2.511680
2.162781
3.413585
1.639437
1.701174
1.802174
2.569530
2.561977
2.003694
2.888167
2.408395
1.855446
1.159848
1.551742
2.057327
2.422393
1.950927
2.489819
3.688853
3.104197
2.760202
2.222357
2.131068
4.401146
1.757092
2.197865
2.783596
1.821234
1.412012
2.699001
2.660917
1.565569
2.793732
3.018378
2.728724
1.641964
2.433642
1.958778
3.327373
1.305957
2.433401
2.483027
1.996826
3.078719
1.798795
1.648025
1.856831
1.471868
2.194241
2.180690
2.903914
2.865157
1.548162
2.123019
2.136438
3.734447
3.147372
2.791929
2.055479
2.319199
2.049406
2.205416
2.951154
5.861434
2.481111
1.804174
3.723884
1.757556
1.592292
2.869586
2.036960
2.929815
2.538102
1.278070
1.460619
3.740177
1.286007
2.105305
1.426520
1.413878
1.715908
3.263542
1.811924
2.405114
1.887300
3.078879
1.930531
1.642872
1.537359
1.223150
1.224040
2.007708
1.518417
3.798427
1.919167
2.578206
2.256469
2.275685
2.447257
3.583780
1.717522
3.217316
1.217498
1.805652
3.871616
1.504449
1.676646
2.695966
3.672940
1.675101
2.074309
1.262607
1.284439
3.507695
1.847761
1.412340
3.492310
1.444896
1.591568
1.574255
1.940201
1.414330
2.686809
3.295101
1.296175
2.196947
1.402062
2.554657
1.398327
1.581784
2.353242
2.446480
1.733425
1.713516
3.939748
2.802009
1.620190
2.464851
3.917377
1.146074
2.999264
3.204000
2.957845
2.178115
2.774415
2.305194
1.511918
3.448420
1.442584
1.176160
1.621275
2.374716
1.979251
1.661674
1.375960
2.761240
1.519224
2.299859
3.802575
1.347936
1.644752
1.592513
1.642154
4.265120
1.110513
1.760776
1.062525
1.295334
3.513234
3.607507
1.845626
1.437663
2.399968
1.492821
2.397577
1.278628
1.269543
6.374236
1.346323
1.575251
1.288089
2.439339
1.922083
1.990116
2.883512
1.396275
1.728626
2.978512
3.178034
3.512851
2.533454
2.659511
3.208681
2.110566
2.554832
3.587255
2.125345
3.717829
2.278521
1.936141
1.653969
1.906969
2.200508
1.714139
2.157556
1.139905
1.835919
2.487483
1.797707
1.553691
2.126478
1.544439
1.982161
1.603698
1.240462
1.620625
1.447368
2.083926
1.151962
2.926164
2.013078
2.045498
1.400983
2.084404
2.145149
1.530364
2.959971
2.500061
1.405003
4.191117
1.988206
1.630193
2.116290
2.659228
1.406306
2.179265
1.727951
1.281884
2.325827
2.649853
2.149222
1.526974
2.211604
2.328706
1.883094
2.208468
2.056332
2.535446
2.117965
2.023234
2.765061
1.652692
1.864933
2.528511
1.637652
3.227944
1.682110
1.140730
1.204907
1.763519
2.352015
2.176489
2.092660
1.485373
1.316760
1.165104
2.336440
1.786746
1.634377
1.711549
1.298929
1.489345
2.066628
2.384741
1.746813
1.223524
1.512519
3.177356
1.905056
1.405008
1.613638
2.199155
1.154158
0.978752
2.207595
3.548302
2.096550
1.582056
2.493503
2.091691
1.235615
1.413037
3.557270
0.994907
1.858913
1.391856
1.861333
2.221920
2.103861
2.502201
1.134238
1.862272
1.886617
1.503468
2.345581
2.259453
2.730339
2.190577
1.813958
1.593747
2.562166
2.342420
1.319568
1.653243
2.177685
1.966489
1.589333
1.061048
1.235684
1.865933
1.729985
1.698814
1.584698
2.084494
1.978135
1.265386
1.199162
2.697681
1.047141
1.736792
2.281172
1.890934
1.851524
2.322293
1.516463
2.096700
3.083549
2.535551
1.878744
1.252880
1.091933
1.858469
1.609088
1.103886
1.545282
1.709464
2.303991
2.174004
1.672978
1.145897
1.481573
2.126712
1.416086
1.465445
1.991895
2.684742
1.116055
1.549436
1.467216
1.364851
2.186387
1.751448
1.405666
1.859715
1.382479
1.871142
2.063571
2.257063
2.667295
1.082736
1.224979
2.301490
2.657306
1.858895
1.811495
1.909076
2.309744
2.121803
2.065427
3.406699
2.151807
2.501756
1.667525
2.163446
4.297680
1.950847
2.879412
1.742829
1.483276
2.128176
1.575928
1.421848
0.993938
1.633290
2.302542
1.093352
3.380532
2.766866
1.606634
1.242341
3.046715
1.602419
1.206941
1.385972
1.302523
2.238354
3.482124
2.520671
2.372918
1.739006
2.691253
1.592887
1.854467
1.849240
1.840658
2.442235
2.323650
1.455762
2.169436
1.278468
1.371280
1.814527
1.940114
2.732334
1.785712
1.999049
1.189201
1.010311
1.444253
1.520369
1.964906
1.675691
