1.510824
1.507572
1.618941
2.197062
1.596252
3.986624
1.797948
2.290151
1.394016
1.639301
1.928980
1.561746
2.115382
1.701076
1.694411
1.319667
1.972357
1.653214
2.486801
1.749121
1.679317
2.105144
1.147249
1.869951
1.641776
1.693787
1.622618
3.311609
0.952186
1.783378
1.377788
2.239764
0.984715
1.222967
1.357066
1.196516
1.782457
1.203320
1.472121
1.435761
1.986298
0.909953
1.745143
1.969283
1.293022
2.832424
1.342033
1.590935
1.579578
1.711166
1.086428
1.736830
1.809361
1.973272
2.021466
0.906943
2.279244
2.310436
1.122330
1.723235
1.769563
1.725311
2.817471
1.281655
1.742098
1.108265
1.414085
1.415379
1.355986
1.599279
1.148225
2.588191
1.314625
1.976401
1.346985
1.689645
1.531379
2.780022
1.475911
0.853972
1.502755
1.548316
1.138138
1.750420
1.346058
1.173579
1.044717
1.147950
1.136619
2.844478
1.475088
1.119128
1.259863
1.539096
1.661623
1.216990
1.262874
1.874784
1.227688
1.661471
1.606298
0.908138
1.230732
1.213608
1.244294
1.043417
1.670747
2.189460
3.127911
1.124647
1.477167
1.842935
2.070355
3.319460
2.814037
0.874754
1.410573
1.221581
1.286837
3.714418
2.247869
1.225118
1.389559
1.493566
1.457963
3.387922
2.387366
2.200196
2.490048
2.311534
2.427689
1.995691
1.413730
1.623771
2.520179
1.728225
1.741309
2.574697
1.405437
1.327253
1.993933
1.150002
1.758175
1.796627
1.813185
1.699129
1.887076
1.001418
1.407076
1.222202
1.372506
1.907682
1.219527
2.037620
1.988234
1.292417
1.886524
1.068383
1.089768
1.636149
2.339799
1.734988
1.549251
2.127077
1.421823
