1 2 0.580251
1 4 0.849539
1 5 0.683466
1 6 0.697430
1 7 0.630629
1 8 0.700340
1 9 0.668437
1 11 0.598221
1 13 0.596436
1 14 0.500000
2 1 0.580251
4 1 0.849539
4 14 0.500000
5 1 0.683466
6 1 0.697430
7 1 0.630629
7 14 0.500000
8 1 0.700340
8 14 0.500000
9 1 0.668437
11 1 0.598221
11 14 0.500000
13 1 0.596436
13 14 0.500000
14 1 0.500000
14 4 0.500000
14 7 0.500000
14 8 0.500000
14 11 0.500000
14 13 0.500000
1 1 0.759775
1 3 0.500000
1 10 0.552024
1 12 0.500000
2 2 0.588013
2 3 0.500000
2 4 0.696560
2 5 0.546950
2 6 0.526515
2 7 0.525079
2 8 0.588533
2 9 0.563308
2 10 0.522182
2 11 0.526786
2 12 0.500000
2 13 0.538044
2 14 0.500000
3 1 0.500000
3 2 0.500000
3 3 0.500000
3 4 0.500000
3 5 0.500000
3 6 0.500000
3 7 0.500000
3 8 0.500000
3 9 0.500000
3 10 0.500000
3 11 0.500000
3 12 0.500000
3 13 0.500000
3 14 0.500000
4 2 0.696560
4 3 0.500000
4 4 0.999017
4 5 0.755633
4 6 0.807767
4 7 0.734875
4 8 0.969354
4 9 0.746767
4 10 0.652248
4 11 0.642516
4 12 0.500000
4 13 0.668539
5 2 0.546950
5 3 0.500000
5 4 0.755633
5 5 0.637622
5 6 0.642604
5 7 0.587472
5 8 0.630256
5 9 0.617033
5 10 0.533660
5 11 0.565121
5 12 0.500000
5 13 0.561559
5 14 0.500000
6 2 0.526515
6 3 0.500000
6 4 0.807767
6 5 0.642604
6 6 0.687379
6 7 0.606157
6 8 0.720002
6 9 0.620221
6 10 0.540250
6 11 0.569885
6 12 0.500000
6 13 0.557749
6 14 0.500000
7 2 0.525079
7 3 0.500000
7 4 0.734875
7 5 0.587472
7 6 0.606157
7 7 0.581301
7 8 0.638661
7 9 0.575453
7 10 0.527786
7 11 0.547743
7 12 0.500000
7 13 0.546171
8 2 0.588533
8 3 0.500000
8 4 0.969354
8 5 0.630256
8 6 0.720002
8 7 0.638661
8 8 0.956797
8 9 0.647993
8 10 0.591858
8 11 0.560050
8 12 0.500000
8 13 0.565458
9 2 0.563308
9 3 0.500000
9 4 0.746767
9 5 0.617033
9 6 0.620221
9 7 0.575453
9 8 0.647993
9 9 0.622253
9 10 0.530698
9 11 0.555578
9 12 0.500000
9 13 0.554271
9 14 0.500000
10 1 0.552024
10 2 0.522182
10 3 0.500000
10 4 0.652248
10 5 0.533660
10 6 0.540250
10 7 0.527786
10 8 0.591858
10 9 0.530698
10 10 0.524150
10 11 0.516973
10 12 0.500000
10 13 0.522389
10 14 0.500000
11 2 0.526786
11 3 0.500000
11 4 0.642516
11 5 0.565121
11 6 0.569885
11 7 0.547743
11 8 0.560050
11 9 0.555578
11 10 0.516973
11 11 0.538088
11 12 0.500000
11 13 0.539146
12 1 0.500000
12 2 0.500000
12 3 0.500000
12 4 0.500000
12 5 0.500000
12 6 0.500000
12 7 0.500000
12 8 0.500000
12 9 0.500000
12 10 0.500000
12 11 0.500000
12 12 0.500000
12 13 0.500000
12 14 0.500000
13 2 0.538044
13 3 0.500000
13 4 0.668539
13 5 0.561559
13 6 0.557749
13 7 0.546171
13 8 0.565458
13 9 0.554271
13 10 0.522389
13 11 0.539146
13 12 0.500000
13 13 0.547585
14 2 0.500000
14 3 0.500000
14 5 0.500000
14 6 0.500000
14 9 0.500000
14 10 0.500000
14 12 0.500000
14 14 0.500000
