1 2 0.724652
1 4 0.840624
1 5 0.750114
1 6 0.825459
1 7 0.713057
1 8 0.851661
1 9 0.888603
1 11 0.695840
1 13 0.768420
1 14 0.500000
2 1 0.724652
4 1 0.840624
4 14 0.500000
5 1 0.750114
6 1 0.825459
7 1 0.713057
7 14 0.500000
8 1 0.851661
8 14 0.500000
9 1 0.888603
11 1 0.695840
11 14 0.500000
13 1 0.768420
13 14 0.500000
14 1 0.500000
14 4 0.500000
14 7 0.500000
14 8 0.500000
14 11 0.500000
14 13 0.500000
1 1 0.928755
1 3 0.500000
1 10 0.599953
1 12 0.500000
2 2 0.594779
2 3 0.500000
2 4 0.660612
2 5 0.598801
2 6 0.650518
2 7 0.580809
2 8 0.661379
2 9 0.697589
2 10 0.540327
2 11 0.579865
2 12 0.500000
2 13 0.617642
2 14 0.500000
3 1 0.500000
3 2 0.500000
3 3 0.500000
3 4 0.500000
3 5 0.500000
3 6 0.500000
3 7 0.500000
3 8 0.500000
3 9 0.500000
3 10 0.500000
3 11 0.500000
3 12 0.500000
3 13 0.500000
3 14 0.500000
4 2 0.660612
4 3 0.500000
4 4 0.786452
4 5 0.665554
4 6 0.755995
4 7 0.620733
4 8 0.751850
4 9 0.776759
4 10 0.569228
4 11 0.639051
4 12 0.500000
4 13 0.705233
5 2 0.598801
5 3 0.500000
5 4 0.665554
5 5 0.647030
5 6 0.651652
5 7 0.603176
5 8 0.668135
5 9 0.682090
5 10 0.535889
5 11 0.588954
5 12 0.500000
5 13 0.623026
5 14 0.500000
6 2 0.650518
6 3 0.500000
6 4 0.755995
6 5 0.651652
6 6 0.759342
6 7 0.612407
6 8 0.762829
6 9 0.794618
6 10 0.559775
6 11 0.631069
6 12 0.500000
6 13 0.686744
6 14 0.500000
7 2 0.580809
7 3 0.500000
7 4 0.620733
7 5 0.603176
7 6 0.612407
7 7 0.604995
7 8 0.652656
7 9 0.703021
7 10 0.532261
7 11 0.569506
7 12 0.500000
7 13 0.593744
8 2 0.661379
8 3 0.500000
8 4 0.751850
8 5 0.668135
8 6 0.762829
8 7 0.652656
8 8 0.843769
8 9 0.847287
8 10 0.575540
8 11 0.639726
8 12 0.500000
8 13 0.687813
9 2 0.697589
9 3 0.500000
9 4 0.776759
9 5 0.682090
9 6 0.794618
9 7 0.703021
9 8 0.847287
9 9 0.973674
9 10 0.586423
9 11 0.660708
9 12 0.500000
9 13 0.724782
9 14 0.500000
10 1 0.599953
10 2 0.540327
10 3 0.500000
10 4 0.569228
10 5 0.535889
10 6 0.559775
10 7 0.532261
10 8 0.575540
10 9 0.586423
10 10 0.522669
10 11 0.531931
10 12 0.500000
10 13 0.549886
10 14 0.500000
11 2 0.579865
11 3 0.500000
11 4 0.639051
11 5 0.588954
11 6 0.631069
11 7 0.569506
11 8 0.639726
11 9 0.660708
11 10 0.531931
11 11 0.569055
11 12 0.500000
11 13 0.600396
12 1 0.500000
12 2 0.500000
12 3 0.500000
12 4 0.500000
12 5 0.500000
12 6 0.500000
12 7 0.500000
12 8 0.500000
12 9 0.500000
12 10 0.500000
12 11 0.500000
12 12 0.500000
12 13 0.500000
12 14 0.500000
13 2 0.617642
13 3 0.500000
13 4 0.705233
13 5 0.623026
13 6 0.686744
13 7 0.593744
13 8 0.687813
13 9 0.724782
13 10 0.549886
13 11 0.600396
13 12 0.500000
13 13 0.653059
14 2 0.500000
14 3 0.500000
14 5 0.500000
14 6 0.500000
14 9 0.500000
14 10 0.500000
14 12 0.500000
14 14 0.500000
