1 2 0.683332
1 4 0.757836
1 5 0.753111
1 6 0.818759
1 7 0.809849
1 8 0.667456
1 9 0.760910
1 11 0.500000
1 13 0.670635
1 14 0.500000
2 1 0.683332
4 1 0.757836
4 14 0.500000
5 1 0.753111
6 1 0.818759
7 1 0.809849
7 14 0.500000
8 1 0.667456
8 14 0.500000
9 1 0.760910
11 1 0.500000
11 14 0.500000
13 1 0.670635
13 14 0.500000
14 1 0.500000
14 4 0.500000
14 7 0.500000
14 8 0.500000
14 11 0.500000
14 13 0.500000
1 1 0.888927
1 3 0.500000
1 10 0.543700
1 12 0.500000
2 2 0.577389
2 3 0.500000
2 4 0.617045
2 5 0.602049
2 6 0.636947
2 7 0.629144
2 8 0.550158
2 9 0.603690
2 10 0.510792
2 11 0.500000
2 12 0.500000
2 13 0.569384
2 14 0.500000
3 1 0.500000
3 2 0.500000
3 3 0.500000
3 4 0.500000
3 5 0.500000
3 6 0.500000
3 7 0.500000
3 8 0.500000
3 9 0.500000
3 10 0.500000
3 11 0.500000
3 12 0.500000
3 13 0.500000
3 14 0.500000
4 2 0.617045
4 3 0.500000
4 4 0.723982
4 5 0.636333
4 6 0.681796
4 7 0.585123
4 8 0.640520
4 9 0.636950
4 10 0.508130
4 11 0.500000
4 12 0.500000
4 13 0.605831
5 2 0.602049
5 3 0.500000
5 4 0.636333
5 5 0.671867
5 6 0.691574
5 7 0.710507
5 8 0.594951
5 9 0.654856
5 10 0.526356
5 11 0.500000
5 12 0.500000
5 13 0.599111
5 14 0.500000
6 2 0.636947
6 3 0.500000
6 4 0.681796
6 5 0.691574
6 6 0.776468
6 7 0.740060
6 8 0.604127
6 9 0.701410
6 10 0.536935
6 11 0.500000
6 12 0.500000
6 13 0.627844
6 14 0.500000
7 2 0.629144
7 3 0.500000
7 4 0.585123
7 5 0.710507
7 6 0.740060
7 7 0.988180
7 8 0.330894
7 9 0.722996
7 10 0.560672
7 11 0.500000
7 12 0.500000
7 13 0.629926
8 2 0.550158
8 3 0.500000
8 4 0.640520
8 5 0.594951
8 6 0.604127
8 7 0.330894
8 8 0.827744
8 9 0.577598
8 10 0.516928
8 11 0.500000
8 12 0.500000
8 13 0.560064
9 2 0.603690
9 3 0.500000
9 4 0.636950
9 5 0.654856
9 6 0.701410
9 7 0.722996
9 8 0.577598
9 9 0.668450
9 10 0.528083
9 11 0.500000
9 12 0.500000
9 13 0.592518
9 14 0.500000
10 1 0.543700
10 2 0.510792
10 3 0.500000
10 4 0.508130
10 5 0.526356
10 6 0.536935
10 7 0.560672
10 8 0.516928
10 9 0.528083
10 10 0.512940
10 11 0.500000
10 12 0.500000
10 13 0.514228
10 14 0.500000
11 2 0.500000
11 3 0.500000
11 4 0.500000
11 5 0.500000
11 6 0.500000
11 7 0.500000
11 8 0.500000
11 9 0.500000
11 10 0.500000
11 11 0.500000
11 12 0.500000
11 13 0.500000
12 1 0.500000
12 2 0.500000
12 3 0.500000
12 4 0.500000
12 5 0.500000
12 6 0.500000
12 7 0.500000
12 8 0.500000
12 9 0.500000
12 10 0.500000
12 11 0.500000
12 12 0.500000
12 13 0.500000
12 14 0.500000
13 2 0.569384
13 3 0.500000
13 4 0.605831
13 5 0.599111
13 6 0.627844
13 7 0.629926
13 8 0.560064
13 9 0.592518
13 10 0.514228
13 11 0.500000
13 12 0.500000
13 13 0.569682
14 2 0.500000
14 3 0.500000
14 5 0.500000
14 6 0.500000
14 9 0.500000
14 10 0.500000
14 12 0.500000
14 14 0.500000
