1 2 0.609267
1 4 0.743006
1 5 0.632541
1 6 0.694492
1 7 0.715928
1 8 0.626206
1 9 0.501352
1 11 0.500000
1 13 0.623937
1 14 0.500000
2 1 0.609267
4 1 0.743006
4 14 0.500000
5 1 0.632541
6 1 0.694492
7 1 0.715928
7 14 0.500000
8 1 0.626206
8 14 0.500000
9 1 0.501352
11 1 0.500000
11 14 0.500000
13 1 0.623937
13 14 0.500000
14 1 0.500000
14 4 0.500000
14 7 0.500000
14 8 0.500000
14 11 0.500000
14 13 0.500000
1 1 0.743124
1 3 0.500000
1 10 0.489783
1 12 0.500000
2 2 0.551750
2 3 0.500000
2 4 0.601411
2 5 0.557279
2 6 0.586913
2 7 0.577254
2 8 0.556920
2 9 0.516864
2 10 0.498891
2 11 0.500000
2 12 0.500000
2 13 0.553856
2 14 0.500000
3 1 0.500000
3 2 0.500000
3 3 0.500000
3 4 0.500000
3 5 0.500000
3 6 0.500000
3 7 0.500000
3 8 0.500000
3 9 0.500000
3 10 0.500000
3 11 0.500000
3 12 0.500000
3 13 0.500000
3 14 0.500000
4 2 0.601411
4 3 0.500000
4 4 0.813924
4 5 0.608920
4 6 0.694736
4 7 0.739967
4 8 0.633719
4 9 0.378028
4 10 0.477663
4 11 0.500000
4 12 0.500000
4 13 0.624936
5 2 0.557279
5 3 0.500000
5 4 0.608920
5 5 0.600888
5 6 0.610945
5 7 0.608382
5 8 0.567318
5 9 0.584862
5 10 0.501701
5 11 0.500000
5 12 0.500000
5 13 0.562114
5 14 0.500000
6 2 0.586913
6 3 0.500000
6 4 0.694736
6 5 0.610945
6 6 0.943361
6 7 0.814302
6 8 0.558942
6 9 0.528628
6 10 0.482594
6 11 0.500000
6 12 0.500000
6 13 0.618280
6 14 0.500000
7 2 0.577254
7 3 0.500000
7 4 0.739967
7 5 0.608382
7 6 0.814302
7 7 0.915658
7 8 0.572984
7 9 0.591905
7 10 0.487753
7 11 0.500000
7 12 0.500000
7 13 0.611908
8 2 0.556920
8 3 0.500000
8 4 0.633719
8 5 0.567318
8 6 0.558942
8 7 0.572984
8 8 0.587020
8 9 0.543693
8 10 0.499100
8 11 0.500000
8 12 0.500000
8 13 0.557654
9 2 0.516864
9 3 0.500000
9 4 0.378028
9 5 0.584862
9 6 0.528628
9 7 0.591905
9 8 0.543693
9 9 0.972230
9 10 0.556955
9 11 0.500000
9 12 0.500000
9 13 0.504872
9 14 0.500000
10 1 0.489783
10 2 0.498891
10 3 0.500000
10 4 0.477663
10 5 0.501701
10 6 0.482594
10 7 0.487753
10 8 0.499100
10 9 0.556955
10 10 0.507089
10 11 0.500000
10 12 0.500000
10 13 0.494782
10 14 0.500000
11 2 0.500000
11 3 0.500000
11 4 0.500000
11 5 0.500000
11 6 0.500000
11 7 0.500000
11 8 0.500000
11 9 0.500000
11 10 0.500000
11 11 0.500000
11 12 0.500000
11 13 0.500000
12 1 0.500000
12 2 0.500000
12 3 0.500000
12 4 0.500000
12 5 0.500000
12 6 0.500000
12 7 0.500000
12 8 0.500000
12 9 0.500000
12 10 0.500000
12 11 0.500000
12 12 0.500000
12 13 0.500000
12 14 0.500000
13 2 0.553856
13 3 0.500000
13 4 0.624936
13 5 0.562114
13 6 0.618280
13 7 0.611908
13 8 0.557654
13 9 0.504872
13 10 0.494782
13 11 0.500000
13 12 0.500000
13 13 0.567261
14 2 0.500000
14 3 0.500000
14 5 0.500000
14 6 0.500000
14 9 0.500000
14 10 0.500000
14 12 0.500000
14 14 0.500000
