1 2 0.654638
1 4 0.762122
1 5 0.814995
1 6 0.860425
1 7 0.693347
1 8 0.679210
1 9 0.915005
1 11 0.640585
1 13 0.687254
1 14 0.500000
2 1 0.654638
4 1 0.762122
4 14 0.500000
5 1 0.814995
6 1 0.860425
7 1 0.693347
7 14 0.500000
8 1 0.679210
8 14 0.500000
9 1 0.915005
11 1 0.640585
11 14 0.500000
13 1 0.687254
13 14 0.500000
14 1 0.500000
14 4 0.500000
14 7 0.500000
14 8 0.500000
14 11 0.500000
14 13 0.500000
1 1 0.798917
1 3 0.500000
1 10 0.515917
1 12 0.500000
2 2 0.577189
2 3 0.500000
2 4 0.631400
2 5 0.675725
2 6 0.693948
2 7 0.593195
2 8 0.581326
2 9 0.747125
2 10 0.506482
2 11 0.567017
2 12 0.500000
2 13 0.589754
2 14 0.500000
3 1 0.500000
3 2 0.500000
3 3 0.500000
3 4 0.500000
3 5 0.500000
3 6 0.500000
3 7 0.500000
3 8 0.500000
3 9 0.500000
3 10 0.500000
3 11 0.500000
3 12 0.500000
3 13 0.500000
3 14 0.500000
4 2 0.631400
4 3 0.500000
4 4 0.771902
4 5 0.729182
4 6 0.781867
4 7 0.667644
4 8 0.662710
4 9 0.888826
4 10 0.514883
4 11 0.625205
4 12 0.500000
4 13 0.661847
5 2 0.675725
5 3 0.500000
5 4 0.729182
5 5 0.997926
5 6 0.858985
5 7 0.684501
5 8 0.630506
5 9 0.975595
5 10 0.580116
5 11 0.641389
5 12 0.500000
5 13 0.688936
5 14 0.500000
6 2 0.693948
6 3 0.500000
6 4 0.781867
6 5 0.858985
6 6 0.998471
6 7 0.709596
6 8 0.681505
6 9 0.698000
6 10 0.488100
6 11 0.653933
6 12 0.500000
6 13 0.676514
6 14 0.500000
7 2 0.593195
7 3 0.500000
7 4 0.667644
7 5 0.684501
7 6 0.709596
7 7 0.630791
7 8 0.621037
7 9 0.818238
7 10 0.510466
7 11 0.586946
7 12 0.500000
7 13 0.617665
8 2 0.581326
8 3 0.500000
8 4 0.662710
8 5 0.630506
8 6 0.681505
8 7 0.621037
8 8 0.630528
8 9 0.816454
8 10 0.511064
8 11 0.583092
8 12 0.500000
8 13 0.613654
9 2 0.747125
9 3 0.500000
9 4 0.888826
9 5 0.975595
9 6 0.698000
9 7 0.818238
9 8 0.816454
9 9 0.999304
9 10 0.598213
9 11 0.738624
9 12 0.500000
9 13 0.823443
9 14 0.500000
10 1 0.515917
10 2 0.506482
10 3 0.500000
10 4 0.514883
10 5 0.580116
10 6 0.488100
10 7 0.510466
10 8 0.511064
10 9 0.598213
10 10 0.512650
10 11 0.506773
10 12 0.500000
10 13 0.510787
10 14 0.500000
11 2 0.567017
11 3 0.500000
11 4 0.625205
11 5 0.641389
11 6 0.653933
11 7 0.586946
11 8 0.583092
11 9 0.738624
11 10 0.506773
11 11 0.562361
11 12 0.500000
11 13 0.584405
12 1 0.500000
12 2 0.500000
12 3 0.500000
12 4 0.500000
12 5 0.500000
12 6 0.500000
12 7 0.500000
12 8 0.500000
12 9 0.500000
12 10 0.500000
12 11 0.500000
12 12 0.500000
12 13 0.500000
12 14 0.500000
13 2 0.589754
13 3 0.500000
13 4 0.661847
13 5 0.688936
13 6 0.676514
13 7 0.617665
13 8 0.613654
13 9 0.823443
13 10 0.510787
13 11 0.584405
13 12 0.500000
13 13 0.618940
14 2 0.500000
14 3 0.500000
14 5 0.500000
14 6 0.500000
14 9 0.500000
14 10 0.500000
14 12 0.500000
14 14 0.500000
