1 2 0.750304
1 4 0.898300
1 5 0.986265
1 6 0.821003
1 7 0.762283
1 8 0.848732
1 9 0.811589
1 11 0.729574
1 13 0.704780
1 14 0.500000
2 1 0.750304
4 1 0.898300
4 14 0.500000
5 1 0.986265
6 1 0.821003
7 1 0.762283
7 14 0.500000
8 1 0.848732
8 14 0.500000
9 1 0.811589
11 1 0.729574
11 14 0.500000
13 1 0.704780
13 14 0.500000
14 1 0.500000
14 4 0.500000
14 7 0.500000
14 8 0.500000
14 11 0.500000
14 13 0.500000
1 1 0.935041
1 3 0.500000
1 10 0.568808
1 12 0.500000
2 2 0.620345
2 3 0.500000
2 4 0.707226
2 5 0.831562
2 6 0.653320
2 7 0.612406
2 8 0.633490
2 9 0.641510
2 10 0.531926
2 11 0.603932
2 12 0.500000
2 13 0.595833
2 14 0.500000
3 1 0.500000
3 2 0.500000
3 3 0.500000
3 4 0.500000
3 5 0.500000
3 6 0.500000
3 7 0.500000
3 8 0.500000
3 9 0.500000
3 10 0.500000
3 11 0.500000
3 12 0.500000
3 13 0.500000
3 14 0.500000
4 2 0.707226
4 3 0.500000
4 4 0.889966
4 5 0.970266
4 6 0.782749
4 7 0.733168
4 8 0.795979
4 9 0.745594
4 10 0.546083
4 11 0.693772
4 12 0.500000
4 13 0.707675
5 2 0.831562
5 3 0.500000
5 4 0.970266
5 5 0.999997
5 6 0.913782
5 7 0.968580
5 8 0.991835
5 9 0.950320
5 10 0.590942
5 11 0.820352
5 12 0.500000
5 13 0.655876
5 14 0.500000
6 2 0.653320
6 3 0.500000
6 4 0.782749
6 5 0.913782
6 6 0.721643
6 7 0.682876
6 8 0.719706
6 9 0.693995
6 10 0.536752
6 11 0.642062
6 12 0.500000
6 13 0.623645
6 14 0.500000
7 2 0.612406
7 3 0.500000
7 4 0.733168
7 5 0.968580
7 6 0.682876
7 7 0.866549
7 8 0.688849
7 9 0.688049
7 10 0.520257
7 11 0.604972
7 12 0.500000
7 13 0.575299
8 2 0.633490
8 3 0.500000
8 4 0.795979
8 5 0.991835
8 6 0.719706
8 7 0.688849
8 8 0.951977
8 9 0.759736
8 10 0.534580
8 11 0.643777
8 12 0.500000
8 13 0.523642
9 2 0.641510
9 3 0.500000
9 4 0.745594
9 5 0.950320
9 6 0.693995
9 7 0.688049
9 8 0.759736
9 9 0.727765
9 10 0.541018
9 11 0.630280
9 12 0.500000
9 13 0.594996
9 14 0.500000
10 1 0.568808
10 2 0.531926
10 3 0.500000
10 4 0.546083
10 5 0.590942
10 6 0.536752
10 7 0.520257
10 8 0.534580
10 9 0.541018
10 10 0.510701
10 11 0.526123
10 12 0.500000
10 13 0.521039
10 14 0.500000
11 2 0.603932
11 3 0.500000
11 4 0.693772
11 5 0.820352
11 6 0.642062
11 7 0.604972
11 8 0.643777
11 9 0.630280
11 10 0.526123
11 11 0.593381
11 12 0.500000
11 13 0.584178
12 1 0.500000
12 2 0.500000
12 3 0.500000
12 4 0.500000
12 5 0.500000
12 6 0.500000
12 7 0.500000
12 8 0.500000
12 9 0.500000
12 10 0.500000
12 11 0.500000
12 12 0.500000
12 13 0.500000
12 14 0.500000
13 2 0.595833
13 3 0.500000
13 4 0.707675
13 5 0.655876
13 6 0.623645
13 7 0.575299
13 8 0.523642
13 9 0.594996
13 10 0.521039
13 11 0.584178
13 12 0.500000
13 13 0.656569
14 2 0.500000
14 3 0.500000
14 5 0.500000
14 6 0.500000
14 9 0.500000
14 10 0.500000
14 12 0.500000
14 14 0.500000
