2.061917
3.620638
2.823800
3.625025
1.650877
1.667197
1.466109
1.361616
2.672793
2.255170
1.665329
1.803702
1.917318
2.731450
1.638169
2.332321
1.315344
2.314448
1.445865
1.907468
3.331535
3.469870
2.281155
1.705015
1.151620
1.004777
1.500822
3.796976
1.802950
3.872594
2.949337
2.098601
2.167188
2.616702
1.898822
1.629134
1.353138
1.480774
1.872355
1.578261
2.311567
2.532026
2.849241
1.846332
2.061646
1.754062
2.064748
1.688960
2.507766
1.231024
1.973892
1.824857
1.759510
1.141128
2.831495
2.548908
2.739310
2.790656
2.364455
1.197370
1.402891
2.785341
1.716279
2.885232
1.132131
2.909862
1.469091
1.370901
3.022632
3.594773
1.896581
2.117496
1.589325
2.679162
2.067313
2.944939
1.396231
2.094093
2.372010
1.736966
2.074630
3.334937
1.599733
1.611270
2.293405
2.309923
1.836330
1.440903
2.243503
1.447608
2.645956
3.039740
1.671582
3.924231
2.329528
1.754214
3.518615
2.756484
1.562819
1.028150
3.299037
1.644774
1.177470
3.535088
2.170501
1.465608
1.432687
1.762631
1.431850
1.407619
1.548122
2.164359
