2.815156
2.429144
1.640593
1.483865
1.371607
3.158832
1.706438
1.490433
1.768028
3.201716
2.991967
1.759199
1.694352
3.747637
1.896108
2.158337
1.921813
2.840298
2.298653
2.464828
2.095301
2.365134
1.930994
2.292678
1.536160
3.297901
1.643045
1.776767
2.526571
1.432832
1.921609
1.707582
1.732275
1.534819
1.766679
1.919055
2.152999
2.316369
2.295489
2.015221
1.654534
2.800615
2.777908
1.982598
1.310510
1.997317
2.787034
2.366765
2.112197
1.740824
1.481294
1.853684
1.550310
1.502333
1.382586
2.063568
1.456973
1.760135
2.112474
2.412341
2.536035
1.728550
2.572521
1.620435
3.515672
3.188105
1.349493
2.227832
2.535817
1.714866
3.464095
2.731366
3.238807
1.767588
2.082098
3.378177
1.679475
1.556134
1.348161
1.789763
2.537362
2.256376
2.739842
2.211120
2.567026
1.952151
1.456444
2.458179
2.596309
2.314436
3.315871
2.467969
2.052322
1.673104
1.337456
1.746605
1.333468
1.755587
1.633013
1.445935
2.419466
1.888025
2.036677
1.759163
2.116659
2.665471
1.484344
2.502240
1.711060
1.758069
2.358204
2.105085
1.967191
2.185033
1.331236
2.055252
1.799481
3.281703
2.236998
1.949577
2.098126
1.794073
2.644464
1.647994
2.078415
2.731289
2.109078
2.130180
1.819153
2.070198
2.656829
3.456996
1.993632
3.743132
2.402988
2.168208
1.419894
1.288317
2.149426
1.561541
2.750036
1.949180
1.407403
2.296480
1.382847
2.660303
3.086252
1.881098
2.529320
2.384114
2.677459
2.971619
1.554326
3.763453
2.494462
1.548052
2.405457
2.674699
1.434915
2.560076
1.829834
2.197880
2.983581
1.442592
2.710677
2.167349
1.679094
1.626071
1.320731
1.409685
1.763647
1.603438
1.869470
2.453563
1.114714
2.753713
2.421040
1.534979
2.327176
1.638010
2.478278
1.918952
2.018881
2.596469
2.001986
2.306638
1.852157
1.618356
1.662780
1.480233
2.335940
1.612077
3.757311
2.161328
1.382325
1.372700
1.753634
1.423793
1.692529
1.928330
2.413541
2.028907
2.920564
2.549996
1.609111
2.242464
2.674105
2.061208
3.525384
2.295346
1.774525
1.888365
2.246547
1.978708
1.948615
2.247985
2.479684
2.130474
2.622964
2.287594
3.175973
2.452671
2.311962
1.716772
3.194120
1.259698
1.541373
2.288472
2.211500
2.949051
1.485364
1.459968
1.685350
1.711822
1.954062
1.306877
2.277349
2.143441
1.212887
2.952662
3.033102
1.846304
1.997409
1.409032
2.367285
3.967160
1.501032
1.750621
1.614924
3.853359
2.163676
1.948835
2.300786
1.793732
1.378402
2.016826
2.427165
1.546026
1.649584
2.526638
1.890995
2.581769
1.852124
1.390502
1.739253
2.281141
2.079195
1.482989
2.171231
2.063494
1.804037
1.108915
1.519493
2.237073
2.352359
1.925056
2.274951
1.573109
2.435847
1.544716
1.182964
1.770460
2.068819
1.424294
1.811596
1.299376
2.624237
1.674713
1.536494
1.210780
1.879443
1.593329
1.429789
1.468639
2.404836
1.682600
2.789685
1.251029
2.034140
2.901530
1.885332
2.280971
1.345192
1.759309
1.955606
2.552598
1.202160
2.072505
1.838069
1.269339
2.352730
1.927208
1.686812
2.530988
2.000329
1.925186
1.888076
2.295725
