1.669756
1.801562
1.620098
1.545666
2.674289
1.312274
2.852528
1.611706
3.251969
1.058728
1.625350
1.477949
1.531206
1.246541
1.992343
1.881834
1.393824
1.507811
0.968119
1.116001
1.675205
0.863675
1.322608
1.391261
1.288414
2.353460
0.934380
1.725257
1.520969
1.795550
1.585924
2.455871
1.021359
1.992232
1.383313
1.038588
1.587600
1.531541
1.520114
1.231358
1.397739
1.196130
1.831226
1.166666
2.263187
1.394075
1.474105
1.534277
2.557340
1.737486
2.489832
1.153848
1.517127
1.605236
0.899720
1.232304
1.489369
1.754992
2.019152
1.906948
1.113635
0.941230
1.097360
1.151484
1.335893
1.337103
1.779906
2.111059
2.830235
1.380867
1.796648
1.086838
0.951148
1.160128
1.220093
1.538840
1.766127
1.136115
1.431607
1.079203
1.623147
2.056863
2.011453
1.675731
1.898994
1.205135
1.750516
1.042737
1.578394
1.859402
2.334367
1.921944
1.757759
1.326175
1.753954
1.196515
1.056067
1.614511
2.231417
1.831105
1.841277
1.820717
1.138184
1.686048
2.221591
1.527957
0.999247
2.177395
2.230335
1.414753
1.484338
2.252237
1.541335
1.796756
1.018627
1.346883
1.726989
1.509532
2.084339
2.466503
2.087719
1.424025
1.183842
1.636863
1.554075
2.020374
0.979762
1.436574
1.763536
1.083068
1.101056
1.658344
1.879906
2.065048
1.239746
1.180028
1.908174
1.455440
1.778456
1.079777
2.934396
1.487057
1.842302
2.343954
1.930638
0.774485
1.097494
1.471702
1.017345
2.358058
2.405815
0.930313
1.719711
1.572380
1.481600
1.600893
1.598793
0.967174
3.218828
1.716488
1.441946
1.179249
1.622592
2.081982
1.110869
1.379982
1.086274
1.786049
1.459613
1.403381
1.435307
1.615961
0.904818
2.010309
1.416065
1.318544
1.358019
1.057019
1.337469
1.500589
1.697475
1.654004
1.990992
2.276231
1.541453
1.768208
1.266357
1.796970
1.337723
1.642728
2.316232
1.113272
1.131713
1.709074
1.713458
0.920358
1.206982
1.735633
2.012890
1.312176
2.142448
1.403003
0.978235
1.952762
1.432849
2.008419
1.443212
1.074939
1.578966
1.223765
1.427106
1.280238
1.975132
1.554335
1.660205
1.778558
0.977141
1.567555
1.071694
1.614264
2.024639
0.986248
1.404394
1.367757
2.373080
2.281356
1.425005
1.902515
0.999038
1.552634
1.762551
1.402387
2.598975
2.098673
4.527106
1.146300
1.786950
1.736609
1.535005
1.635804
0.984401
1.538594
1.069468
2.222284
1.422897
1.841067
