1.500245
2.840453
3.080926
2.479659
2.696083
1.967823
2.228942
3.005033
2.923007
1.486696
2.462417
3.145943
2.299435
1.643501
2.135585
2.077757
1.705222
1.869473
2.000975
1.861057
1.874390
3.089885
1.913937
2.844158
1.386337
3.789515
1.995487
1.868784
1.358266
2.542465
2.793203
1.907022
1.392325
2.214908
3.188248
1.586387
2.885093
1.313709
1.438049
1.337077
3.065867
2.743921
2.333180
1.790015
1.962558
2.115533
1.160317
2.151657
2.274585
2.365100
2.184579
1.963906
1.710649
1.317387
2.763156
2.840507
1.277295
1.638089
1.045508
1.667935
2.231994
1.596885
1.944136
2.139611
1.323250
1.102099
1.636869
1.966514
2.070973
2.589785
1.167264
2.150671
1.627029
1.667955
1.534711
2.383174
1.106057
1.664995
1.332361
3.413663
1.892140
1.384305
2.110750
1.351612
1.736667
1.654069
1.789191
2.575009
3.580375
1.551636
1.797398
1.484069
1.810718
1.735245
1.324926
2.543907
1.769989
1.303139
1.309557
0.908318
2.927977
1.018550
2.429354
2.224773
2.380474
1.743575
0.958144
1.436768
1.946249
1.541175
0.968204
2.170239
2.285999
2.556814
