1.866559
4.996440
2.273796
4.283212
1.489085
2.301918
3.129665
2.733773
2.689906
7.601021
1.530943
2.370617
3.845117
1.915719
3.861312
3.521180
4.971779
1.726265
2.072623
1.651830
3.595187
1.762196
2.924562
4.381388
1.833778
2.735033
2.081976
1.383181
1.664676
1.716745
1.502946
2.671628
1.811598
1.769524
2.916301
2.459270
3.715962
2.307915
1.692391
5.577245
5.779265
1.594859
3.579074
1.559553
2.004392
2.568866
3.578544
1.506006
2.035151
3.620847
3.126356
4.036724
2.054147
3.639949
1.401931
2.943670
1.895806
1.394831
3.221073
2.884851
2.253479
3.483587
1.522305
2.607261
1.572124
2.699596
2.062373
1.740458
1.650144
2.262470
2.091635
1.996439
2.013887
2.513919
1.601076
1.761477
2.085937
2.553550
1.585702
2.335544
3.100582
1.822985
2.591942
2.846181
2.333329
1.657988
2.737550
1.860512
1.521370
3.351530
3.734917
1.979425
2.240196
2.476790
1.448973
1.511667
1.476436
2.339227
3.047618
2.014548
1.698009
2.038771
5.276334
2.245041
