1.203852
1.491785
2.468367
1.551642
2.366328
2.008770
1.387726
1.725716
2.249162
1.952010
2.420437
1.682659
1.349650
1.803011
2.150921
2.203609
2.113088
1.983725
3.613842
1.760336
1.747368
2.650237
1.685634
1.210381
2.079077
0.955484
1.701552
1.866272
1.612235
1.581737
1.644494
1.247041
1.775973
2.274131
1.974234
1.518802
1.934506
1.775002
1.679340
2.567014
1.652291
1.271946
1.300285
2.544011
2.905750
1.318019
1.245929
2.730333
1.309727
3.398077
2.143323
2.122081
1.360785
1.293853
2.581892
1.029802
1.340356
1.920339
1.956409
1.331465
1.647112
1.384696
2.240045
2.393610
1.466401
1.285735
1.968324
1.905844
1.665957
2.722456
1.560440
1.316980
1.365932
1.668393
1.197016
2.508867
1.455127
2.008159
1.168039
1.432012
1.579931
1.850163
1.221419
3.124319
1.680470
2.372265
2.277779
2.270375
2.080020
1.125180
2.172766
1.360819
1.854879
1.492348
1.570710
1.980999
1.954236
1.912974
1.833303
1.817624
1.505401
2.225727
1.981258
1.867166
2.090203
1.793103
1.381459
1.860650
2.307925
1.635533
1.957592
2.718159
1.735536
1.772930
1.753871
2.315385
1.570065
2.143266
1.543820
1.766901
