2.589038
3.246070
1.908008
2.002079
2.001867
2.626640
1.364249
2.283618
2.419667
4.436569
1.680145
1.630499
3.644003
3.189099
3.437626
1.719847
1.571995
3.816169
3.250314
2.388603
3.320538
2.006040
2.004230
1.676504
1.816983
1.986637
1.924216
1.858105
1.300267
2.220966
1.626856
1.302217
1.598571
1.534635
2.649041
1.821869
1.914191
3.499576
3.036101
1.494605
0.916674
1.925354
2.211380
1.595251
2.285522
2.719877
1.760085
1.590092
1.326810
1.777335
1.802000
1.685048
1.150209
1.299586
0.939293
2.631925
2.413424
2.179115
2.475937
1.279366
2.055079
1.480127
1.895702
1.637814
1.489431
1.033845
2.959625
1.083789
1.646241
2.226092
1.228169
1.278487
1.722415
1.235607
2.205116
1.478009
1.602848
1.421120
2.131455
1.175947
3.027298
1.563407
1.678859
1.315702
1.207810
1.644649
2.503410
1.271681
1.286007
2.491431
1.474788
2.274815
1.705236
1.584903
1.592999
1.114900
2.183491
1.620431
1.625561
1.654752
2.016792
2.245488
1.814597
1.472189
1.470988
2.264718
0.935161
1.228557
1.717407
1.345375
3.762885
1.098182
1.362465
1.917527
2.433914
1.481709
2.057271
2.377491
1.471676
2.125003
1.484432
2.194791
2.292368
1.043067
1.516017
1.921675
3.108038
1.318252
1.730976
2.140301
2.025016
1.689323
2.011409
2.598541
2.308036
3.619638
1.436042
1.565172
1.190074
2.537401
1.636113
1.409698
1.622377
1.215243
1.460147
1.444225
1.209876
1.300715
1.143588
1.876689
1.215550
1.302534
1.663823
2.171597
1.293353
1.623688
1.121126
1.726438
1.047110
1.276059
1.106402
2.585489
1.341829
1.841536
1.072644
1.533299
1.664249
1.603030
2.075990
1.470227
1.925812
2.237359
