4.580174
5.752908
4.643556
5.687865
5.797827
6.639946
6.067239
4.036325
10.426876
6.391611
5.971515
5.875239
7.946184
4.753771
8.462301
6.522090
5.529275
5.437066
4.825670
4.902399
11.576976
5.816706
7.420256
4.362369
8.055019
6.192288
3.755143
5.454952
5.503317
5.412141
4.606900
7.431011
4.990872
6.359999
4.833944
5.634785
6.122972
4.483718
4.426208
6.033896
5.294616
6.675584
4.672595
5.569943
6.218436
5.500251
3.939850
5.967456
5.002304
6.130389
5.610001
5.782702
6.397071
7.084535
4.751913
5.068096
4.351118
5.098959
5.810676
4.346930
5.979037
4.203690
5.661653
6.093215
5.065191
4.421038
5.275087
5.833770
4.889995
3.959430
5.604466
5.172596
5.620787
4.990466
5.426445
5.370865
4.208511
4.017674
7.946774
4.553374
5.783028
6.921750
6.071654
4.748523
5.139268
9.290132
4.665985
3.445151
5.347518
5.178823
5.996052
3.801418
4.862496
4.087101
4.276162
5.988323
4.128204
6.495496
4.634022
4.915821
6.903227
4.857276
7.162306
4.034415
5.491038
4.735713
5.185479
6.570298
5.359076
3.945970
3.949007
4.618470
5.348006
3.728609
5.145089
3.636380
6.081734
5.625790
3.588221
4.259922
4.170899
6.798204
5.731447
4.322923
4.733386
4.805071
4.722649
6.786519
5.200617
4.457237
3.141159
4.952302
5.808622
5.095108
5.951977
6.540284
4.315686
8.342436
2.823259
4.589735
3.998739
5.117239
3.406384
5.531017
5.668937
4.483856
4.525162
4.876813
4.770275
3.380353
5.866981
4.958321
3.646761
4.006281
4.135135
4.057717
4.563227
4.487345
3.784910
4.523921
6.031765
4.229136
3.792477
4.604433
5.674684
4.006215
5.085903
5.043308
3.738786
4.615540
4.444220
5.034615
5.732006
4.778026
6.108886
5.100342
5.790849
5.085421
3.253491
3.957804
3.993168
4.493509
5.803727
5.312058
5.886169
4.966606
4.379335
4.210169
3.378017
3.606512
4.123266
3.469998
5.672545
4.662725
3.453265
4.523495
5.916851
3.900197
6.279470
3.622972
3.626759
3.792661
4.722841
3.323835
4.425045
4.933726
6.429851
6.482762
5.141188
4.830991
5.040031
4.866879
7.170809
4.035629
3.939608
5.143166
4.468393
4.242280
6.657573
6.183374
3.986666
4.794207
5.152134
4.441486
4.106129
4.102674
4.806198
3.900670
4.246342
3.898265
3.258670
4.882348
4.191690
4.723529
4.086740
3.506447
6.911780
4.655881
4.739288
3.519947
7.645603
3.627317
5.081721
3.972028
3.585402
4.200683
5.123418
5.005523
3.655304
3.355642
4.121094
5.887033
3.688814
3.777679
4.691311
4.807823
4.092468
3.415700
4.770641
6.309880
4.345362
4.285923
4.983009
4.103610
4.323342
4.032535
4.218747
3.398038
3.493003
4.409879
4.707202
5.125862
4.188819
3.322172
4.039614
3.882338
4.072217
5.597179
3.872482
3.587769
3.943104
3.500068
4.479558
