8.793488
3.532001
5.831384
5.587084
7.146797
12.451992
7.485414
4.191267
5.390166
5.129040
5.941115
3.916567
4.361846
5.302406
5.093407
7.297509
6.187467
4.965757
7.146476
5.493329
4.257996
3.947519
5.692707
5.060741
6.371570
4.497633
9.029542
5.991091
5.020303
3.485311
6.174678
5.128480
6.945370
6.456934
8.914159
5.992980
4.565615
5.727832
4.602767
5.247699
4.965233
4.111724
5.225203
6.606644
5.703734
7.475975
10.194675
6.704761
4.563349
3.382464
5.303518
4.417106
5.026166
5.972098
5.868966
11.532839
7.286802
3.883293
6.353986
5.918699
5.869815
6.277138
5.902130
5.295754
6.030909
4.047987
4.092544
11.598022
4.945480
5.106387
5.561512
4.740712
5.120341
4.953274
4.106497
4.039354
4.698267
6.154674
4.955972
4.362839
4.991358
3.185688
4.526486
6.384466
5.788494
8.174552
4.575822
3.874704
5.188318
4.876731
3.672843
4.419240
4.974668
9.200502
4.798771
5.524736
4.647132
6.587573
6.062578
4.394257
4.076912
4.292540
4.783020
9.969726
4.889904
4.247512
5.398454
8.253311
6.779325
4.748170
4.975853
6.702602
5.074984
6.180523
6.805018
4.522391
4.067342
6.509901
3.873080
