2.446691
1.728537
3.120139
1.904462
1.955208
3.048787
2.292804
2.978494
2.882534
2.575279
2.659953
2.518263
2.245659
2.700859
2.138929
2.144678
2.100418
2.753472
2.245023
3.580602
2.635123
2.422796
2.888560
1.908540
2.591297
2.335114
3.582368
2.775890
3.998909
3.973512
3.066172
2.410210
1.997100
2.420964
3.991738
2.749098
3.021147
2.940780
2.261128
2.335421
2.650661
1.929479
3.866462
1.919598
2.482134
2.333512
1.897223
2.482239
2.888261
3.301323
2.487284
1.445835
2.022696
3.631092
2.048581
2.405370
3.666206
3.441076
2.379213
2.325661
1.760041
2.039682
2.524014
3.549750
2.067163
2.361500
2.535596
2.152748
2.569392
2.966195
2.486092
3.653101
2.469277
2.550869
1.940372
2.493505
2.577065
2.408775
2.806169
3.040888
1.834121
2.848118
2.202136
2.385898
3.849118
4.412896
4.778420
2.280333
2.859902
2.603438
3.184934
2.593519
2.817352
1.613729
2.654562
2.601218
1.794142
2.337196
1.998033
2.640352
3.539099
2.394293
2.905488
2.190815
2.142616
2.206135
2.288495
2.710179
2.390723
2.008085
3.105518
1.983487
1.862938
2.678299
1.871030
2.526956
2.029553
2.259234
2.009371
3.013999
1.855595
2.121106
1.505120
2.435426
1.623525
2.537551
2.219266
2.227403
2.427050
3.165251
2.167163
2.661730
2.982217
2.921164
2.393722
1.927735
2.134283
2.159391
2.054749
2.355797
2.549298
2.365012
2.450443
3.067950
2.344439
2.782779
3.471674
2.267462
2.363707
3.114133
2.374275
2.675328
1.940697
2.267908
2.436954
2.505502
2.623956
2.827655
2.338907
1.743092
2.378310
3.057259
2.854092
2.459119
2.002028
1.690540
1.617329
2.643951
3.392235
2.459990
2.020270
3.366324
2.480677
2.317940
2.121384
1.821699
2.046808
2.160977
2.021504
2.851310
2.079827
2.006238
2.851825
2.434453
2.745529
2.146642
2.685905
3.500642
2.683357
2.228192
2.489583
2.629958
2.873046
2.937560
3.479483
3.870377
2.480150
2.259806
2.014490
1.389198
2.604184
2.526362
2.826162
2.610153
2.886730
2.668505
2.474654
3.193876
2.040154
1.751591
2.539869
2.901814
2.517682
2.012001
2.619636
3.073417
1.906351
2.625872
