2.923638
2.574173
2.312051
2.252266
2.616565
2.849544
2.190794
2.388267
3.049794
1.990701
2.297683
2.590902
1.682027
2.498278
2.507859
2.491292
3.270144
2.603412
1.611784
3.147835
1.870494
2.321660
2.722178
2.400113
1.603511
2.054961
1.979623
2.252839
1.486181
2.265037
1.929656
3.064612
1.656076
2.109303
1.762520
2.205047
2.096978
1.952607
1.847356
1.945958
2.052157
2.320399
2.222736
1.551707
1.684214
2.404400
2.750393
2.243629
2.812942
3.568804
1.969880
1.846408
2.653550
2.206463
3.283931
2.396227
2.635625
3.097481
1.754502
1.737999
2.448395
2.118209
2.287238
2.202342
2.527344
2.608918
3.115557
2.817860
3.039150
2.222279
2.036392
1.705000
2.419699
2.351771
2.559335
1.907091
2.479170
2.185002
2.323563
2.028071
1.861980
2.078913
1.900216
2.966937
2.394684
2.614227
2.088915
2.499132
3.169650
2.219012
1.909679
1.862483
1.810324
1.699691
2.439677
2.212739
1.519717
2.027296
2.095044
2.084362
2.348077
2.095347
1.870793
2.220754
1.986127
2.222835
2.254729
2.145880
2.365470
1.840413
1.744082
2.214527
2.344731
1.755076
1.816308
1.837734
2.445383
3.986145
2.060898
2.405703
1.851628
2.584636
1.949067
2.221226
1.796200
1.806995
1.780904
