2.645432
3.458969
3.509595
4.866127
2.610962
2.445023
2.805023
3.048202
3.302353
2.750112
3.856449
3.069565
3.230084
3.348772
3.038957
3.275598
3.341341
4.549987
4.460778
3.841051
4.257157
2.659396
3.037386
4.289582
2.671405
3.795375
3.016229
3.694407
5.430817
4.447816
3.505818
3.190248
3.388793
3.335203
2.831383
3.262915
2.749608
4.146603
2.483640
4.513603
3.794342
3.615530
4.473827
3.966676
3.906301
4.046615
3.162245
2.920708
3.227403
3.210622
4.468029
3.458305
3.637469
3.431746
3.536147
3.019507
3.122087
4.491984
2.694588
2.811185
4.391393
4.650423
6.181549
4.827565
4.247885
3.492354
3.021888
2.989610
3.035006
3.396123
2.277856
2.740874
2.900013
3.159991
3.291179
3.557070
2.714922
3.332311
3.894217
3.748712
3.947361
2.536492
4.041907
3.237885
4.649821
3.828201
3.232555
5.465852
3.111770
2.867846
2.110235
4.077179
3.019835
2.872307
3.630140
4.224250
2.798301
2.299165
3.179763
2.260715
2.838880
3.442089
3.750660
2.330867
2.663778
2.521175
3.176354
3.676023
3.190790
2.907877
