3.876206
3.700509
4.813643
3.256314
2.242045
3.768480
4.141251
4.505420
3.738476
3.032125
2.732489
4.402251
5.251542
3.330200
4.092641
2.927728
3.173497
3.434072
4.307255
3.155521
4.474668
3.861246
3.437690
3.155739
3.095488
2.525580
2.970261
3.964123
4.034433
4.436002
3.531260
2.699879
2.383075
5.817224
3.495918
4.820108
2.962864
3.094865
3.623700
2.823532
2.871811
3.771457
2.574403
6.386441
3.224573
3.551863
2.665476
2.966535
3.473597
3.826451
3.319288
3.314155
3.264490
4.664019
4.427181
3.411672
3.581553
2.491729
3.354841
3.036145
3.734051
3.363858
3.352184
5.748422
3.530026
3.268944
2.800006
5.564408
2.782520
2.369450
2.482090
3.155552
4.093680
3.206233
4.270637
3.148427
3.011302
4.546469
3.734951
4.200285
3.671365
2.624436
3.746626
2.936768
3.282505
4.711253
2.535464
3.317011
3.500557
1.955597
5.029659
3.546903
3.064737
4.704586
2.582069
4.299477
4.182533
2.702063
3.332872
3.249727
3.285672
3.398850
3.612633
2.844950
2.689299
3.681312
2.601903
4.877389
3.500164
2.940541
2.346047
3.678192
3.204897
2.358510
2.758030
2.851296
3.366454
3.650511
5.113126
2.903800
4.185074
3.023538
4.012517
2.855542
2.605272
3.555981
2.204204
2.809051
3.533995
3.041786
2.750888
2.768569
2.126119
2.376013
2.948307
2.547827
2.740482
2.655895
2.735493
2.967730
4.008247
