1 2 0.587873
1 4 0.651154
1 5 0.588011
1 6 0.660575
1 7 0.616169
1 8 0.551838
1 9 0.603814
1 11 0.500000
1 13 0.608700
1 14 0.500000
2 1 0.587873
4 1 0.651154
4 14 0.500000
5 1 0.588011
6 1 0.660575
7 1 0.616169
7 14 0.500000
8 1 0.551838
8 14 0.500000
9 1 0.603814
11 1 0.500000
11 14 0.500000
13 1 0.608700
13 14 0.500000
14 1 0.500000
14 4 0.500000
14 7 0.500000
14 8 0.500000
14 11 0.500000
14 13 0.500000
1 1 0.745771
1 3 0.500000
1 10 0.547754
1 12 0.500000
2 2 0.575250
2 3 0.500000
2 4 0.556278
2 5 0.520906
2 6 0.541198
2 7 0.541828
2 8 0.509821
2 9 0.551440
2 10 0.519234
2 11 0.500000
2 12 0.500000
2 13 0.517423
2 14 0.500000
3 1 0.500000
3 2 0.500000
3 3 0.500000
3 4 0.500000
3 5 0.500000
3 6 0.500000
3 7 0.500000
3 8 0.500000
3 9 0.500000
3 10 0.500000
3 11 0.500000
3 12 0.500000
3 13 0.500000
3 14 0.500000
4 2 0.556278
4 3 0.500000
4 4 0.631723
4 5 0.534877
4 6 0.595388
4 7 0.555030
4 8 0.555177
4 9 0.555733
4 10 0.523540
4 11 0.500000
4 12 0.500000
4 13 0.553923
5 2 0.520906
5 3 0.500000
5 4 0.534877
5 5 0.543579
5 6 0.557151
5 7 0.545961
5 8 0.503215
5 9 0.537460
5 10 0.514871
5 11 0.500000
5 12 0.500000
5 13 0.542524
5 14 0.500000
6 2 0.541198
6 3 0.500000
6 4 0.595388
6 5 0.557151
6 6 0.659525
6 7 0.578065
6 8 0.502949
6 9 0.557792
6 10 0.537973
6 11 0.500000
6 12 0.500000
6 13 0.631229
6 14 0.500000
7 2 0.541828
7 3 0.500000
7 4 0.555030
7 5 0.545961
7 6 0.578065
7 7 0.563004
7 8 0.513595
7 9 0.551472
7 10 0.524465
7 11 0.500000
7 12 0.500000
7 13 0.551951
8 2 0.509821
8 3 0.500000
8 4 0.555177
8 5 0.503215
8 6 0.502949
8 7 0.513595
8 8 0.635166
8 9 0.504142
8 10 0.502850
8 11 0.500000
8 12 0.500000
8 13 0.493009
9 2 0.551440
9 3 0.500000
9 4 0.555733
9 5 0.537460
9 6 0.557792
9 7 0.551472
9 8 0.504142
9 9 0.558632
9 10 0.520620
9 11 0.500000
9 12 0.500000
9 13 0.525956
9 14 0.500000
10 1 0.547754
10 2 0.519234
10 3 0.500000
10 4 0.523540
10 5 0.514871
10 6 0.537973
10 7 0.524465
10 8 0.502850
10 9 0.520620
10 10 0.515468
10 11 0.500000
10 12 0.500000
10 13 0.529181
10 14 0.500000
11 2 0.500000
11 3 0.500000
11 4 0.500000
11 5 0.500000
11 6 0.500000
11 7 0.500000
11 8 0.500000
11 9 0.500000
11 10 0.500000
11 11 0.500000
11 12 0.500000
11 13 0.500000
12 1 0.500000
12 2 0.500000
12 3 0.500000
12 4 0.500000
12 5 0.500000
12 6 0.500000
12 7 0.500000
12 8 0.500000
12 9 0.500000
12 10 0.500000
12 11 0.500000
12 12 0.500000
12 13 0.500000
12 14 0.500000
13 2 0.517423
13 3 0.500000
13 4 0.553923
13 5 0.542524
13 6 0.631229
13 7 0.551951
13 8 0.493009
13 9 0.525956
13 10 0.529181
13 11 0.500000
13 12 0.500000
13 13 0.652474
14 2 0.500000
14 3 0.500000
14 5 0.500000
14 6 0.500000
14 9 0.500000
14 10 0.500000
14 12 0.500000
14 14 0.500000
