1 2 0.626401
1 4 0.516069
1 5 0.669540
1 6 0.745889
1 7 0.711440
1 8 0.648226
1 9 0.658248
1 11 0.500000
1 13 0.635781
1 14 0.500000
2 1 0.626401
4 1 0.516069
4 14 0.500000
5 1 0.669540
6 1 0.745889
7 1 0.711440
7 14 0.500000
8 1 0.648226
8 14 0.500000
9 1 0.658248
11 1 0.500000
11 14 0.500000
13 1 0.635781
13 14 0.500000
14 1 0.500000
14 4 0.500000
14 7 0.500000
14 8 0.500000
14 11 0.500000
14 13 0.500000
1 1 0.819502
1 3 0.500000
1 10 0.529559
1 12 0.500000
2 2 0.549515
2 3 0.500000
2 4 0.498125
2 5 0.561912
2 6 0.584858
2 7 0.575752
2 8 0.556273
2 9 0.560955
2 10 0.511695
2 11 0.500000
2 12 0.500000
2 13 0.551285
2 14 0.500000
3 1 0.500000
3 2 0.500000
3 3 0.500000
3 4 0.500000
3 5 0.500000
3 6 0.500000
3 7 0.500000
3 8 0.500000
3 9 0.500000
3 10 0.500000
3 11 0.500000
3 12 0.500000
3 13 0.500000
3 14 0.500000
4 2 0.498125
4 3 0.500000
4 4 0.933900
4 5 0.476154
4 6 0.430407
4 7 0.465004
4 8 0.489188
4 9 0.477179
4 10 0.513747
4 11 0.500000
4 12 0.500000
4 13 0.483326
5 2 0.561912
5 3 0.500000
5 4 0.476154
5 5 0.599303
5 6 0.627994
5 7 0.606971
5 8 0.563792
5 9 0.587205
5 10 0.514731
5 11 0.500000
5 12 0.500000
5 13 0.566606
5 14 0.500000
6 2 0.584858
6 3 0.500000
6 4 0.430407
6 5 0.627994
6 6 0.726691
6 7 0.660369
6 8 0.598068
6 9 0.618766
6 10 0.511933
6 11 0.500000
6 12 0.500000
6 13 0.595789
6 14 0.500000
7 2 0.575752
7 3 0.500000
7 4 0.465004
7 5 0.606971
7 6 0.660369
7 7 0.649355
7 8 0.592362
7 9 0.594133
7 10 0.515952
7 11 0.500000
7 12 0.500000
7 13 0.582021
8 2 0.556273
8 3 0.500000
8 4 0.489188
8 5 0.563792
8 6 0.598068
8 7 0.592362
8 8 0.594679
8 9 0.546398
8 10 0.513934
8 11 0.500000
8 12 0.500000
8 13 0.560364
9 2 0.560955
9 3 0.500000
9 4 0.477179
9 5 0.587205
9 6 0.618766
9 7 0.594133
9 8 0.546398
9 9 0.607609
9 10 0.514625
9 11 0.500000
9 12 0.500000
9 13 0.566396
9 14 0.500000
10 1 0.529559
10 2 0.511695
10 3 0.500000
10 4 0.513747
10 5 0.514731
10 6 0.511933
10 7 0.515952
10 8 0.513934
10 9 0.514625
10 10 0.505840
10 11 0.500000
10 12 0.500000
10 13 0.511966
10 14 0.500000
11 2 0.500000
11 3 0.500000
11 4 0.500000
11 5 0.500000
11 6 0.500000
11 7 0.500000
11 8 0.500000
11 9 0.500000
11 10 0.500000
11 11 0.500000
11 12 0.500000
11 13 0.500000
12 1 0.500000
12 2 0.500000
12 3 0.500000
12 4 0.500000
12 5 0.500000
12 6 0.500000
12 7 0.500000
12 8 0.500000
12 9 0.500000
12 10 0.500000
12 11 0.500000
12 12 0.500000
12 13 0.500000
12 14 0.500000
13 2 0.551285
13 3 0.500000
13 4 0.483326
13 5 0.566606
13 6 0.595789
13 7 0.582021
13 8 0.560364
13 9 0.566396
13 10 0.511966
13 11 0.500000
13 12 0.500000
13 13 0.555211
14 2 0.500000
14 3 0.500000
14 5 0.500000
14 6 0.500000
14 9 0.500000
14 10 0.500000
14 12 0.500000
14 14 0.500000
