1 2 0.757509
1 4 0.932744
1 5 0.916840
1 6 0.929757
1 7 0.866581
1 8 0.928384
1 9 0.948978
1 11 0.500000
1 13 0.847762
1 14 0.500000
2 1 0.757509
4 1 0.932744
4 14 0.500000
5 1 0.916840
6 1 0.929757
7 1 0.866581
7 14 0.500000
8 1 0.928384
8 14 0.500000
9 1 0.948978
11 1 0.500000
11 14 0.500000
13 1 0.847762
13 14 0.500000
14 1 0.500000
14 4 0.500000
14 7 0.500000
14 8 0.500000
14 11 0.500000
14 13 0.500000
1 1 0.981404
1 3 0.500000
1 10 0.558066
1 12 0.500000
2 2 0.611840
2 3 0.500000
2 4 0.677123
2 5 0.678011
2 6 0.681298
2 7 0.641763
2 8 0.674072
2 9 0.716179
2 10 0.518660
2 11 0.500000
2 12 0.500000
2 13 0.622541
2 14 0.500000
3 1 0.500000
3 2 0.500000
3 3 0.500000
3 4 0.500000
3 5 0.500000
3 6 0.500000
3 7 0.500000
3 8 0.500000
3 9 0.500000
3 10 0.500000
3 11 0.500000
3 12 0.500000
3 13 0.500000
3 14 0.500000
4 2 0.677123
4 3 0.500000
4 4 0.859701
4 5 0.826227
4 6 0.845193
4 7 0.763985
4 8 0.846679
4 9 0.858432
4 10 0.541017
4 11 0.500000
4 12 0.500000
4 13 0.752573
5 2 0.678011
5 3 0.500000
5 4 0.826227
5 5 0.821873
5 6 0.832159
5 7 0.768644
5 8 0.827260
5 9 0.858966
5 10 0.536092
5 11 0.500000
5 12 0.500000
5 13 0.739152
5 14 0.500000
6 2 0.681298
6 3 0.500000
6 4 0.845193
6 5 0.832159
6 6 0.999997
6 7 0.739593
6 8 0.836062
6 9 0.987523
6 10 0.671082
6 11 0.500000
6 12 0.500000
6 13 0.666928
6 14 0.500000
7 2 0.641763
7 3 0.500000
7 4 0.763985
7 5 0.768644
7 6 0.739593
7 7 0.735370
7 8 0.767370
7 9 0.812400
7 10 0.521046
7 11 0.500000
7 12 0.500000
7 13 0.698283
8 2 0.674072
8 3 0.500000
8 4 0.846679
8 5 0.827260
8 6 0.836062
8 7 0.767370
8 8 0.846660
8 9 0.857825
8 10 0.538896
8 11 0.500000
8 12 0.500000
8 13 0.750073
9 2 0.716179
9 3 0.500000
9 4 0.858432
9 5 0.858966
9 6 0.987523
9 7 0.812400
9 8 0.857825
9 9 0.972103
9 10 0.579804
9 11 0.500000
9 12 0.500000
9 13 0.775481
9 14 0.500000
10 1 0.558066
10 2 0.518660
10 3 0.500000
10 4 0.541017
10 5 0.536092
10 6 0.671082
10 7 0.521046
10 8 0.538896
10 9 0.579804
10 10 0.517877
10 11 0.500000
10 12 0.500000
10 13 0.516694
10 14 0.500000
11 2 0.500000
11 3 0.500000
11 4 0.500000
11 5 0.500000
11 6 0.500000
11 7 0.500000
11 8 0.500000
11 9 0.500000
11 10 0.500000
11 11 0.500000
11 12 0.500000
11 13 0.500000
12 1 0.500000
12 2 0.500000
12 3 0.500000
12 4 0.500000
12 5 0.500000
12 6 0.500000
12 7 0.500000
12 8 0.500000
12 9 0.500000
12 10 0.500000
12 11 0.500000
12 12 0.500000
12 13 0.500000
12 14 0.500000
13 2 0.622541
13 3 0.500000
13 4 0.752573
13 5 0.739152
13 6 0.666928
13 7 0.698283
13 8 0.750073
13 9 0.775481
13 10 0.516694
13 11 0.500000
13 12 0.500000
13 13 0.685746
14 2 0.500000
14 3 0.500000
14 5 0.500000
14 6 0.500000
14 9 0.500000
14 10 0.500000
14 12 0.500000
14 14 0.500000
