1 2 0.634428
1 4 0.922298
1 5 0.932800
1 6 0.704030
1 7 0.784364
1 8 0.710697
1 9 0.693847
1 11 0.500000
1 13 0.650696
1 14 0.500000
2 1 0.634428
4 1 0.922298
4 14 0.500000
5 1 0.932800
6 1 0.704030
7 1 0.784364
7 14 0.500000
8 1 0.710697
8 14 0.500000
9 1 0.693847
11 1 0.500000
11 14 0.500000
13 1 0.650696
13 14 0.500000
14 1 0.500000
14 4 0.500000
14 7 0.500000
14 8 0.500000
14 11 0.500000
14 13 0.500000
1 1 0.781691
1 3 0.500000
1 10 0.551614
1 12 0.500000
2 2 0.565325
2 3 0.500000
2 4 0.742417
2 5 0.781226
2 6 0.597433
2 7 0.614695
2 8 0.600262
2 9 0.590738
2 10 0.519653
2 11 0.500000
2 12 0.500000
2 13 0.568880
2 14 0.500000
3 1 0.500000
3 2 0.500000
3 3 0.500000
3 4 0.500000
3 5 0.500000
3 6 0.500000
3 7 0.500000
3 8 0.500000
3 9 0.500000
3 10 0.500000
3 11 0.500000
3 12 0.500000
3 13 0.500000
3 14 0.500000
4 2 0.742417
4 3 0.500000
4 4 0.999687
4 5 0.999776
4 6 0.819926
4 7 0.951054
4 8 0.886712
4 9 0.846743
4 10 0.670471
4 11 0.500000
4 12 0.500000
4 13 0.756037
5 2 0.781226
5 3 0.500000
5 4 0.999776
5 5 0.999999
5 6 0.811100
5 7 0.904075
5 8 0.926886
5 9 0.885783
5 10 0.699391
5 11 0.500000
5 12 0.500000
5 13 0.745150
5 14 0.500000
6 2 0.597433
6 3 0.500000
6 4 0.819926
6 5 0.811100
6 6 0.672618
6 7 0.690770
6 8 0.629082
6 9 0.618176
6 10 0.528834
6 11 0.500000
6 12 0.500000
6 13 0.606828
6 14 0.500000
7 2 0.614695
7 3 0.500000
7 4 0.951054
7 5 0.904075
7 6 0.690770
7 7 0.928607
7 8 0.723643
7 9 0.686449
7 10 0.565430
7 11 0.500000
7 12 0.500000
7 13 0.657811
8 2 0.600262
8 3 0.500000
8 4 0.886712
8 5 0.926886
8 6 0.629082
8 7 0.723643
8 8 0.685681
8 9 0.654111
8 10 0.543813
8 11 0.500000
8 12 0.500000
8 13 0.608343
9 2 0.590738
9 3 0.500000
9 4 0.846743
9 5 0.885783
9 6 0.618176
9 7 0.686449
9 8 0.654111
9 9 0.660476
9 10 0.529595
9 11 0.500000
9 12 0.500000
9 13 0.603882
9 14 0.500000
10 1 0.551614
10 2 0.519653
10 3 0.500000
10 4 0.670471
10 5 0.699391
10 6 0.528834
10 7 0.565430
10 8 0.543813
10 9 0.529595
10 10 0.523901
10 11 0.500000
10 12 0.500000
10 13 0.518760
10 14 0.500000
11 2 0.500000
11 3 0.500000
11 4 0.500000
11 5 0.500000
11 6 0.500000
11 7 0.500000
11 8 0.500000
11 9 0.500000
11 10 0.500000
11 11 0.500000
11 12 0.500000
11 13 0.500000
12 1 0.500000
12 2 0.500000
12 3 0.500000
12 4 0.500000
12 5 0.500000
12 6 0.500000
12 7 0.500000
12 8 0.500000
12 9 0.500000
12 10 0.500000
12 11 0.500000
12 12 0.500000
12 13 0.500000
12 14 0.500000
13 2 0.568880
13 3 0.500000
13 4 0.756037
13 5 0.745150
13 6 0.606828
13 7 0.657811
13 8 0.608343
13 9 0.603882
13 10 0.518760
13 11 0.500000
13 12 0.500000
13 13 0.582806
14 2 0.500000
14 3 0.500000
14 5 0.500000
14 6 0.500000
14 9 0.500000
14 10 0.500000
14 12 0.500000
14 14 0.500000
