2.553997
1.813879
1.910375
2.100009
1.971853
1.125954
2.227773
2.753853
1.501573
1.635833
2.302714
1.720447
3.550483
2.067816
1.838618
2.291003
2.187600
2.923817
1.673487
2.240816
2.121586
1.620692
1.370061
4.378248
2.057301
2.955947
1.927019
1.513534
1.537989
1.904056
1.566192
2.011230
1.393555
2.803291
1.824554
1.792893
1.604020
2.112524
1.518136
1.717761
0.966760
1.896148
2.911234
1.874802
1.518670
2.351141
2.405883
2.694513
1.599663
1.718040
3.169359
2.506760
2.060386
2.913885
2.224981
1.944994
1.445925
3.006707
1.606724
1.785200
2.357026
2.536520
1.928762
1.517355
2.005637
1.793681
1.469555
1.524167
1.503813
1.537076
2.044482
1.397816
1.727445
2.044173
1.661570
2.002826
2.481271
2.256698
1.939931
2.034250
1.367590
1.440037
2.298245
1.220175
2.126943
1.634933
1.699195
1.623092
1.643200
1.147304
1.285332
2.578331
1.192927
2.758904
1.810339
1.153119
1.399129
2.310091
1.731011
2.582855
1.482652
1.205917
1.970229
1.421085
1.511743
2.143266
1.140454
1.208619
2.223720
1.820417
2.481899
1.517182
1.718786
2.097088
1.740044
1.604528
2.841417
1.267757
1.586035
1.062528
1.501033
1.307407
1.081361
2.154613
3.008916
2.159718
1.814064
3.426269
2.343306
3.367212
3.285694
1.667882
2.271431
2.844946
1.571549
1.773652
2.808890
1.429754
1.412466
2.400327
1.455755
1.866058
1.481729
1.337586
1.177803
2.084471
2.063452
2.495514
1.690288
2.284333
1.791514
1.561224
1.188398
2.980343
1.160606
2.493583
1.740383
1.490832
1.457572
3.847309
2.106966
2.256222
1.606446
3.240631
1.978048
1.845513
2.148802
2.347992
2.524483
1.750049
1.503103
1.571421
2.204009
1.809535
1.725088
1.550861
1.695338
2.439165
2.030628
1.316687
1.088470
1.066334
1.809597
1.591360
1.667057
2.818213
2.807974
1.657368
1.684513
2.530229
2.231811
1.454942
2.473420
1.854465
1.197370
1.598718
1.684503
0.855100
2.424953
1.354619
1.591509
1.650441
1.868666
1.882076
1.301423
1.436068
