1.668008
2.638356
2.755979
1.796928
4.438824
2.962346
2.567308
1.350690
2.874581
2.265596
2.357389
2.147290
2.493815
2.813393
3.695457
1.278480
1.710446
3.215889
2.614115
1.654672
1.261817
1.908574
4.070682
2.835879
2.642716
1.826089
2.348803
3.154639
1.357723
2.362463
3.043120
1.480649
2.190638
2.325984
1.552091
2.661844
1.696652
2.100995
2.179640
1.631153
1.212175
2.984531
2.207446
1.949186
5.408572
1.546232
3.410097
2.057952
2.588700
1.879632
1.008697
1.413901
1.691020
3.008050
2.960683
1.306406
1.594951
3.134350
3.158358
1.772156
2.029143
3.531781
1.879720
1.279481
1.942473
2.308800
1.854172
3.005680
1.527788
1.938277
1.223479
2.723824
1.272004
3.086504
2.027099
1.268711
3.218841
1.985013
1.643479
2.082355
2.207532
1.761444
2.262034
2.921221
2.334524
1.937399
1.779380
2.124915
1.781461
1.174584
1.494930
1.137713
2.166970
2.021004
2.666542
3.271459
2.321631
1.223913
1.978608
1.950308
3.173322
2.578056
2.357610
1.767215
2.938639
1.680482
1.638709
3.152843
2.066764
2.153908
1.994935
1.081612
2.101303
2.540216
1.482786
1.421916
2.076105
2.706309
1.472806
2.131701
2.471039
2.631689
1.602069
2.654365
2.242575
1.246186
1.427233
2.071461
2.046906
2.111643
3.039659
1.811502
3.914056
1.923018
1.468215
1.375742
2.370636
2.047307
1.382786
2.282108
2.079317
2.013342
3.616421
2.322977
1.945530
1.277802
1.248181
2.609015
1.322515
2.120747
1.846540
2.485732
2.884350
2.568856
2.064435
1.842552
2.455501
2.364944
1.139805
1.677732
2.649574
1.490756
1.647958
1.494524
2.268802
2.432925
1.443035
1.340516
2.627308
2.687636
1.567590
2.014699
1.800034
1.955232
1.757727
1.221403
1.260966
1.134228
3.672198
2.124649
1.755550
1.771463
2.920807
1.761088
2.395868
1.882899
2.020790
2.176876
1.248192
2.758451
3.003284
3.887347
2.472519
3.847508
1.215044
1.158026
2.352558
1.374677
1.697274
1.840666
1.190321
2.064866
1.490483
1.701571
1.483369
1.233321
2.522982
1.560961
2.877362
1.418188
1.143970
1.711120
2.976669
1.647754
4.635856
1.118699
2.383275
1.635077
1.122713
1.101000
2.065532
2.286907
1.252618
3.338577
1.214854
2.105769
3.245402
3.523876
2.503115
2.937113
2.254167
1.010895
1.523254
1.428252
1.528135
1.780654
2.254551
1.486478
2.270140
2.062515
1.282702
2.160506
2.046220
3.103626
1.410714
2.238801
2.203631
1.546778
1.998513
2.170934
1.718763
1.806963
0.985336
2.674457
1.470381
0.956386
3.643598
1.520002
1.464903
1.321883
