2.674423
2.314533
4.393091
2.448902
2.362729
3.193563
1.870908
5.774104
2.358677
9.305317
4.157043
2.684577
4.433451
3.017460
1.513458
4.404188
3.032792
2.354834
1.712352
1.737361
2.315615
1.679624
2.688238
3.083148
4.802569
2.186733
3.714085
1.291151
2.956923
2.616586
3.185201
2.878634
3.303511
3.599285
2.596947
2.407290
1.822218
3.198695
3.944366
3.991466
1.165915
2.247580
1.770692
1.808235
3.316660
3.486117
1.438515
4.060331
4.357027
1.044323
2.962014
1.341286
3.368946
3.151165
4.357138
3.427042
2.747770
1.511005
3.125572
1.967751
2.236843
2.343369
2.629150
1.848995
1.359499
1.647399
1.208513
2.752093
4.178571
3.006735
2.100179
2.496336
1.239148
3.449180
5.795446
1.226123
1.122969
2.307284
3.256602
1.804968
5.914293
2.546968
3.228277
3.744130
4.896850
1.863965
3.936085
1.891579
2.504479
4.143316
5.967116
3.256217
2.431886
3.001129
3.557599
3.339299
2.254727
1.676824
2.284222
2.662317
2.236882
1.682758
4.073516
2.013507
2.899081
2.062383
1.870243
2.189761
3.431455
2.338026
2.599944
3.231976
2.248300
3.095565
2.759672
2.778126
1.705166
4.606646
4.847486
1.346593
1.829528
1.932099
1.815740
2.310359
2.889024
3.777220
1.958391
2.518353
4.106292
3.377157
3.494335
1.454169
5.006258
2.007725
2.977268
2.156564
2.832907
3.706732
4.509197
1.550594
4.990901
1.489784
2.278677
2.268986
2.344550
4.491794
1.994649
2.207143
2.021815
2.479964
3.745623
1.757322
2.151623
4.201327
4.258448
2.461655
2.131521
2.934538
1.441227
1.981774
3.104409
1.487826
1.837502
2.330537
2.463029
3.595953
2.329950
1.436029
2.370178
1.993212
1.560495
1.957385
1.833696
3.519593
2.796901
1.683708
1.070067
3.418335
1.474204
3.105092
1.082244
2.532223
1.193414
2.873009
2.332185
2.276138
1.988909
1.907824
3.266201
1.409911
1.826634
4.686666
1.351637
2.953877
1.451750
2.047822
4.935024
1.578929
1.256276
1.722775
2.029575
2.437784
1.322440
2.945395
2.505497
1.395750
1.631164
1.042579
3.593105
2.943981
3.163700
2.048935
2.854849
6.211033
2.593019
2.222928
3.763414
1.610451
2.445627
2.211117
2.787506
2.239407
2.762568
2.362016
1.136579
1.651041
1.299267
1.973781
1.223917
1.939411
2.203388
2.107938
2.203229
4.633386
4.073513
4.714708
2.119361
2.111596
2.086595
2.022038
3.445190
2.224841
1.941575
2.139513
2.927149
4.504515
2.442667
2.402021
2.281311
