2.762301
1.726573
3.279433
3.556166
1.545751
2.055318
2.090905
1.402021
1.913924
1.512432
2.467285
2.295921
2.843491
2.786701
2.563516
3.004449
2.670408
4.093445
2.443620
1.882813
2.198707
3.801345
3.284149
1.760118
3.518723
4.051801
3.785507
1.206477
3.382965
1.522269
3.250194
1.474451
2.830516
2.298532
2.063508
1.577694
3.763332
3.239820
3.015738
5.337753
2.922144
3.061059
2.469619
2.458032
2.154348
3.459945
3.251839
1.268565
3.449736
1.977618
3.577433
6.615951
1.937743
1.684467
2.257418
2.496296
2.062059
1.779171
1.204800
1.368199
1.743710
3.621189
2.423334
1.401172
2.408478
3.123076
2.678694
1.582656
5.986066
2.009972
4.978674
3.288199
2.834285
1.933253
3.269341
2.122886
3.152827
1.757947
3.130306
2.358625
2.889127
2.048202
4.180390
1.675458
1.446504
2.885955
2.314607
2.722381
3.962267
2.365773
1.870490
2.921145
1.435926
2.230092
1.965675
3.377051
4.640977
4.607425
4.420546
1.636356
3.928137
2.001416
3.170228
1.483815
1.319934
2.891909
1.888980
1.762097
1.873792
1.751533
5.433899
2.523264
1.959556
2.713438
3.323302
2.054816
2.760355
1.976664
1.342879
2.423191
5.308799
3.598088
3.333304
1.878537
2.158887
4.979459
2.702235
1.888478
2.404775
3.196793
2.311406
4.667297
2.479755
3.417906
2.628486
3.387088
1.443040
2.834518
1.338403
1.386159
3.658412
1.391630
4.236535
2.479400
3.033209
3.966383
2.200634
1.807869
2.453313
1.931687
2.602432
1.736742
1.649509
3.652073
4.538731
2.301757
7.471270
3.911336
2.954360
2.288554
2.569578
1.496779
1.846140
2.977076
3.382118
1.585267
3.178366
2.616197
2.468045
1.315905
2.285817
3.052933
1.480731
1.271089
2.580915
2.367133
1.750920
3.334010
1.533963
