3.159578
1.572616
1.943739
2.300044
0.991055
1.335906
2.145818
1.047866
1.467721
2.026877
1.582692
2.353396
2.758994
1.512014
2.344384
1.671993
1.712760
1.715081
1.231881
2.037357
1.897025
1.227304
1.716964
2.045206
1.983293
1.723290
2.258069
1.128386
1.373928
0.937648
1.410057
2.363352
2.922235
1.348068
2.493997
1.255581
1.578089
2.387006
1.535902
1.203184
2.148282
2.128605
3.264534
1.373833
1.888265
2.568669
2.116444
1.892166
2.283911
2.425126
1.882565
3.252393
2.934441
2.041237
1.061279
1.815788
2.004547
2.098640
1.699513
2.192423
1.175359
1.941313
2.095674
1.247036
1.355870
1.009335
0.966756
1.502889
1.837887
1.330130
1.993389
1.826369
2.404408
1.529734
1.199032
2.839057
2.135648
1.561233
1.675446
1.569478
1.271114
1.614416
2.151584
2.532516
2.507007
2.660834
1.558645
2.070977
2.000324
2.589226
1.794937
2.196507
2.487754
1.261469
1.382788
2.159747
2.423546
2.332677
2.384213
1.898667
1.972787
2.582288
1.216932
1.323580
1.365053
3.584528
1.594415
1.057143
3.868627
1.480814
2.074693
2.915495
2.076765
1.650318
2.362484
2.167682
2.843627
1.069332
1.652171
1.271439
1.737322
1.816254
1.176700
2.418659
2.725884
1.875746
1.239706
1.745417
3.169738
2.837698
1.530075
2.278197
2.122574
2.162739
2.560729
2.357254
2.738323
1.574798
1.374844
1.557124
1.430531
1.457158
1.881505
1.253535
2.100789
2.333495
1.253914
1.826223
1.192962
1.265562
2.295909
1.030629
1.919118
0.932446
1.776667
2.462975
1.487116
3.840432
2.648655
0.957635
2.293205
1.934941
2.189170
2.146777
1.138728
1.523319
3.400625
1.173783
2.017143
1.409295
1.906798
1.936121
