1.649830
2.361390
1.544768
1.879872
1.996567
3.124147
1.862337
1.558668
1.820467
1.508478
2.014301
2.312522
3.081907
0.977690
2.580035
1.176977
1.150360
1.409735
1.235815
1.176645
2.057302
1.700539
1.691790
1.588531
1.399873
1.862718
3.032049
1.172022
1.177423
1.102064
1.173065
1.144196
1.753686
1.304239
3.588350
1.095990
1.898838
2.428935
1.329233
1.398545
1.334509
1.239386
2.940877
1.108588
4.174333
0.976572
0.969913
2.992636
1.488582
0.993919
1.475034
2.900274
1.545110
1.782866
1.132972
1.253842
1.530349
1.579643
3.253043
3.819396
2.662477
1.634528
1.788024
1.148187
1.045755
2.313077
1.929855
1.665966
1.035862
2.178811
2.077047
1.959311
1.513433
1.851495
1.079953
0.950865
1.610945
1.022510
1.874656
1.073324
1.631726
1.474955
1.613137
1.132308
1.141171
2.040165
1.036314
2.161685
2.267329
1.848433
0.913557
1.544610
1.108578
2.021567
0.929151
2.009440
1.931158
1.792673
2.757392
2.843322
1.590739
1.979901
1.379756
1.210861
1.470403
1.654091
1.640473
0.858699
1.424897
1.373351
2.269722
1.815998
1.580413
0.866586
1.460984
1.332834
1.221257
1.705498
3.042144
1.352294
1.032611
1.772539
1.489128
1.551606
1.061716
1.497488
2.842596
3.153515
1.269518
1.465114
1.013952
1.171868
2.183309
2.369918
2.560727
2.950597
1.799354
1.851630
1.695552
1.806716
1.395589
1.094645
1.824546
2.956534
1.817883
1.164040
4.136223
2.432701
1.495206
1.430597
2.032572
1.038366
2.205163
1.364576
1.953863
2.119760
1.548219
1.476038
1.661626
0.880721
1.471093
2.900554
0.904491
1.698551
1.104074
2.923086
1.834184
1.361630
2.204111
1.528260
1.401777
1.568711
1.524952
1.163886
2.111598
1.466233
1.096957
0.879586
1.070381
1.321229
1.982629
1.467537
1.651565
1.346921
1.903667
0.967508
1.005141
2.005157
1.416765
2.368070
1.669083
