1.506638
1.627476
1.568171
1.111135
1.284569
2.762569
1.665196
1.729734
2.520147
2.044862
1.918187
2.124593
1.235894
2.338549
3.276438
1.762914
1.816907
1.921776
1.923548
2.337700
1.273316
1.764226
1.761169
1.168762
1.526012
1.790343
1.713102
3.027888
1.374264
1.323203
1.685147
1.654872
2.009877
1.279561
1.770749
1.794519
2.283684
1.297932
2.328562
2.415733
1.706421
1.515651
2.488214
1.766116
2.581688
1.817981
1.361696
2.068246
1.786575
1.817089
2.212295
2.190579
1.330143
2.460989
2.013326
2.026175
1.860087
2.148400
1.912795
3.408907
1.769291
2.326086
2.738746
1.142941
2.111181
1.477436
1.811032
1.565850
1.665265
1.461442
2.020189
1.848803
1.885491
2.084429
1.923207
2.004682
2.143305
2.190800
1.281609
1.439876
3.265139
1.752417
1.391246
1.378295
1.671569
1.725589
1.616861
2.286339
2.219057
3.896394
1.502159
1.242852
1.347074
1.745350
1.292169
1.433578
2.707271
1.331506
1.804533
1.468444
1.726071
1.809291
2.209193
3.168082
1.884092
1.360250
1.647672
1.576786
2.432138
3.222677
2.110466
2.724279
1.752004
2.092707
1.930860
2.036397
2.216632
1.926548
1.748524
1.516651
1.221948
1.735915
1.972433
2.040193
1.151602
1.723491
1.265826
1.523041
2.413327
1.386011
2.074495
1.949282
1.316903
1.262816
1.140580
1.289959
2.758747
2.399007
1.250780
2.272137
1.853905
1.701687
1.056325
1.753921
3.370172
1.743134
1.603507
1.557340
2.376395
2.623572
3.047315
1.863448
1.676414
1.543452
1.639165
1.683747
2.944990
2.776648
1.136720
1.213691
1.116211
3.834938
3.851722
1.702657
2.100505
1.308426
1.744073
1.549691
1.741780
1.512643
1.553833
