2.358979
1.863768
1.100468
1.560634
3.143333
1.629028
0.912691
1.407887
2.579996
1.637169
1.801259
1.888624
1.490881
2.616078
2.821241
1.902929
1.509427
1.933784
1.525373
3.116399
2.231105
1.886427
1.759110
1.729233
1.711691
2.038619
1.561373
1.952320
1.753165
3.125467
2.840879
1.578352
1.819218
1.292904
1.750953
2.187741
2.483148
1.722839
3.631285
1.529515
1.838805
0.964513
1.876958
2.461702
1.679891
1.639494
1.251279
1.754098
3.015289
1.677121
1.545728
1.549753
2.797956
1.766846
1.619927
1.553510
3.969225
1.878867
1.988660
1.640850
1.913848
2.463354
2.066885
3.182285
1.242394
2.274642
1.208300
1.215075
1.390968
2.189417
2.375091
2.086333
4.005447
1.599386
1.407864
2.930793
1.453168
1.718048
1.828575
1.906192
1.280673
2.049802
1.191131
1.841570
1.185059
1.507022
1.768240
2.530875
0.925824
1.715443
1.361298
1.647835
1.876414
2.147363
1.436110
1.898781
1.058397
1.897625
1.123212
1.570849
1.917953
1.990610
1.274325
1.963356
2.541646
1.320009
1.655760
2.718298
2.651808
1.331583
1.915611
1.587840
2.123704
1.594302
2.019364
1.066907
1.566355
2.688866
3.716441
1.795522
1.893120
1.004239
1.091936
2.657958
2.137660
3.243376
1.710638
1.478032
2.111590
2.558727
1.947247
1.535740
2.416193
2.281718
1.143861
1.340953
1.750734
1.549005
1.285452
1.156091
1.838696
1.823074
1.690835
1.564065
1.540233
2.339015
1.378397
1.843416
2.148114
2.794903
1.963523
1.777257
1.315786
1.172665
2.359773
1.577734
1.327007
1.332358
2.327024
1.395451
1.247088
1.873305
2.031411
1.378390
1.982224
2.277362
1.153143
1.357163
2.693824
2.037695
1.943997
1.626723
2.014430
1.739283
1.794548
2.648417
1.489927
1.846341
2.178771
2.235396
1.209964
2.286279
1.428481
1.455352
1.309770
1.200527
