1.181627
2.670887
1.018033
2.107660
2.198033
1.695006
2.011779
1.701711
1.670022
1.414026
1.549922
2.884183
1.450438
1.533104
1.913518
1.711960
2.341134
2.794238
1.219581
2.894170
1.237735
1.260521
3.066448
1.649741
2.396804
1.877308
1.937544
1.929748
2.150041
1.381981
1.840660
1.237871
1.604411
1.955422
1.888380
2.050863
1.774306
2.610884
2.125075
1.882776
2.393510
1.579141
1.542683
1.773466
1.399197
1.597067
1.765949
1.949475
1.822032
1.553871
1.874807
1.192777
1.194005
2.206706
1.322449
2.756352
1.553826
2.379232
1.402037
0.973319
1.602219
1.872935
2.597356
2.041829
1.637624
1.393786
2.238932
2.653804
3.533167
1.857165
1.578948
2.223029
1.176667
2.004168
1.225829
1.931357
4.268789
2.493298
1.375604
1.726896
2.527316
1.996173
1.831262
2.132066
2.021861
1.965044
2.887261
1.029715
2.441519
1.065482
2.128744
2.285227
1.783416
1.767625
1.233472
1.850706
1.503983
1.222474
2.123392
1.612098
2.068296
2.024654
1.809484
1.351509
1.570126
2.248429
1.853570
2.094752
2.245560
1.438100
1.844671
2.587610
2.819591
1.649833
3.931549
2.738739
2.302687
2.197268
2.422976
2.177051
3.493060
1.959713
1.775135
2.178651
1.961656
1.275660
1.598202
1.516430
2.282352
1.321299
1.350155
2.633988
2.712660
1.615485
1.402853
1.810630
1.262105
2.480398
1.422979
3.189150
1.865030
1.191869
1.529802
1.227330
1.481248
0.947646
1.760028
1.363123
2.697413
2.139453
2.444591
2.587122
2.068004
1.855592
2.335773
1.606645
1.772460
2.706411
1.981958
1.509302
1.448469
1.895785
1.440529
1.632707
2.712298
1.789826
1.225032
1.934351
1.418066
1.307669
1.730139
2.557349
1.744191
1.713029
1.186657
1.401695
2.045973
2.425431
1.448300
1.787247
2.004292
1.660127
2.405857
1.623183
1.859881
1.754892
2.341178
1.468728
2.150277
2.249301
1.319178
1.315874
2.251052
1.919254
2.168957
2.190557
1.779630
1.304377
1.157953
1.679176
2.506218
1.522279
2.149904
2.048407
1.384199
1.368788
2.334135
2.027627
1.386963
0.999254
1.801592
4.181325
1.039106
2.693273
1.713082
1.850058
2.045946
2.105718
2.184953
2.174964
2.403269
1.936604
2.126202
1.444497
1.469977
1.464802
1.530703
1.233168
1.758927
1.870577
1.234140
2.333683
1.647977
1.662988
1.310609
1.352807
1.585093
2.292275
2.319879
1.731434
2.113073
2.045371
1.445551
1.253997
1.333740
1.851452
2.154079
2.245436
1.679116
1.654704
1.536551
1.226763
2.054826
1.570155
2.080494
2.410822
1.581831
1.611925
1.971781
2.091394
2.729664
1.567710
1.211006
1.922128
1.862417
1.295317
1.244732
1.101998
2.366729
2.901731
1.562811
2.117887
1.335462
1.654282
1.318937
3.373014
1.846695
1.935771
2.045834
1.252199
1.212405
2.144505
1.811779
2.649853
2.729743
1.543639
1.003831
2.087471
1.779216
1.830847
1.378335
1.497520
3.229803
1.848789
1.350622
2.823333
1.280782
1.899441
2.201959
1.409997
1.824452
2.094280
1.509053
2.004419
1.412709
1.720914
2.215503
1.692248
1.834796
1.833813
2.429945
1.642987
1.443841
1.809951
1.891375
1.470456
1.668420
1.816112
3.118158
2.526917
1.191854
1.517268
1.694432
