1.581301
0.979928
1.728289
4.393007
1.903682
1.399367
3.193234
2.825625
2.472774
2.024815
1.073923
1.382252
2.526706
3.419884
1.572791
2.425569
1.166747
1.500912
1.075415
2.149307
1.335068
3.090291
2.986380
1.350923
1.418673
1.730981
1.413786
2.174162
1.726900
1.377892
1.132510
2.013789
1.216678
0.949043
1.708084
1.636557
2.056804
2.109131
3.017258
2.109040
1.956968
1.269091
1.254362
3.207776
1.542967
1.590341
2.351585
3.258695
1.618762
2.006652
3.362130
1.233280
1.696518
1.782817
2.108138
1.853448
1.344617
1.244536
2.517366
2.197310
3.324067
2.344942
1.514281
1.864438
2.326335
1.302464
2.881892
1.197710
1.435685
1.439145
0.977129
1.643678
2.034251
2.327559
2.263007
2.169870
1.738678
2.141774
1.135696
2.015316
1.654594
1.784587
1.659222
1.650378
1.796208
1.901199
2.211215
2.014323
1.196544
4.627822
2.742777
1.635315
1.881251
1.167904
1.563351
1.890411
1.545453
2.570938
1.412734
1.451888
1.517034
1.410891
2.205938
3.445845
1.420886
1.773224
1.616618
1.828782
1.891717
1.182299
1.197159
1.905943
1.713278
1.444737
2.499231
1.905903
2.576707
1.747747
1.292678
1.028839
1.691530
1.084306
1.408761
1.845135
2.516176
2.234118
2.681860
1.343271
1.532960
1.328842
1.813558
1.940375
1.659672
2.716952
2.326687
1.105064
3.529074
1.438555
1.936918
2.339463
1.056473
2.219200
1.187066
1.532417
2.403483
1.416618
1.806842
1.388908
0.832529
1.640710
1.849570
1.616736
1.694074
1.639159
1.407781
1.865774
2.372551
2.145642
3.484761
2.721660
