1.104985
1.391577
1.125327
1.379080
1.257863
1.060986
1.019985
1.347143
1.340425
1.567668
0.885377
1.260549
0.997632
1.205751
1.321783
1.437577
0.955567
1.039764
1.492168
0.942716
1.264212
0.984449
1.444494
1.777897
0.975174
1.311771
1.098480
1.676649
1.413609
1.568005
0.929860
1.088570
1.194129
1.667551
1.942663
1.545364
1.255728
1.270866
1.285822
1.157538
1.353576
1.152660
1.276197
1.134695
1.465125
1.407757
1.383749
1.447311
2.025525
1.025774
1.607794
1.166767
1.609763
1.565222
1.085446
1.825466
1.179955
2.064753
0.984349
1.865385
1.032941
1.953384
1.063789
1.243375
1.003890
1.445153
1.165515
1.846642
1.126331
1.615644
1.234577
1.902833
1.882768
1.207102
0.998560
1.026996
1.478308
1.075592
1.243745
1.375165
1.415177
1.575492
1.351998
1.995629
1.605331
1.525057
1.360108
0.913181
0.890490
0.933653
1.780051
1.864878
1.169870
1.229264
1.370364
1.228032
1.315213
1.584989
1.234315
1.056873
1.457664
1.622929
1.282296
0.983931
2.171252
1.469006
1.754370
1.164167
1.051796
1.032064
2.332849
1.167515
1.571108
1.040476
1.369243
1.468857
1.409414
1.569634
1.714236
1.272889
1.216976
0.950578
1.500768
1.434812
1.514094
1.168269
2.022538
1.536308
1.459506
1.997474
1.241876
1.327227
1.352458
1.729587
1.177097
0.930343
0.871380
1.130005
0.981626
1.087085
1.374280
1.135664
1.156725
1.467504
1.553296
1.148606
1.209280
1.069628
1.016068
1.675621
1.442239
1.313123
2.202984
1.255169
1.314075
0.973517
1.450771
1.001130
1.793573
1.088833
1.485301
1.364719
1.374228
2.171447
1.211527
2.147144
0.998262
1.016165
1.703761
1.933383
1.769245
1.289485
1.251116
1.558820
1.621174
1.916414
1.765895
1.429601
1.679312
1.371028
1.620877
1.453942
1.194980
1.748624
1.327726
1.703652
1.013063
1.548077
1.474634
1.677714
1.368137
2.482083
2.520040
1.325804
1.133836
2.487757
1.199891
1.584844
2.015052
1.724920
1.304405
2.389288
1.695264
1.373878
1.619000
1.009017
0.914398
1.421520
1.467947
1.500215
1.281275
1.410643
0.934281
1.974488
1.765344
1.901969
1.202149
1.494741
1.462538
0.947466
1.133938
1.473043
1.633111
1.050489
1.195911
1.199243
1.331161
0.914997
2.605021
1.408494
1.810335
1.299910
2.309028
1.603176
1.354211
1.810019
2.455658
1.379111
1.299492
1.411877
1.845561
1.654807
1.177784
1.632428
1.206519
2.144891
2.159124
1.428672
1.470185
1.210719
1.350829
1.201590
1.587346
1.376960
0.950700
1.679436
1.395588
1.695687
1.750005
1.023925
1.259461
2.584708
1.849453
2.131957
1.901939
1.909927
1.609389
1.406604
0.994607
1.676616
2.005743
