3.643736
3.624822
3.569444
4.545158
3.809133
4.454731
3.967267
4.302800
3.854106
3.427889
4.785481
5.044044
3.379225
3.918397
4.438530
4.745936
4.596891
5.032946
3.651194
4.297842
5.674691
3.130833
3.617225
4.897516
4.822875
3.850183
3.221071
4.617242
4.870144
3.909242
4.414381
4.651257
3.477800
4.676062
4.143533
4.733268
4.905529
3.842630
4.340910
4.199794
5.842647
3.462000
4.196923
3.832373
3.661889
4.598184
3.763867
4.860778
3.980609
3.824510
4.514766
3.630349
4.590351
4.128850
4.333855
6.102788
3.159385
5.513261
4.412354
3.992903
3.792174
3.947406
4.237748
5.151007
4.529222
4.495140
3.222986
4.164783
3.989429
4.652824
3.878065
3.510584
3.607285
4.722896
3.133897
5.674465
3.213609
5.921236
4.330174
3.012264
4.485811
4.055513
4.705966
2.965223
3.265997
3.867072
3.103329
3.463363
4.482046
5.203883
4.151396
3.820259
4.267494
3.363511
3.962506
4.494732
2.958565
3.333394
4.164499
4.835778
3.495599
4.067831
3.469850
5.067537
4.476288
