3.864285
2.548595
2.978165
2.899098
3.495353
2.532324
3.717788
2.803484
3.200930
3.468157
2.950643
3.221204
2.309906
2.457255
2.906469
3.306605
2.413495
4.245149
2.794089
2.335406
2.941159
2.494164
3.034466
3.842996
2.556308
2.187523
2.459539
3.042259
2.476005
3.136696
3.518985
2.338299
2.677754
3.157067
3.783866
2.561118
2.639930
3.790305
2.862068
2.747606
3.061304
2.481224
2.398093
2.675649
2.556290
2.921062
2.360073
2.763033
2.943046
3.109054
3.653488
2.830543
1.931800
2.250113
2.600574
2.983635
2.443800
3.191107
2.925625
3.157171
2.908219
2.150551
2.615885
2.156400
3.086689
4.253535
3.691380
2.525804
3.267237
3.423406
2.483152
2.953378
2.875257
2.369441
2.869170
2.146842
2.688983
2.538823
2.765349
2.411806
2.969386
3.413612
2.188672
2.758208
3.134577
2.835689
2.573582
2.136986
3.202327
2.446438
3.068448
3.106124
3.602136
2.370645
2.181187
2.510135
2.065503
2.840920
3.872154
2.353373
2.372634
4.935875
2.473146
3.400983
3.205420
2.251204
2.634266
3.057663
2.982203
2.772838
2.478687
2.633560
4.073493
2.619349
3.322743
2.911647
1.946228
3.066776
2.565104
2.956193
2.592078
2.713153
2.049356
3.356071
2.464515
2.977238
2.392509
3.227865
2.882915
2.147598
3.435948
3.321051
