3.978035
3.693767
3.846797
3.350173
5.602575
3.437829
6.013332
3.737635
2.870720
4.929005
2.891471
4.028143
3.465274
5.263311
3.261981
3.470536
3.598716
3.253670
3.749198
3.254811
3.610387
3.349954
3.277618
2.634058
3.847402
3.120195
2.345304
3.591786
4.355089
2.942328
3.644912
3.347203
3.178823
4.023900
3.101100
3.122510
3.368029
3.632240
4.631028
4.219728
3.514733
2.817805
4.699268
2.525331
3.481521
4.410107
3.644422
3.100953
3.806101
3.089243
3.135615
3.887341
2.853764
3.513348
3.439726
2.961920
3.192119
4.243116
3.569466
2.809996
3.148664
2.936460
2.724218
3.297637
3.781410
2.946284
3.551296
3.166966
3.256696
2.598919
3.318365
3.085484
3.074609
2.784589
3.179337
3.020066
3.690580
3.289180
3.084788
2.820669
3.829887
2.053521
3.503061
3.152557
2.898331
2.299025
2.761985
2.745446
3.520451
2.726588
2.721481
2.745465
3.312584
2.728843
3.119532
3.309587
2.445686
3.735961
3.001818
3.733905
3.617272
2.580594
3.045174
2.586432
3.787314
4.359853
2.296211
3.382189
2.551273
3.325202
3.762420
2.773975
2.545048
2.599927
2.729933
3.074680
3.045344
2.541532
3.572991
2.471059
3.221758
4.769637
3.337235
2.811849
4.207040
2.868667
3.520362
3.307179
2.363528
2.311083
2.648352
4.257893
2.546559
3.022288
4.088204
3.190133
2.851380
2.241499
2.857325
2.589228
3.851547
2.224959
2.297981
2.968700
2.445480
2.918424
2.484596
3.257854
3.089118
4.327721
2.254012
3.440705
2.540431
3.163545
3.196836
3.088099
3.011189
2.711357
2.567780
2.737467
3.387772
2.893073
3.221000
4.219632
2.696070
2.806280
3.033633
3.490536
2.594381
2.900331
3.348167
3.923956
2.691403
2.692342
2.433835
3.106586
3.055515
2.559938
3.044009
2.597077
2.740994
2.835915
1.828903
3.373252
2.566455
3.776461
3.015313
3.276979
2.208348
2.536501
2.197197
3.481346
2.506306
2.797321
2.981000
3.286659
2.670008
3.243417
3.120993
2.725008
2.433948
3.254600
3.115820
3.489198
2.530102
3.060029
2.380465
2.879732
2.700728
3.044934
2.404289
3.017563
3.177213
2.599177
2.768503
2.231064
2.516624
2.385971
2.287066
2.814098
2.792167
2.367474
2.728929
3.068132
2.434053
2.782390
2.812217
1.967516
2.243114
3.152544
2.649678
3.586213
2.526796
2.624402
2.890694
2.738092
3.103065
2.486012
2.737405
2.271578
3.748897
2.948524
2.182380
2.508944
2.098396
3.015758
2.832899
2.848084
3.093359
3.095500
2.864483
2.402614
3.734892
3.446949
2.085894
3.565611
2.896759
