6.013965
3.540255
4.263178
3.387070
3.343470
6.729536
4.038885
3.500670
4.370478
3.837238
3.827854
4.159795
2.956043
3.888366
3.167056
5.844984
2.922226
4.474898
4.230408
2.846523
4.551170
5.819165
4.300894
3.204550
3.777183
3.400340
3.593758
4.777932
4.681186
4.108928
3.993574
3.661715
3.113558
2.702272
4.894544
4.104081
3.089366
4.359144
2.769154
4.428397
5.763489
4.146044
4.363449
4.475943
3.004173
3.412373
4.438434
4.691169
4.032913
4.014427
3.164700
3.801653
3.159631
4.037180
2.862034
4.277405
3.270852
3.301609
2.367157
5.434114
5.566225
4.543612
2.797843
3.881671
7.429252
3.372384
3.619019
2.826234
3.813205
3.927331
3.941689
2.897450
4.348570
3.937695
2.767994
2.790769
5.294692
2.729802
2.710918
3.728501
3.371821
5.701362
3.569533
3.296070
4.203458
3.019708
3.047237
3.601178
3.681001
3.001448
3.557031
4.089992
2.742286
8.120959
4.055604
3.920711
3.969457
2.800636
3.977572
2.761689
3.204142
2.847196
3.885760
5.059682
4.012001
2.858506
3.889024
3.467601
4.777647
3.402669
2.350278
2.403051
3.981464
3.075691
3.101666
2.970082
4.821919
3.279353
4.019004
3.456157
5.696269
4.255071
6.327862
3.344102
2.813250
2.925723
2.924352
3.050564
2.134845
3.381624
4.223306
3.028352
2.691872
4.263865
4.618802
3.174553
2.829624
2.597395
4.045771
4.575991
4.057376
2.695523
2.600327
3.098922
3.235317
3.049522
2.602882
4.270685
4.714942
4.687993
3.936967
4.500089
4.636979
2.284080
2.554140
3.706315
3.612766
4.278585
2.878629
3.505737
3.558629
3.739709
2.925917
3.095116
2.486699
3.220030
3.314067
3.646161
3.772154
2.982082
3.400815
3.022928
3.353235
4.685990
2.118464
3.081721
3.506589
3.119303
3.205423
2.672863
2.496177
2.831625
3.704549
3.086401
2.599041
3.074884
2.543259
2.902277
2.727265
3.140445
3.083728
3.783941
3.345502
4.741102
4.581012
2.834485
3.052806
3.322264
4.430022
6.024124
2.640010
4.750275
3.515649
2.923831
4.272667
3.089070
3.392136
2.320803
4.201050
3.129554
3.817177
2.595336
2.676296
2.502841
2.983751
3.310111
3.527314
2.730531
4.098311
2.391381
3.090689
3.194580
2.564008
2.850248
2.449710
4.251975
3.169192
3.961372
2.929042
3.092996
3.209056
3.005154
2.728377
4.576900
3.578188
2.911334
3.222154
3.387120
3.963537
3.615108
3.411081
2.967424
3.174097
3.307000
3.827571
3.099168
2.311704
2.406789
