2.875667
2.737581
2.127439
3.772705
3.389903
2.604752
3.818689
2.748196
2.487059
3.504367
2.965094
2.808739
2.965803
2.708381
3.031578
2.673479
2.942053
2.860833
3.082127
1.967394
3.607906
2.497317
3.034123
2.193150
2.118783
2.751631
3.478126
3.487622
2.444981
4.845801
3.004243
3.643282
2.750951
3.739467
2.479974
3.787214
2.703409
3.279773
2.929854
4.435623
4.750570
2.329694
2.251959
3.006489
4.289162
2.411006
4.553452
2.978949
2.810264
2.349168
3.142627
2.253037
2.476910
2.865617
2.731762
3.072764
2.512724
2.982965
2.145377
3.183438
2.315434
4.309294
3.357622
2.372313
2.397770
2.911465
2.798179
2.160787
3.073328
2.496922
4.773300
2.632838
1.840703
2.018553
2.790694
3.402279
3.349084
2.321596
2.732286
3.480314
3.140832
3.536923
2.697342
2.473414
2.531679
2.346138
3.532763
2.783571
3.177083
2.303507
2.925266
3.882012
2.941101
2.950637
3.426456
2.372947
2.508741
3.111436
2.821853
2.563028
2.943953
3.108166
3.374367
3.400594
2.657378
4.256387
2.830702
3.073292
3.418164
2.374953
2.628789
2.282525
1.926305
2.263974
3.244318
2.336604
3.082333
2.509710
3.177989
2.804400
2.257568
3.678065
2.628950
3.104408
2.534241
2.639524
2.288978
3.349648
3.892187
3.320223
3.089903
3.169689
2.066070
