2.844668
2.163078
1.894227
1.648498
3.555781
2.564925
1.819918
2.694731
2.106771
3.572320
1.911472
2.015565
2.170109
2.640260
2.330810
2.142020
3.177562
2.144997
2.081420
2.180588
2.215095
4.852596
2.567057
2.817965
2.829276
2.389905
2.760552
2.864106
2.502409
2.639726
2.493318
2.341572
2.588386
2.254904
2.893221
2.829038
2.189688
2.418324
2.091098
2.129001
2.607400
2.057791
3.169910
1.820394
2.450946
1.414719
3.315105
3.136469
1.850899
2.094569
2.320720
2.769838
2.234992
1.995915
2.109250
1.834830
2.011123
2.921033
2.290242
1.525593
1.699238
1.923210
2.557284
2.560462
1.831358
2.357077
2.329385
2.239547
2.152932
2.452553
2.441466
2.485029
2.460430
2.726330
2.300573
2.934721
2.814573
1.658489
1.990737
2.685228
2.391595
2.080301
1.844070
3.681387
2.837762
2.192176
2.362415
2.345524
2.015131
2.047055
2.069040
2.989976
3.153737
2.046235
2.238723
2.220476
2.941863
2.926144
1.695571
2.156723
2.435186
2.534889
1.797511
1.891494
3.324427
1.420198
2.508090
2.240581
2.838045
2.271891
2.136145
1.755726
2.275702
1.996042
2.210343
2.829983
1.966548
3.252690
1.868909
2.057008
2.690662
1.432620
2.295933
2.018981
3.113503
2.144445
2.170964
2.010498
3.058377
3.547595
2.276203
3.864304
2.506834
2.781701
2.176147
1.978157
2.982375
2.949416
1.725109
2.602858
2.177978
2.384868
1.585761
2.677789
2.437278
1.801987
1.885585
2.342016
3.739763
2.623814
2.474241
3.183911
2.665915
2.920613
2.321800
3.049844
3.070632
2.982301
2.306685
2.741088
2.211646
2.577040
2.364835
1.545917
1.512032
1.921630
1.885489
4.299135
3.432361
1.408130
2.932743
1.896827
1.891530
2.684717
2.247590
2.029441
2.423772
1.666024
2.636566
1.617792
2.065292
2.085262
2.771250
1.961517
1.818033
2.244568
1.608155
1.950635
1.992644
2.340028
2.362366
1.566777
2.752563
2.890719
2.560826
3.240127
3.133474
2.174505
2.578578
2.091667
2.463591
2.078528
1.971686
2.728616
2.145405
3.252144
2.427930
3.250838
2.037853
1.797567
2.219314
2.348309
2.171213
1.911703
1.954806
1.450995
3.254016
1.971489
2.472335
2.203869
3.939406
2.443546
2.306202
1.559774
2.400340
