4.120581
4.091476
4.237563
5.057606
3.242083
4.420820
5.426666
7.385747
5.135953
4.017442
3.139008
4.058119
5.226867
4.770050
3.644494
2.961285
4.963149
3.980865
3.901218
4.779869
4.587635
4.207584
4.266566
3.561795
4.509563
3.226759
4.310099
8.477181
6.208029
6.743830
4.167088
5.629711
4.674931
4.584551
3.440826
4.678267
4.197063
3.491266
3.258647
4.565548
4.680129
3.004036
3.280475
4.997393
4.209145
4.361615
4.375720
4.003283
3.048111
4.477565
4.603543
3.508854
3.411530
3.380331
3.612968
5.324444
2.837860
4.783464
6.063660
2.955356
3.634868
7.659148
6.399455
3.692792
5.183521
2.694988
5.237016
4.866453
3.377778
4.313640
3.365450
6.368348
2.699007
4.893217
3.981191
5.853649
4.118352
3.821839
3.384030
7.482525
3.189981
4.057219
3.413425
4.425888
3.421831
4.200846
3.712642
2.862761
4.220051
3.874362
5.174850
4.999776
5.149601
6.716846
5.177171
4.052688
4.289453
5.707692
6.296208
3.944909
4.278530
7.182381
3.657019
3.099287
3.615725
3.527438
3.443878
4.388118
3.157079
5.281967
3.441671
4.101232
5.848884
3.262446
3.285220
4.300273
3.094497
4.873675
3.763123
4.472536
3.192077
3.430552
4.032277
4.885300
3.215058
4.756445
5.332569
4.278624
3.729471
2.747941
4.059558
3.893387
3.080232
3.116403
6.763037
5.249672
3.205847
2.904387
3.194085
5.381841
3.826307
2.799465
3.307054
4.439027
3.020675
4.215487
2.990725
5.123076
3.585239
4.420974
3.410286
3.327407
3.758430
3.622958
2.659234
2.886946
2.998872
3.979087
4.176672
2.217550
4.629566
3.845928
3.134826
4.960530
4.333454
3.650682
2.832460
3.527949
3.592222
3.188964
4.210910
3.624360
3.850338
3.012640
4.219116
3.086036
3.141804
4.174255
2.971122
2.976192
2.649374
2.843426
3.658789
3.025907
4.783395
4.253735
3.636291
4.095329
2.527664
3.668923
3.499111
3.400355
3.729962
3.869972
3.293938
2.927373
4.573032
3.193182
3.801462
2.560168
3.262415
3.528418
2.605958
4.110483
2.893433
3.869687
3.407623
3.623597
3.243605
4.746768
3.014070
4.467270
3.391893
3.426662
3.298075
3.090241
3.432211
3.114149
4.370530
3.609181
4.177096
2.377393
3.341126
4.156079
2.598024
3.199280
4.054509
2.576020
4.698512
4.043496
3.242466
3.969067
4.428818
5.234430
5.315814
3.082038
3.529686
3.477766
3.535186
3.959617
3.055898
4.440783
3.208263
4.129048
2.894166
3.226878
2.788980
2.710048
3.074377
3.789183
3.840979
3.417488
