5.399799
6.515319
6.197067
4.861266
6.148855
3.424092
4.464769
3.944875
7.151738
5.380322
7.341583
4.385686
4.893078
5.910659
4.178338
6.609212
5.892979
4.111396
5.742959
5.558067
6.429764
4.603692
6.095072
5.295487
6.291109
7.473373
5.243908
4.753922
5.542061
3.851383
5.475951
5.372639
5.468465
5.440431
4.252665
4.735865
4.101970
5.318913
4.541270
4.531093
4.873671
6.665773
4.698946
3.924091
5.127789
3.938831
6.812515
7.725308
4.400482
7.838408
5.159382
5.505201
4.561694
5.477870
6.063719
6.426946
4.518854
4.488461
6.330481
4.524293
5.882428
9.113844
4.326446
6.671175
5.523877
6.692747
4.035091
4.225808
4.869463
8.060200
5.213992
5.516993
5.966819
4.249763
3.398815
3.485098
4.519209
4.774502
3.899461
5.073003
4.718992
3.750567
5.603207
3.940431
5.854368
4.237814
6.980733
5.855519
4.959412
4.750397
3.441519
4.186219
5.758453
3.830051
5.140425
4.107129
3.732635
4.613951
5.806116
4.522666
4.212288
5.212245
4.040731
5.647568
4.513501
3.654410
4.865551
4.091439
5.016604
3.750849
6.606156
4.609701
6.462515
3.922060
4.825061
4.954353
5.646384
4.569144
4.847202
6.711744
3.632229
5.969229
3.701773
5.537157
5.072102
3.230020
4.713354
4.622328
5.148584
3.898493
6.451762
4.588912
5.420600
4.302112
4.659047
4.079598
2.946516
4.754317
4.821614
3.618966
4.701031
4.387049
6.630392
4.731975
5.879487
3.968507
3.830084
3.707691
4.658257
5.488071
5.208937
5.283534
3.428862
6.087274
5.903344
4.842444
5.105326
5.573908
4.519465
3.535732
3.531786
4.205451
3.525723
4.166144
4.196630
4.893174
3.345733
4.418185
3.601499
3.827629
5.090923
5.716563
5.382412
3.877317
4.726254
3.824030
3.841758
3.821485
6.235086
4.964405
3.304554
5.736184
4.561372
4.301956
3.092263
4.485505
4.472165
3.915806
4.649566
5.089128
4.056944
5.575076
3.331779
5.552885
4.389196
3.052982
4.910174
4.971905
3.299466
5.339594
3.134177
4.111860
4.155546
2.984341
4.400721
6.217756
4.371361
3.954638
4.224684
3.423755
3.305151
5.520355
4.381202
4.315526
5.353479
6.368048
3.367220
4.700809
3.988777
3.883728
4.685933
5.175678
4.297733
3.808851
5.835943
4.292479
4.780725
4.799205
3.368490
4.654551
3.377394
3.655060
3.484144
4.639404
3.701634
4.644614
6.401487
3.616981
3.483380
3.626166
3.259947
3.806310
3.873566
4.361269
3.751264
4.760727
3.892067
2.816222
3.140717
3.061452
3.602625
4.203722
2.901932
2.835365
4.673979
4.596937
5.119606
4.188048
3.483686
3.723503
3.318257
4.553953
3.295973
4.089213
3.152941
2.777009
3.799270
3.829424
3.389476
3.331535
4.801190
5.266855
3.553906
5.216753
3.482396
3.801323
2.882811
3.496736
4.539685
5.222394
6.574413
5.319176
6.335788
5.891159
4.484020
5.342495
4.678115
4.537112
4.328434
5.995322
3.160566
2.489489
3.556931
4.035276
4.270710
4.075099
3.349696
3.220796
4.068346
3.364328
5.032995
4.239023
4.546557
3.867193
4.253179
4.315178
4.121230
3.734356
3.441353
6.170501
3.514938
3.892054
4.022253
3.096321
3.393811
4.200974
3.595272
4.466070
3.605983
3.663670
4.002690
3.395676
3.090054
3.489374
4.105928
3.484621
5.180631
2.662546
3.889097
4.049416
4.292716
4.641703
3.526946
3.203783
3.766411
3.797342
4.324043
3.058291
3.864537
4.125976
3.366083
4.865084
4.070381
3.515694
3.252388
3.747517
3.283132
3.538122
4.130176
4.357591
3.521104
3.048454
3.086637
3.515799
2.994042
3.506151
2.973555
5.462585
3.208837
5.339964
3.590651
4.461447
4.082439
2.668894
3.924872
2.906572
3.235085
3.048015
2.748615
2.663862
4.509774
2.557984
3.696826
5.072639
2.953858
3.309317
3.872291
3.486979
3.001357
3.070282
4.440280
2.352678
3.956773
3.315819
3.121725
4.261267
4.004588
4.334167
4.204999
3.731901
2.352665
3.990021
3.432502
3.677392
3.983253
3.366644
4.123460
3.258460
4.037661
3.012691
3.184543
2.982336
4.042783
3.955397
3.343747
3.252001
2.871089
2.914805
3.028074
2.979914
3.956703
3.978942
2.945470
3.123920
3.649761
3.175672
2.808450
3.689390
3.493888
2.325919
3.335786
3.505502
3.610114
3.153651
3.386668
2.694527
2.670973
2.867997
3.526517
3.198148
3.139238
3.085564
3.547154
3.990394
2.842433
3.237448
3.239030
2.996519
4.668890
3.148216
2.617543
2.868285
4.859879
3.752974
4.161347
3.785909
3.165787
3.082281
3.100688
3.203714
4.110061
3.639889
2.914289
2.472409
3.955982
3.088859
2.643624
3.209345
3.266152
3.561354
2.755275
3.908893
3.095170
3.738878
3.699526
2.641795
3.712471
4.202124
2.323720
3.063821
3.799159
3.508595
3.221929
3.443196
3.343037
3.004106
3.821700
3.624508
3.690049
4.052916
3.688398
4.496177
3.357909
2.860104
