1 2 0.620262
1 4 0.660891
1 5 0.670038
1 6 0.801411
1 7 0.830970
1 8 0.622158
1 9 0.758117
1 11 0.500000
1 13 0.628948
1 14 0.500000
2 1 0.620262
4 1 0.660891
4 14 0.500000
5 1 0.670038
6 1 0.801411
7 1 0.830970
7 14 0.500000
8 1 0.622158
8 14 0.500000
9 1 0.758117
11 1 0.500000
11 14 0.500000
13 1 0.628948
13 14 0.500000
14 1 0.500000
14 4 0.500000
14 7 0.500000
14 8 0.500000
14 11 0.500000
14 13 0.500000
1 1 0.777266
1 3 0.500000
1 10 0.533309
1 12 0.500000
2 2 0.551914
2 3 0.500000
2 4 0.557421
2 5 0.572196
2 6 0.644399
2 7 0.651085
2 8 0.551975
2 9 0.609504
2 10 0.511808
2 11 0.500000
2 12 0.500000
2 13 0.555521
2 14 0.500000
3 1 0.500000
3 2 0.500000
3 3 0.500000
3 4 0.500000
3 5 0.500000
3 6 0.500000
3 7 0.500000
3 8 0.500000
3 9 0.500000
3 10 0.500000
3 11 0.500000
3 12 0.500000
3 13 0.500000
3 14 0.500000
4 2 0.557421
4 3 0.500000
4 4 0.655160
4 5 0.583829
4 6 0.573993
4 7 0.651929
4 8 0.547172
4 9 0.632658
4 10 0.516490
4 11 0.500000
4 12 0.500000
4 13 0.555491
5 2 0.572196
5 3 0.500000
5 4 0.583829
5 5 0.651647
5 6 0.692148
5 7 0.736536
5 8 0.573051
5 9 0.679245
5 10 0.517208
5 11 0.500000
5 12 0.500000
5 13 0.587338
5 14 0.500000
6 2 0.644399
6 3 0.500000
6 4 0.573993
6 5 0.692148
6 6 0.996767
6 7 0.972406
6 8 0.624270
6 9 0.746168
6 10 0.527128
6 11 0.500000
6 12 0.500000
6 13 0.638909
6 14 0.500000
7 2 0.651085
7 3 0.500000
7 4 0.651929
7 5 0.736536
7 6 0.972406
7 7 0.968233
7 8 0.657320
7 9 0.803833
7 10 0.551740
7 11 0.500000
7 12 0.500000
7 13 0.664256
8 2 0.551975
8 3 0.500000
8 4 0.547172
8 5 0.573051
8 6 0.624270
8 7 0.657320
8 8 0.562450
8 9 0.615792
8 10 0.513895
8 11 0.500000
8 12 0.500000
8 13 0.559551
9 2 0.609504
9 3 0.500000
9 4 0.632658
9 5 0.679245
9 6 0.746168
9 7 0.803833
9 8 0.615792
9 9 0.769153
9 10 0.533423
9 11 0.500000
9 12 0.500000
9 13 0.625579
9 14 0.500000
10 1 0.533309
10 2 0.511808
10 3 0.500000
10 4 0.516490
10 5 0.517208
10 6 0.527128
10 7 0.551740
10 8 0.513895
10 9 0.533423
10 10 0.512435
10 11 0.500000
10 12 0.500000
10 13 0.512337
10 14 0.500000
11 2 0.500000
11 3 0.500000
11 4 0.500000
11 5 0.500000
11 6 0.500000
11 7 0.500000
11 8 0.500000
11 9 0.500000
11 10 0.500000
11 11 0.500000
11 12 0.500000
11 13 0.500000
12 1 0.500000
12 2 0.500000
12 3 0.500000
12 4 0.500000
12 5 0.500000
12 6 0.500000
12 7 0.500000
12 8 0.500000
12 9 0.500000
12 10 0.500000
12 11 0.500000
12 12 0.500000
12 13 0.500000
12 14 0.500000
13 2 0.555521
13 3 0.500000
13 4 0.555491
13 5 0.587338
13 6 0.638909
13 7 0.664256
13 8 0.559551
13 9 0.625579
13 10 0.512337
13 11 0.500000
13 12 0.500000
13 13 0.563777
14 2 0.500000
14 3 0.500000
14 5 0.500000
14 6 0.500000
14 9 0.500000
14 10 0.500000
14 12 0.500000
14 14 0.500000
