1 2 0.693998
1 4 0.818354
1 5 0.704027
1 6 0.773173
1 7 0.702911
1 8 0.637697
1 9 0.990029
1 11 0.500000
1 13 0.694606
1 14 0.500000
2 1 0.693998
4 1 0.818354
4 14 0.500000
5 1 0.704027
6 1 0.773173
7 1 0.702911
7 14 0.500000
8 1 0.637697
8 14 0.500000
9 1 0.990029
11 1 0.500000
11 14 0.500000
13 1 0.694606
13 14 0.500000
14 1 0.500000
14 4 0.500000
14 7 0.500000
14 8 0.500000
14 11 0.500000
14 13 0.500000
1 1 0.883424
1 3 0.500000
1 10 0.539319
1 12 0.500000
2 2 0.644399
2 3 0.500000
2 4 0.630009
2 5 0.575431
2 6 0.619653
2 7 0.594660
2 8 0.557259
2 9 0.874915
2 10 0.520922
2 11 0.500000
2 12 0.500000
2 13 0.573139
2 14 0.500000
3 1 0.500000
3 2 0.500000
3 3 0.500000
3 4 0.500000
3 5 0.500000
3 6 0.500000
3 7 0.500000
3 8 0.500000
3 9 0.500000
3 10 0.500000
3 11 0.500000
3 12 0.500000
3 13 0.500000
3 14 0.500000
4 2 0.630009
4 3 0.500000
4 4 0.795598
4 5 0.644224
4 6 0.688275
4 7 0.638931
4 8 0.600768
4 9 0.977430
4 10 0.528391
4 11 0.500000
4 12 0.500000
4 13 0.658181
5 2 0.575431
5 3 0.500000
5 4 0.644224
5 5 0.625236
5 6 0.628282
5 7 0.598596
5 8 0.571231
5 9 0.856095
5 10 0.517176
5 11 0.500000
5 12 0.500000
5 13 0.581342
5 14 0.500000
6 2 0.619653
6 3 0.500000
6 4 0.688275
6 5 0.628282
6 6 0.739387
6 7 0.619146
6 8 0.598599
6 9 0.940865
6 10 0.522957
6 11 0.500000
6 12 0.500000
6 13 0.629420
6 14 0.500000
7 2 0.594660
7 3 0.500000
7 4 0.638931
7 5 0.598596
7 6 0.619146
7 7 0.613071
7 8 0.565328
7 9 0.867405
7 10 0.517068
7 11 0.500000
7 12 0.500000
7 13 0.577967
8 2 0.557259
8 3 0.500000
8 4 0.600768
8 5 0.571231
8 6 0.598599
8 7 0.565328
8 8 0.563720
8 9 0.768421
8 10 0.510892
8 11 0.500000
8 12 0.500000
8 13 0.557190
9 2 0.874915
9 3 0.500000
9 4 0.977430
9 5 0.856095
9 6 0.940865
9 7 0.867405
9 8 0.768421
9 9 0.999999
9 10 0.579657
9 11 0.500000
9 12 0.500000
9 13 0.885910
9 14 0.500000
10 1 0.539319
10 2 0.520922
10 3 0.500000
10 4 0.528391
10 5 0.517176
10 6 0.522957
10 7 0.517068
10 8 0.510892
10 9 0.579657
10 10 0.508780
10 11 0.500000
10 12 0.500000
10 13 0.512238
10 14 0.500000
11 2 0.500000
11 3 0.500000
11 4 0.500000
11 5 0.500000
11 6 0.500000
11 7 0.500000
11 8 0.500000
11 9 0.500000
11 10 0.500000
11 11 0.500000
11 12 0.500000
11 13 0.500000
12 1 0.500000
12 2 0.500000
12 3 0.500000
12 4 0.500000
12 5 0.500000
12 6 0.500000
12 7 0.500000
12 8 0.500000
12 9 0.500000
12 10 0.500000
12 11 0.500000
12 12 0.500000
12 13 0.500000
12 14 0.500000
13 2 0.573139
13 3 0.500000
13 4 0.658181
13 5 0.581342
13 6 0.629420
13 7 0.577967
13 8 0.557190
13 9 0.885910
13 10 0.512238
13 11 0.500000
13 12 0.500000
13 13 0.591793
14 2 0.500000
14 3 0.500000
14 5 0.500000
14 6 0.500000
14 9 0.500000
14 10 0.500000
14 12 0.500000
14 14 0.500000
