1 2 0.647533
1 4 0.815013
1 5 0.690168
1 6 0.727451
1 7 0.818526
1 8 0.691509
1 9 0.702125
1 11 0.639671
1 13 0.659238
1 14 0.500000
2 1 0.647533
4 1 0.815013
4 14 0.500000
5 1 0.690168
6 1 0.727451
7 1 0.818526
7 14 0.500000
8 1 0.691509
8 14 0.500000
9 1 0.702125
11 1 0.639671
11 14 0.500000
13 1 0.659238
13 14 0.500000
14 1 0.500000
14 4 0.500000
14 7 0.500000
14 8 0.500000
14 11 0.500000
14 13 0.500000
1 1 0.809606
1 3 0.500000
1 10 0.558180
1 12 0.500000
2 2 0.566565
2 3 0.500000
2 4 0.661305
2 5 0.585608
2 6 0.607805
2 7 0.643777
2 8 0.586619
2 9 0.592347
2 10 0.523160
2 11 0.560928
2 12 0.500000
2 13 0.571000
2 14 0.500000
3 1 0.500000
3 2 0.500000
3 3 0.500000
3 4 0.500000
3 5 0.500000
3 6 0.500000
3 7 0.500000
3 8 0.500000
3 9 0.500000
3 10 0.500000
3 11 0.500000
3 12 0.500000
3 13 0.500000
3 14 0.500000
4 2 0.661305
4 3 0.500000
4 4 0.995291
4 5 0.724769
4 6 0.921954
4 7 0.859791
4 8 0.765160
4 9 0.748115
4 10 0.580610
4 11 0.640123
4 12 0.500000
4 13 0.668251
5 2 0.585608
5 3 0.500000
5 4 0.724769
5 5 0.631042
5 6 0.657478
5 7 0.682067
5 8 0.609264
5 9 0.617794
5 10 0.538853
5 11 0.579480
5 12 0.500000
5 13 0.596052
5 14 0.500000
6 2 0.607805
6 3 0.500000
6 4 0.921954
6 5 0.657478
6 6 0.946876
6 7 0.784633
6 8 0.667937
6 9 0.681559
6 10 0.522317
6 11 0.592525
6 12 0.500000
6 13 0.610974
6 14 0.500000
7 2 0.643777
7 3 0.500000
7 4 0.859791
7 5 0.682067
7 6 0.784633
7 7 0.900030
7 8 0.698923
7 9 0.691699
7 10 0.576727
7 11 0.640914
7 12 0.500000
7 13 0.650601
8 2 0.586619
8 3 0.500000
8 4 0.765160
8 5 0.609264
8 6 0.667937
8 7 0.698923
8 8 0.631957
8 9 0.635381
8 10 0.533115
8 11 0.580843
8 12 0.500000
8 13 0.596979
9 2 0.592347
9 3 0.500000
9 4 0.748115
9 5 0.617794
9 6 0.681559
9 7 0.691699
9 8 0.635381
9 9 0.665410
9 10 0.535056
9 11 0.586001
9 12 0.500000
9 13 0.610787
9 14 0.500000
10 1 0.558180
10 2 0.523160
10 3 0.500000
10 4 0.580610
10 5 0.538853
10 6 0.522317
10 7 0.576727
10 8 0.533115
10 9 0.535056
10 10 0.525902
10 11 0.522407
10 12 0.500000
10 13 0.529398
10 14 0.500000
11 2 0.560928
11 3 0.500000
11 4 0.640123
11 5 0.579480
11 6 0.592525
11 7 0.640914
11 8 0.580843
11 9 0.586001
11 10 0.522407
11 11 0.558154
11 12 0.500000
11 13 0.567525
12 1 0.500000
12 2 0.500000
12 3 0.500000
12 4 0.500000
12 5 0.500000
12 6 0.500000
12 7 0.500000
12 8 0.500000
12 9 0.500000
12 10 0.500000
12 11 0.500000
12 12 0.500000
12 13 0.500000
12 14 0.500000
13 2 0.571000
13 3 0.500000
13 4 0.668251
13 5 0.596052
13 6 0.610974
13 7 0.650601
13 8 0.596979
13 9 0.610787
13 10 0.529398
13 11 0.567525
13 12 0.500000
13 13 0.583988
14 2 0.500000
14 3 0.500000
14 5 0.500000
14 6 0.500000
14 9 0.500000
14 10 0.500000
14 12 0.500000
14 14 0.500000
