1 2 0.734676
1 4 0.842009
1 5 0.965236
1 6 0.855423
1 7 0.816581
1 8 0.777571
1 9 0.794181
1 11 0.737625
1 13 0.703300
1 14 0.500000
2 1 0.734676
4 1 0.842009
4 14 0.500000
5 1 0.965236
6 1 0.855423
7 1 0.816581
7 14 0.500000
8 1 0.777571
8 14 0.500000
9 1 0.794181
11 1 0.737625
11 14 0.500000
13 1 0.703300
13 14 0.500000
14 1 0.500000
14 4 0.500000
14 7 0.500000
14 8 0.500000
14 11 0.500000
14 13 0.500000
1 1 0.955688
1 3 0.500000
1 10 0.550370
1 12 0.500000
2 2 0.586819
2 3 0.500000
2 4 0.632614
2 5 0.758708
2 6 0.649682
2 7 0.619367
2 8 0.607592
2 9 0.613132
2 10 0.515834
2 11 0.587544
2 12 0.500000
2 13 0.571891
2 14 0.500000
3 1 0.500000
3 2 0.500000
3 3 0.500000
3 4 0.500000
3 5 0.500000
3 6 0.500000
3 7 0.500000
3 8 0.500000
3 9 0.500000
3 10 0.500000
3 11 0.500000
3 12 0.500000
3 13 0.500000
3 14 0.500000
4 2 0.632614
4 3 0.500000
4 4 0.768647
4 5 0.857182
4 6 0.714903
4 7 0.686890
4 8 0.674470
4 9 0.685989
4 10 0.538788
4 11 0.633817
4 12 0.500000
4 13 0.625432
5 2 0.758708
5 3 0.500000
5 4 0.857182
5 5 0.994589
5 6 0.892608
5 7 0.813890
5 8 0.789060
5 9 0.810518
5 10 0.563813
5 11 0.756568
5 12 0.500000
5 13 0.750647
5 14 0.500000
6 2 0.649682
6 3 0.500000
6 4 0.714903
6 5 0.892608
6 6 0.798756
6 7 0.685713
6 8 0.699220
6 9 0.690064
6 10 0.526096
6 11 0.653320
6 12 0.500000
6 13 0.639729
6 14 0.500000
7 2 0.619367
7 3 0.500000
7 4 0.686890
7 5 0.813890
7 6 0.685713
7 7 0.691452
7 8 0.643430
7 9 0.654111
7 10 0.521752
7 11 0.619481
7 12 0.500000
7 13 0.569250
8 2 0.607592
8 3 0.500000
8 4 0.674470
8 5 0.789060
8 6 0.699220
8 7 0.643430
8 8 0.663008
8 9 0.645624
8 10 0.523148
8 11 0.609063
8 12 0.500000
8 13 0.564020
9 2 0.613132
9 3 0.500000
9 4 0.685989
9 5 0.810518
9 6 0.690064
9 7 0.654111
9 8 0.645624
9 9 0.659616
9 10 0.524085
9 11 0.614474
9 12 0.500000
9 13 0.590861
9 14 0.500000
10 1 0.550370
10 2 0.515834
10 3 0.500000
10 4 0.538788
10 5 0.563813
10 6 0.526096
10 7 0.521752
10 8 0.523148
10 9 0.524085
10 10 0.508461
10 11 0.515896
10 12 0.500000
10 13 0.520536
10 14 0.500000
11 2 0.587544
11 3 0.500000
11 4 0.633817
11 5 0.756568
11 6 0.653320
11 7 0.619481
11 8 0.609063
11 9 0.614474
11 10 0.515896
11 11 0.589424
11 12 0.500000
11 13 0.577117
12 1 0.500000
12 2 0.500000
12 3 0.500000
12 4 0.500000
12 5 0.500000
12 6 0.500000
12 7 0.500000
12 8 0.500000
12 9 0.500000
12 10 0.500000
12 11 0.500000
12 12 0.500000
12 13 0.500000
12 14 0.500000
13 2 0.571891
13 3 0.500000
13 4 0.625432
13 5 0.750647
13 6 0.639729
13 7 0.569250
13 8 0.564020
13 9 0.590861
13 10 0.520536
13 11 0.577117
13 12 0.500000
13 13 0.699217
14 2 0.500000
14 3 0.500000
14 5 0.500000
14 6 0.500000
14 9 0.500000
14 10 0.500000
14 12 0.500000
14 14 0.500000
