1 2 0.616597
1 4 0.614568
1 5 0.636425
1 6 0.618575
1 7 0.746491
1 8 0.664746
1 9 0.650143
1 11 0.500000
1 13 0.534325
1 14 0.500000
2 1 0.616597
4 1 0.614568
4 14 0.500000
5 1 0.636425
6 1 0.618575
7 1 0.746491
7 14 0.500000
8 1 0.664746
8 14 0.500000
9 1 0.650143
11 1 0.500000
11 14 0.500000
13 1 0.534325
13 14 0.500000
14 1 0.500000
14 4 0.500000
14 7 0.500000
14 8 0.500000
14 11 0.500000
14 13 0.500000
1 1 0.760873
1 3 0.500000
1 10 0.519518
1 12 0.500000
2 2 0.552986
2 3 0.500000
2 4 0.548819
2 5 0.557654
2 6 0.542674
2 7 0.601755
2 8 0.572546
2 9 0.566189
2 10 0.509232
2 11 0.500000
2 12 0.500000
2 13 0.523632
2 14 0.500000
3 1 0.500000
3 2 0.500000
3 3 0.500000
3 4 0.500000
3 5 0.500000
3 6 0.500000
3 7 0.500000
3 8 0.500000
3 9 0.500000
3 10 0.500000
3 11 0.500000
3 12 0.500000
3 13 0.500000
3 14 0.500000
4 2 0.548819
4 3 0.500000
4 4 0.600080
4 5 0.553707
4 6 0.563663
4 7 0.573860
4 8 0.575242
4 9 0.571866
4 10 0.507659
4 11 0.500000
4 12 0.500000
4 13 0.502411
5 2 0.557654
5 3 0.500000
5 4 0.553707
5 5 0.594619
5 6 0.545466
5 7 0.605919
5 8 0.561495
5 9 0.577529
5 10 0.513685
5 11 0.500000
5 12 0.500000
5 13 0.493096
5 14 0.500000
6 2 0.542674
6 3 0.500000
6 4 0.563663
6 5 0.545466
6 6 0.611200
6 7 0.593627
6 8 0.566097
6 9 0.540765
6 10 0.504995
6 11 0.500000
6 12 0.500000
6 13 0.518501
6 14 0.500000
7 2 0.601755
7 3 0.500000
7 4 0.573860
7 5 0.605919
7 6 0.593627
7 7 0.895453
7 8 0.673461
7 9 0.656623
7 10 0.523878
7 11 0.500000
7 12 0.500000
7 13 0.560569
8 2 0.572546
8 3 0.500000
8 4 0.575242
8 5 0.561495
8 6 0.566097
8 7 0.673461
8 8 0.628808
8 9 0.596985
8 10 0.509775
8 11 0.500000
8 12 0.500000
8 13 0.545189
9 2 0.566189
9 3 0.500000
9 4 0.571866
9 5 0.577529
9 6 0.540765
9 7 0.656623
9 8 0.596985
9 9 0.603702
9 10 0.512227
9 11 0.500000
9 12 0.500000
9 13 0.514279
9 14 0.500000
10 1 0.519518
10 2 0.509232
10 3 0.500000
10 4 0.507659
10 5 0.513685
10 6 0.504995
10 7 0.523878
10 8 0.509775
10 9 0.512227
10 10 0.505566
10 11 0.500000
10 12 0.500000
10 13 0.498957
10 14 0.500000
11 2 0.500000
11 3 0.500000
11 4 0.500000
11 5 0.500000
11 6 0.500000
11 7 0.500000
11 8 0.500000
11 9 0.500000
11 10 0.500000
11 11 0.500000
11 12 0.500000
11 13 0.500000
12 1 0.500000
12 2 0.500000
12 3 0.500000
12 4 0.500000
12 5 0.500000
12 6 0.500000
12 7 0.500000
12 8 0.500000
12 9 0.500000
12 10 0.500000
12 11 0.500000
12 12 0.500000
12 13 0.500000
12 14 0.500000
13 2 0.523632
13 3 0.500000
13 4 0.502411
13 5 0.493096
13 6 0.518501
13 7 0.560569
13 8 0.545189
13 9 0.514279
13 10 0.498957
13 11 0.500000
13 12 0.500000
13 13 0.624986
14 2 0.500000
14 3 0.500000
14 5 0.500000
14 6 0.500000
14 9 0.500000
14 10 0.500000
14 12 0.500000
14 14 0.500000
