1 2 0.663696
1 4 0.793393
1 5 0.809991
1 6 0.794904
1 7 0.718027
1 8 0.709120
1 9 0.861975
1 11 0.679012
1 13 0.707770
1 14 0.500000
2 1 0.663696
4 1 0.793393
4 14 0.500000
5 1 0.809991
6 1 0.794904
7 1 0.718027
7 14 0.500000
8 1 0.709120
8 14 0.500000
9 1 0.861975
11 1 0.679012
11 14 0.500000
13 1 0.707770
13 14 0.500000
14 1 0.500000
14 4 0.500000
14 7 0.500000
14 8 0.500000
14 11 0.500000
14 13 0.500000
1 1 0.899887
1 3 0.500000
1 10 0.566746
1 12 0.500000
2 2 0.582326
2 3 0.500000
2 4 0.619401
2 5 0.618149
2 6 0.593589
2 7 0.561394
2 8 0.577978
2 9 0.584908
2 10 0.517058
2 11 0.557770
2 12 0.500000
2 13 0.568894
2 14 0.500000
3 1 0.500000
3 2 0.500000
3 3 0.500000
3 4 0.500000
3 5 0.500000
3 6 0.500000
3 7 0.500000
3 8 0.500000
3 9 0.500000
3 10 0.500000
3 11 0.500000
3 12 0.500000
3 13 0.500000
3 14 0.500000
4 2 0.619401
4 3 0.500000
4 4 0.728779
4 5 0.718287
4 6 0.686916
4 7 0.629410
4 8 0.636252
4 9 0.742284
4 10 0.540491
4 11 0.616242
4 12 0.500000
4 13 0.633656
5 2 0.618149
5 3 0.500000
5 4 0.718287
5 5 0.751007
5 6 0.682642
5 7 0.644510
5 8 0.651952
5 9 0.707130
5 10 0.543216
5 11 0.623045
5 12 0.500000
5 13 0.637189
5 14 0.500000
6 2 0.593589
6 3 0.500000
6 4 0.686916
6 5 0.682642
6 6 0.735185
6 7 0.645042
6 8 0.630430
6 9 0.801742
6 10 0.543497
6 11 0.611906
6 12 0.500000
6 13 0.635324
6 14 0.500000
7 2 0.561394
7 3 0.500000
7 4 0.629410
7 5 0.644510
7 6 0.645042
7 7 0.622040
7 8 0.595150
7 9 0.708314
7 10 0.529315
7 11 0.579771
7 12 0.500000
7 13 0.600017
8 2 0.577978
8 3 0.500000
8 4 0.636252
8 5 0.651952
8 6 0.630430
8 7 0.595150
8 8 0.633987
8 9 0.631112
8 10 0.527090
8 11 0.578512
8 12 0.500000
8 13 0.589068
9 2 0.584908
9 3 0.500000
9 4 0.742284
9 5 0.707130
9 6 0.801742
9 7 0.708314
9 8 0.631112
9 9 0.996494
9 10 0.572439
9 11 0.647475
9 12 0.500000
9 13 0.695439
9 14 0.500000
10 1 0.566746
10 2 0.517058
10 3 0.500000
10 4 0.540491
10 5 0.543216
10 6 0.543497
10 7 0.529315
10 8 0.527090
10 9 0.572439
10 10 0.512407
10 11 0.523081
10 12 0.500000
10 13 0.527245
10 14 0.500000
11 2 0.557770
11 3 0.500000
11 4 0.616242
11 5 0.623045
11 6 0.611906
11 7 0.579771
11 8 0.578512
11 9 0.647475
11 10 0.523081
11 11 0.564934
11 12 0.500000
11 13 0.576311
12 1 0.500000
12 2 0.500000
12 3 0.500000
12 4 0.500000
12 5 0.500000
12 6 0.500000
12 7 0.500000
12 8 0.500000
12 9 0.500000
12 10 0.500000
12 11 0.500000
12 12 0.500000
12 13 0.500000
12 14 0.500000
13 2 0.568894
13 3 0.500000
13 4 0.633656
13 5 0.637189
13 6 0.635324
13 7 0.600017
13 8 0.589068
13 9 0.695439
13 10 0.527245
13 11 0.576311
13 12 0.500000
13 13 0.596039
14 2 0.500000
14 3 0.500000
14 5 0.500000
14 6 0.500000
14 9 0.500000
14 10 0.500000
14 12 0.500000
14 14 0.500000
