5.633471
2.345881
1.548997
2.150043
2.116620
2.288979
1.470407
1.771954
3.115567
2.383427
1.972201
1.850674
2.369894
1.563880
1.801673
2.450346
2.787949
1.803056
2.406482
1.392868
1.209954
2.281440
1.640371
2.722153
1.816757
1.761537
1.023582
1.765579
1.306414
1.673328
2.805145
1.891358
1.982478
3.571866
2.439683
3.016546
1.844478
1.656712
1.329028
2.792886
2.266806
2.047146
1.146443
2.823921
1.770101
2.186227
2.845381
3.709208
1.511867
2.517173
1.327335
2.555787
4.452713
2.617683
2.295757
2.653551
1.626590
3.673629
1.736543
1.644351
1.998402
3.993519
2.197057
2.474658
2.478518
2.658910
2.876021
4.428160
4.000255
3.457057
1.849939
3.137170
1.595807
1.592855
1.931698
1.239819
1.195788
1.501132
2.413745
3.252877
2.635989
1.948681
3.040773
4.328678
1.696865
3.183602
1.993852
1.181585
3.474121
1.286281
1.798012
1.546002
2.049120
1.957910
3.008907
2.856086
2.460261
2.285463
1.884884
1.908218
1.502391
2.282597
1.430356
1.978747
1.293251
2.018663
1.765497
2.239889
2.368131
1.830137
2.201906
1.508344
1.101368
2.254810
2.267793
2.822084
1.932402
1.928241
2.196208
2.341923
2.893496
2.120431
2.104692
1.346478
1.629704
4.254393
2.008869
1.506915
1.977602
2.475742
1.468176
1.710366
1.915144
1.589260
3.614120
1.869617
2.343072
1.416407
2.370980
1.764224
2.632122
1.675480
1.623479
3.168784
3.398385
3.769925
1.414391
1.960418
1.173236
1.738623
1.542992
2.400985
1.922403
1.860444
1.825233
3.525515
1.676362
1.634091
1.511164
1.420399
3.158960
1.177936
1.233278
3.879405
2.102213
1.804340
1.466212
1.515634
2.805031
1.772824
3.115514
1.784847
1.626323
3.049623
1.655841
1.544357
1.385553
2.749824
1.693259
1.838445
1.393561
2.170521
