1.068937
2.174081
1.908649
1.847680
2.085406
2.560210
2.632778
2.457940
1.566311
3.308500
2.099841
2.123699
1.779645
1.616221
1.878210
1.422119
1.661865
2.426249
1.350092
1.416788
1.748759
2.736039
1.218230
1.220894
2.810773
1.515663
1.957514
2.771734
2.432826
1.925806
2.155478
1.539022
1.788011
2.255461
1.721401
2.624352
1.725522
1.385679
2.414506
1.808448
1.103503
1.491305
1.521482
2.920076
1.249000
1.659856
1.609140
1.547033
2.373510
1.391055
2.836860
3.074707
2.269431
1.402563
1.201509
1.503516
2.424070
2.728370
1.462859
1.410699
1.705980
1.153515
1.368573
1.681424
1.538702
1.881012
1.011311
1.570104
1.541958
1.393337
2.174316
2.113847
2.392934
1.563640
1.131815
1.417992
1.983410
2.112556
1.936249
1.792324
2.312640
2.367281
1.859140
2.843638
0.936396
1.439999
1.600375
2.509708
2.091408
1.195770
2.721147
2.014311
1.418464
1.302234
1.852774
1.780239
1.073040
1.681739
1.726286
2.217390
1.836085
1.757367
1.146254
2.319048
2.001962
1.212736
1.529563
2.357337
1.277691
1.435043
2.147161
2.523976
2.234694
2.400645
1.401169
2.161962
1.768441
2.481441
2.303065
2.274701
1.755766
1.507617
1.231196
1.220995
1.770427
1.984303
2.137995
1.342438
1.685115
2.571178
1.437289
2.736781
1.742808
1.929730
1.175514
2.224239
1.421967
1.990521
2.081116
1.503546
1.932147
3.106879
1.508918
1.570532
0.914213
2.356647
2.102273
1.851026
1.886291
1.737512
1.194960
1.969088
1.018815
1.118626
1.611335
