2.876536
4.400226
12.782182
2.744411
2.209504
2.601114
2.020951
3.507611
3.700304
4.599984
4.487445
3.640968
1.764153
3.701710
2.276572
2.072827
3.939912
3.312498
3.091642
1.582120
2.604628
4.371216
1.623561
5.154662
2.038959
2.396913
1.334402
2.852952
1.819788
3.177213
2.829036
5.528669
3.425275
2.681912
3.882141
1.869501
1.383121
1.308225
2.062968
3.598553
1.244358
1.967335
2.269814
2.240115
2.240587
2.196671
2.220006
1.265406
3.914032
2.535101
2.455149
2.447546
1.575389
2.381577
2.260775
2.214861
4.361566
2.380657
4.034896
1.742658
1.877944
1.798551
2.417367
4.076187
1.773172
1.765699
2.130222
3.021035
2.565759
3.057751
2.295441
1.976498
2.011865
2.977133
1.833031
2.627029
2.717002
1.967364
5.153724
8.931179
1.930893
1.665171
2.273677
2.869880
2.630997
3.534746
2.796636
2.285463
2.032844
2.519345
3.064003
3.620291
2.401487
1.678652
2.727173
3.285693
2.215038
2.916586
2.179915
2.737794
1.580159
1.809761
1.228007
1.688915
4.181869
3.280826
2.245020
3.931777
4.579846
1.630847
3.691204
2.033960
2.150057
4.522766
3.287460
1.851688
2.178718
2.595984
1.834733
1.786458
2.757182
3.201360
1.929452
2.477838
2.253345
3.736345
2.493113
5.840531
3.038892
1.978246
1.368664
2.400450
3.375650
2.369031
2.850399
1.814615
1.850061
2.482827
1.888075
3.576731
2.443739
3.028546
3.162079
1.804235
3.412279
1.729827
1.727935
2.452826
1.571860
1.824852
2.373465
1.719243
2.070498
2.493867
2.471283
2.216515
2.131466
2.189409
2.450456
2.684447
2.936604
2.130567
4.737968
1.868022
3.850155
1.066598
1.592453
1.627927
3.758482
1.568681
3.512028
1.548675
3.455265
3.701375
1.923312
2.363371
4.439872
1.975417
4.456140
1.385646
1.389732
1.443527
3.022797
2.005658
3.307063
1.829345
2.695876
3.195562
4.098976
2.490895
3.301415
1.513137
4.233336
3.582197
7.179975
2.571973
4.099994
1.726768
2.629206
1.804668
3.685893
2.574834
3.783208
2.317109
2.166933
2.256845
2.235249
2.399590
1.310161
2.530797
1.713634
1.887426
2.660099
1.954751
3.708540
1.163464
2.955699
2.546355
2.634184
2.337552
1.821916
1.683324
2.326600
3.287392
4.241652
2.820046
1.828235
2.471740
2.242362
8.345004
2.986735
2.551114
2.732553
2.989670
2.682405
2.355159
2.136861
2.032334
2.609978
1.319543
2.749075
3.291014
1.838202
1.884132
2.746574
2.177383
2.983543
3.242106
2.627168
2.238950
3.442991
1.927132
1.593103
3.439518
2.114839
1.011344
1.764183
2.042583
2.028233
1.359883
1.947240
2.114403
1.861062
2.350673
1.306939
1.419331
4.671970
3.491029
3.011854
2.395090
1.602346
1.218074
1.964002
2.401171
3.314058
1.326369
2.158158
3.110058
2.504401
1.450151
1.336678
1.379929
1.274959
3.177152
3.490542
3.068002
3.972703
2.358153
1.860489
2.243538
1.896179
3.771333
2.383507
4.209164
1.971283
1.945106
2.835527
2.312479
2.012084
1.865755
2.220001
3.250552
2.516926
2.925563
2.219572
1.345161
1.707837
1.905074
3.160926
1.845028
1.995794
2.223147
2.560775
3.088579
2.282802
2.346413
3.300785
5.453036
1.125770
1.728004
1.728976
3.993477
1.656208
3.289868
1.946815
2.268002
2.087981
1.866028
1.172823
2.047628
2.006301
1.350842
1.176075
4.228195
1.979693
1.247657
3.893975
1.689863
1.824095
1.469774
2.169434
2.235153
3.969058
2.110000
2.098985
1.283867
3.881932
3.559287
1.764892
4.034686
3.129179
4.393265
2.867673
1.920282
1.115271
1.887823
1.456907
1.067514
1.671404
1.511734
2.999933
1.450900
1.648659
5.297034
2.863663
2.842826
3.422685
2.383482
2.447178
2.481769
1.833867
3.154371
2.114520
2.806499
1.908485
2.651321
2.910910
1.982746
2.235871
2.007671
1.378740
2.621271
1.890250
1.958992
4.276343
2.896967
1.697422
2.913740
1.469845
2.830918
2.340284
2.821485
1.700234
1.582062
1.701977
1.338193
1.674079
1.768436
2.192165
2.528169
1.659920
2.899633
1.637074
1.599688
2.673793
1.771075
2.403397
2.492729
1.015273
1.279024
2.180973
1.504902
3.006962
2.061183
1.428359
1.673910
5.137578
1.039764
1.322197
1.462342
2.882802
1.270589
3.071841
3.307741
2.547318
1.356282
2.080023
3.998822
3.275808
3.865160
1.711796
1.834387
1.259433
1.478603
1.114554
1.120985
3.642314
1.537564
2.224037
1.636073
