1.374350
2.248521
2.189093
3.351451
4.487795
1.808461
2.537678
1.442264
2.213018
2.254300
1.977330
4.618923
2.366410
2.752327
2.297474
1.910182
2.158560
1.882426
3.014043
1.746202
1.319018
2.617156
0.939676
2.073854
1.721768
2.105183
3.179992
1.834851
2.243660
2.528970
2.257095
1.177685
1.065771
1.161915
1.375229
2.193366
2.875366
4.075968
1.602342
2.540371
3.615083
1.133068
2.229723
2.230343
2.449885
2.371470
2.855804
2.892298
1.583782
1.617958
1.629620
1.483210
0.924524
5.287864
3.621839
1.994747
2.399093
1.401077
1.642858
1.995242
4.345067
3.092811
4.007231
1.729229
1.783935
2.078594
4.080832
5.414183
1.295444
2.036869
2.826697
4.337297
1.139801
3.692774
1.679587
1.860087
1.107412
2.969090
2.593201
2.298477
1.888801
2.474918
1.311632
3.177475
2.413701
2.051250
5.111175
2.966610
2.595329
2.132547
0.868278
2.408756
1.345449
2.203381
3.156005
1.235991
1.410391
1.704573
3.140235
1.052577
1.952910
1.796909
2.205829
1.407305
1.873986
2.265255
2.220736
2.416975
2.146262
3.271117
3.383699
2.254565
2.214797
1.420663
3.307567
2.408251
2.342723
1.980051
