1.418862
1.686170
1.150361
1.744405
1.907394
1.565414
1.612084
2.374164
2.341905
2.103029
1.084945
1.686620
2.032064
2.287781
1.425448
1.132084
1.696073
1.554840
2.232169
1.721450
2.300826
2.371079
2.299074
2.593056
1.519136
2.391257
1.348674
2.065450
2.801554
2.272545
2.140675
2.064696
1.964122
1.265555
1.230531
1.264544
1.778809
1.499961
1.225785
1.479262
1.362855
1.782001
2.812937
0.919498
2.541090
2.062712
2.207024
3.137564
1.871982
2.034344
2.085046
2.086047
1.649218
3.269644
1.997863
1.358094
2.593326
2.162405
2.106703
1.215897
1.495945
1.513213
1.362067
2.043644
1.627974
2.579299
1.879944
1.195271
2.185231
1.657492
1.387774
1.819725
1.284262
1.995386
2.759118
2.492869
1.729873
2.507381
1.399987
1.250966
1.672743
1.671796
0.736969
2.515648
3.001734
1.187814
2.500735
1.223308
1.330425
3.351381
1.596061
0.863153
1.374020
1.270481
1.732548
1.923185
1.434567
2.430244
1.378472
1.570187
2.977558
2.394925
0.743784
2.164954
1.435467
1.436222
1.588969
1.738901
1.201456
1.454105
1.728385
1.261439
1.229194
1.137002
0.917437
1.766404
1.783149
1.878758
1.721463
2.083117
2.065511
0.892099
1.159185
1.042157
2.555048
2.670704
1.391910
1.959685
1.944197
1.243064
2.247404
2.781058
2.838125
2.592331
1.306813
2.097769
1.172484
1.431133
2.266095
1.845886
1.856084
0.902061
1.488224
1.104887
2.334308
1.536727
1.415953
1.833496
1.268593
1.171324
1.969719
1.195032
1.829335
1.683088
1.348191
0.752186
1.531537
1.702016
1.739584
1.251647
1.236578
1.806830
1.975251
1.705256
1.706798
1.136015
1.452616
1.860303
2.868807
1.203086
