3.554318
2.135373
3.499616
2.527219
3.372601
4.173537
3.179515
3.625280
3.463702
2.477096
3.947392
3.534341
2.885016
2.593433
2.691146
2.388161
2.664414
2.936580
2.449998
2.722908
2.675545
2.990813
3.213857
2.542194
3.203758
2.430202
2.856416
3.553919
3.248161
2.634549
3.111888
2.205162
3.740911
2.531402
2.438927
4.869241
2.928626
2.888657
2.460827
2.622724
3.586838
2.958847
2.626731
2.746182
2.984359
1.802858
3.516138
2.923055
2.559543
2.859092
2.646411
2.192522
3.454673
2.698584
2.441195
1.997122
2.893980
4.590765
2.523937
2.542823
2.273102
3.482740
2.991818
3.057543
2.721768
2.553469
3.882809
2.636357
3.155194
2.666080
2.933242
2.807052
3.605898
3.069878
3.573101
2.667243
1.952994
2.493391
3.389069
2.887498
3.548673
4.096956
2.261023
3.679024
3.713356
2.791572
2.525229
3.303045
2.905550
3.317592
2.438757
2.492329
3.147794
2.687572
2.684051
3.340308
3.631545
2.925014
3.103231
2.610274
3.904437
2.874145
3.470720
3.091944
4.108020
2.738871
2.841526
2.553702
1.950289
3.406450
3.263619
4.153412
4.231452
3.750728
2.429956
2.556689
2.193909
2.719384
2.930054
2.200155
2.837712
2.793347
3.290000
3.161478
2.566404
3.669393
2.536384
3.315801
4.349269
3.918679
2.652321
3.414480
2.880483
2.675906
2.549601
2.543488
3.844592
2.941050
2.863682
2.977794
3.412008
3.448236
4.858269
2.413563
2.928793
2.239271
2.774471
2.693276
2.613031
3.124425
2.820929
2.800825
3.197720
3.266406
3.669337
2.522131
3.830974
3.823985
2.431171
3.175738
2.338704
3.347431
2.547830
3.545473
3.636875
3.294448
2.220615
2.635295
2.824142
3.549766
2.753686
3.846598
2.190034
2.648611
2.680367
3.230204
3.390900
3.215178
2.719051
2.431672
2.434047
2.806490
3.024640
2.501666
2.267087
3.510007
2.143348
2.361655
3.364731
3.514619
2.589248
3.216983
2.796584
2.301960
2.810304
2.114844
3.027634
3.359385
2.225723
2.847016
2.427558
2.969167
1.997414
2.657984
