6.685429
8.102083
6.436240
4.465209
6.541409
5.074326
5.857423
5.037101
9.502395
4.715207
5.131693
4.990381
5.422424
4.369630
8.993999
6.085179
4.699450
6.175760
5.393627
6.338481
8.067267
8.399578
6.586148
6.293550
5.272124
5.581641
6.881337
7.100109
5.714342
5.547095
9.300452
6.129582
5.261427
4.330483
4.977014
5.801921
4.682145
5.783293
6.165260
4.754717
6.132915
5.883572
7.544551
6.388891
6.165087
5.707233
5.891617
5.607049
5.694570
7.131861
3.756493
4.597542
6.253440
5.474086
5.634700
4.926628
4.901597
6.525167
6.586687
4.476379
5.733672
4.609993
6.529772
7.857622
6.119206
7.008417
5.374832
5.329164
7.037072
4.609401
4.997003
6.346586
6.565094
4.699781
4.831383
5.804245
5.800802
4.787034
6.385765
4.302642
7.810079
5.757594
5.374656
6.438245
5.313690
6.845293
6.809722
4.688511
7.130681
6.270680
6.574071
5.862576
5.628723
8.851569
5.279594
4.477287
5.514764
4.459078
4.449860
4.221813
4.731660
6.342302
5.607628
6.002566
4.432405
4.948403
6.486665
5.093222
4.899891
5.138455
5.263981
4.563742
4.103576
5.732489
4.763831
4.595456
6.707905
5.879653
4.707525
5.854708
6.446279
4.695816
5.785453
5.914963
3.835890
6.829924
6.052860
6.111614
4.935845
4.029884
6.887098
4.337914
5.510470
4.291090
5.442885
5.525123
6.819396
6.045161
5.419328
4.010513
4.179407
4.607847
3.594560
4.252898
5.560174
4.741164
4.833198
5.318198
5.212577
4.512666
5.013908
4.853154
4.504734
5.731486
6.217198
4.694127
7.469746
4.445240
5.164248
4.658227
4.887053
4.319907
5.176071
4.329290
4.909803
4.499865
7.413199
3.491688
4.748086
3.652133
4.868663
6.145973
4.175861
5.625305
5.299129
4.465656
5.103905
3.602714
4.117896
3.633162
4.763694
6.246053
6.102590
4.206900
3.714326
4.389832
5.736753
6.004044
4.262336
4.733142
5.047394
3.375471
4.357633
4.763237
6.211694
5.144461
6.058048
4.008076
3.328975
5.937530
5.901105
4.277287
4.884978
5.126290
4.995670
4.877904
5.550494
5.078557
3.905474
4.637161
4.614122
4.728049
4.536799
3.543366
4.475425
3.738117
5.782316
4.217300
3.763197
4.940695
3.169906
3.741143
3.467451
5.004216
4.157620
7.245289
5.826269
5.580997
5.586243
4.054047
5.318777
4.996219
6.209130
4.357848
5.909530
6.988869
6.045474
4.233884
8.497890
4.290776
3.686697
3.824064
4.609892
4.492504
5.050307
4.923529
4.392753
4.616157
5.354956
4.131189
3.737863
3.608237
