3.576403
4.148306
5.210284
5.408555
4.831727
5.445005
5.454088
3.623150
4.366926
4.615145
2.817931
4.382782
4.949568
8.130493
5.594063
4.731031
4.234192
3.906085
4.404051
2.621773
4.293351
4.718363
4.123134
3.416949
3.472444
10.467373
5.286698
4.418887
4.469193
3.226566
2.957234
2.995800
9.080459
6.360639
3.379374
4.751565
3.598660
3.969325
7.179072
3.606892
3.549325
3.490094
4.623000
5.575464
4.086696
4.069023
5.786680
4.492177
3.640024
5.108322
4.107652
5.148752
3.647551
3.161786
4.684873
5.950899
5.461865
5.948286
7.838640
3.736166
3.618896
5.366860
3.222199
3.187252
2.527797
4.744661
8.118093
4.274635
4.193664
3.911772
3.858608
3.986876
4.208412
2.856784
3.550423
3.901263
3.442794
2.333825
2.930483
3.937616
5.226471
4.558908
7.093957
3.572997
4.788151
3.105496
6.385018
4.080325
3.546423
3.428269
5.816984
2.607622
5.004708
7.034148
3.653635
5.021467
4.593264
4.233999
2.885995
5.255677
5.566525
3.736807
3.785222
2.671720
2.258344
3.077655
4.988023
4.039645
3.143755
4.269987
4.219288
3.345583
3.981207
3.484886
3.544185
2.722419
3.208030
2.567724
3.776755
2.657265
3.220676
2.939057
4.362491
3.935749
3.647387
5.617871
3.746321
3.163140
3.543796
2.783744
3.614891
2.995530
4.479153
2.837497
2.844161
2.977793
4.786682
4.131962
3.067202
4.495862
4.354441
2.904700
2.795105
3.026333
3.053734
4.847225
3.541006
5.608693
3.388325
4.330522
3.295891
6.875115
3.687889
3.755310
3.423352
3.763011
6.016348
3.422092
5.578812
3.796288
4.345309
3.702711
3.447479
3.814520
3.413077
3.419687
2.575953
3.158012
3.704561
3.834304
3.283676
3.669622
5.003464
4.193966
4.921526
4.009813
4.159409
2.244345
3.296782
3.567455
6.989505
3.770261
3.354532
2.939669
5.216036
2.744000
3.223442
2.803222
4.000020
3.349244
6.310257
3.516007
3.527927
3.900186
3.551712
4.398633
3.787015
2.712644
2.386049
3.204224
4.260497
3.277495
2.743247
3.304466
3.099834
3.107030
4.796829
3.698462
2.377935
3.248907
3.126876
2.925910
2.410044
3.355322
4.013535
3.682935
5.490612
3.613574
4.299577
3.571561
2.669879
3.500185
