2.933439
3.790382
3.185843
3.805342
3.661880
3.907685
4.277214
3.442801
4.020300
4.050085
4.101378
3.134218
4.387972
3.536946
4.914625
4.074327
3.218075
3.290688
4.150072
4.547426
5.239235
6.578421
4.021045
3.740054
3.711961
4.795590
3.167251
4.011162
3.512805
3.483219
3.854781
4.124695
4.293982
3.811575
3.908367
4.627000
3.951987
5.088190
3.426276
3.879049
4.150017
3.089091
3.338279
3.172573
4.143042
3.125021
4.463170
3.934939
3.891454
4.195296
4.485822
3.324472
4.296790
4.287582
5.391814
3.177945
3.571276
3.762937
3.233363
4.383429
4.419641
3.348783
3.444618
2.964082
3.704403
2.367860
3.483300
4.164022
3.669240
4.799084
4.108807
2.881800
4.447037
5.560640
4.560885
4.650363
4.149162
5.794991
4.455212
4.731240
3.196233
4.962111
4.254708
2.891409
4.136396
2.512360
3.827389
2.967349
3.394557
4.591012
4.679105
3.450431
3.458430
3.785227
4.976289
5.606628
3.714726
3.813613
5.697741
3.809171
3.621048
3.970428
4.048501
3.518014
3.399841
4.621174
3.828778
3.766958
3.242894
3.617317
4.995372
4.193362
3.116874
3.403601
3.214731
4.121467
4.003254
3.443131
