4.278874
3.782008
3.337652
4.833374
4.669523
3.743892
5.604539
3.785774
4.836341
5.568521
4.346155
3.840937
7.226084
2.944299
3.914220
5.577253
2.795694
4.050922
3.561805
11.895656
3.744564
6.129261
2.985618
6.008195
5.501767
2.456353
4.136313
4.294433
5.744225
3.625666
4.016232
4.279185
5.651618
4.640129
4.228382
6.360771
3.483278
3.040800
3.452564
4.248040
3.450136
2.987019
5.393026
4.763929
4.979568
4.262600
6.167575
4.636274
6.387428
4.594686
4.641680
7.123268
3.618585
9.505465
5.968549
4.565244
3.533478
3.701303
3.405757
4.147426
4.121944
5.341675
3.553003
4.139583
2.812669
4.040515
6.108204
3.034645
2.116308
3.458792
10.975179
2.950397
3.930884
3.503986
5.274139
4.424555
5.355204
3.192157
4.801945
6.515440
6.332601
7.133100
3.447594
4.469047
3.015743
2.275682
2.771672
3.337486
3.518483
3.271068
8.329206
6.359085
3.388832
7.755838
3.965576
2.990749
12.201345
3.516705
3.878837
7.474575
6.359941
7.442098
3.135082
3.555914
4.135532
3.392181
5.019246
3.993272
4.678525
