3.313716
2.376379
3.445069
4.205097
3.433467
3.429205
5.158548
2.838468
3.854431
3.340541
3.094724
3.267886
3.269984
3.449153
4.053949
2.872065
3.100070
3.834996
3.408269
3.161099
5.160226
3.494147
3.784602
4.556556
3.813372
4.402686
2.727570
3.308459
4.260182
2.980402
2.660856
3.509177
4.856553
3.702433
3.271204
2.782158
3.079201
3.943755
2.979397
2.747077
3.902102
3.877188
3.270243
3.498932
3.221905
2.819580
2.949596
4.941195
2.678285
2.346589
2.308105
3.166218
3.174901
3.645350
2.962995
3.726001
4.455737
2.965481
3.611753
3.686242
2.706245
2.772074
4.061497
3.582089
3.579364
2.560274
3.053886
3.544518
3.182894
3.563554
3.390926
2.814883
3.061029
3.113367
3.017524
3.401470
2.178600
4.138254
2.940295
2.762517
3.266548
3.484775
2.908310
3.452108
4.069301
3.403315
3.406497
2.949518
3.367056
3.537963
2.978467
3.866393
3.108617
3.014688
2.763646
3.829953
2.864683
4.613154
3.457705
3.675864
3.791363
3.284020
2.695503
2.773863
4.326657
2.638423
3.969523
4.088765
3.624638
3.304466
3.736333
2.151977
2.959339
2.700294
4.644269
3.526489
2.716192
3.025104
2.596307
2.438827
3.775279
3.057785
2.584173
3.089061
2.718200
4.095416
2.732037
4.991992
2.578416
3.286943
3.608270
2.717529
3.014058
2.836958
2.313679
2.604121
3.477818
3.469882
4.091445
3.018935
2.738647
3.315682
3.226127
4.763475
2.884773
3.605649
2.960775
3.981579
3.941078
2.612516
2.621444
3.171494
2.654204
2.943036
3.249072
3.673571
3.280482
2.837294
3.772396
2.345118
2.119700
2.876697
2.566378
3.475072
2.834665
2.558047
3.971834
2.654273
2.869245
3.483725
2.342052
2.698686
2.133646
2.099023
3.750221
2.536667
2.916071
3.717616
2.353310
3.284719
4.154811
3.486314
3.989856
2.562170
2.710217
3.383954
3.392108
3.040472
2.545141
2.176786
3.329174
2.804388
2.771936
3.268596
2.519276
2.769053
2.425599
3.093487
3.120753
2.103312
3.167182
4.118679
3.071990
2.276671
2.236092
3.362329
2.881469
3.014472
2.941543
2.762825
2.357693
3.705514
2.408003
2.680753
4.214332
2.852341
3.660525
3.053077
3.741179
3.151093
2.166247
3.907639
4.205383
3.160612
2.289801
3.076652
3.145032
2.300000
3.646583
3.045813
2.587674
4.257470
2.946544
3.807422
2.462303
3.016864
2.313144
6.145192
2.506965
3.972446
3.143000
2.724266
2.499902
3.264888
2.325670
3.982712
2.836804
3.070878
2.672964
2.957213
3.423065
2.376339
2.816050
2.453495
2.226176
3.975677
3.202992
2.255262
2.718919
3.173095
2.038079
2.260968
2.459239
3.491810
2.404260
3.032513
3.224124
2.969818
3.304191
2.353914
1.793047
3.435622
3.202686
2.772271
3.538026
2.193341
2.540758
2.680693
2.806263
3.519312
2.802009
2.760771
3.445393
2.860438
2.172481
2.732134
2.147360
2.102718
1.825161
2.665097
3.194059
4.060540
2.495749
2.857205
2.625100
2.149214
3.113874
3.039694
2.627250
2.415188
2.237597
2.743617
3.454109
2.310432
2.733154
2.596550
4.096059
2.728004
2.929190
3.595225
2.607754
2.779840
3.109861
2.710052
2.815847
3.893448
1.953632
2.612038
3.398920
2.867044
3.694911
2.343738
2.908493
2.385247
2.072507
2.672480
2.826132
3.490406
3.391448
2.498490
2.182910
2.399061
2.678905
1.675321
2.490884
3.152929
3.092026
3.410926
2.463044
2.352585
2.074312
2.788562
2.741144
2.303274
2.882581
3.294548
2.531750
1.918850
2.305966
2.728289
2.269068
2.023232
2.735935
2.403267
2.453384
2.417952
2.523725
1.906466
3.579242
2.655177
2.744145
2.498085
2.136303
2.394342
