3.224119
2.280566
3.279776
3.043160
2.537389
5.006528
2.582767
4.386810
2.910821
3.756597
3.545361
2.739869
2.530452
2.858241
3.188387
3.339494
2.153053
2.390263
4.662810
3.433073
2.927763
2.561465
3.460362
3.214627
3.455322
3.364565
2.513730
3.522888
2.579673
3.389552
3.996185
2.845980
4.212345
4.181505
2.798524
2.594693
3.732745
2.166429
2.939405
3.660337
2.632708
3.476689
2.869118
2.781834
3.836422
3.884480
3.682891
5.799245
3.195479
4.502045
3.612340
2.244021
2.842435
4.106919
3.189503
2.423525
3.723295
2.873001
2.296868
2.835773
3.045686
2.502079
2.677667
2.498498
2.905785
2.667325
4.321553
3.943801
3.546927
4.448588
3.525518
2.934222
3.377328
3.370490
2.266743
3.878519
3.019542
3.018872
3.294741
3.681530
2.472530
2.711679
2.345984
2.924904
3.432446
2.570587
3.066230
3.999896
2.351840
2.149704
3.420127
2.754339
2.321921
2.796683
2.584265
2.327883
3.052312
2.897436
3.801380
2.814988
3.910015
2.722821
2.975735
3.581943
4.033137
2.714659
2.844999
3.646610
2.546540
2.325846
2.771332
2.570191
3.578403
3.026404
3.517313
4.019057
3.402518
3.603377
3.113715
3.044804
3.101514
3.000097
