1 2 0.678035
1 4 0.935350
1 5 0.976023
1 6 0.924412
1 7 0.929172
1 8 0.933389
1 9 0.952727
1 11 0.856479
1 13 0.729956
1 14 0.500000
2 1 0.678035
4 1 0.935350
4 14 0.500000
5 1 0.976023
6 1 0.924412
7 1 0.929172
7 14 0.500000
8 1 0.933389
8 14 0.500000
9 1 0.952727
11 1 0.856479
11 14 0.500000
13 1 0.729956
13 14 0.500000
14 1 0.500000
14 4 0.500000
14 7 0.500000
14 8 0.500000
14 11 0.500000
14 13 0.500000
1 1 0.989675
1 3 0.500000
1 10 0.584615
1 12 0.500000
2 2 0.573990
2 3 0.500000
2 4 0.609569
2 5 0.596944
2 6 0.593251
2 7 0.606163
2 8 0.609616
2 9 0.622919
2 10 0.521082
2 11 0.570765
2 12 0.500000
2 13 0.518427
2 14 0.500000
3 1 0.500000
3 2 0.500000
3 3 0.500000
3 4 0.500000
3 5 0.500000
3 6 0.500000
3 7 0.500000
3 8 0.500000
3 9 0.500000
3 10 0.500000
3 11 0.500000
3 12 0.500000
3 13 0.500000
3 14 0.500000
4 2 0.609569
4 3 0.500000
4 4 0.848205
4 5 0.925309
4 6 0.804075
4 7 0.815178
4 8 0.824306
4 9 0.847039
4 10 0.553528
4 11 0.737659
4 12 0.500000
4 13 0.679934
5 2 0.596944
5 3 0.500000
5 4 0.925309
5 5 0.997523
5 6 0.895090
5 7 0.882426
5 8 0.884022
5 9 0.916282
5 10 0.564100
5 11 0.818572
5 12 0.500000
5 13 0.767386
5 14 0.500000
6 2 0.593251
6 3 0.500000
6 4 0.804075
6 5 0.895090
6 6 0.821271
6 7 0.801781
6 8 0.812461
6 9 0.839240
6 10 0.540181
6 11 0.727711
6 12 0.500000
6 13 0.641332
6 14 0.500000
7 2 0.606163
7 3 0.500000
7 4 0.815178
7 5 0.882426
7 6 0.801781
7 7 0.822292
7 8 0.811172
7 9 0.843840
7 10 0.543359
7 11 0.734038
7 12 0.500000
7 13 0.636489
8 2 0.609616
8 3 0.500000
8 4 0.824306
8 5 0.884022
8 6 0.812461
8 7 0.811172
8 8 0.828664
8 9 0.847171
8 10 0.548850
8 11 0.735839
8 12 0.500000
8 13 0.641881
9 2 0.622919
9 3 0.500000
9 4 0.847039
9 5 0.916282
9 6 0.839240
9 7 0.843840
9 8 0.847171
9 9 0.887909
9 10 0.561387
9 11 0.766245
9 12 0.500000
9 13 0.633312
9 14 0.500000
10 1 0.584615
10 2 0.521082
10 3 0.500000
10 4 0.553528
10 5 0.564100
10 6 0.540181
10 7 0.543359
10 8 0.548850
10 9 0.561387
10 10 0.512927
10 11 0.532637
10 12 0.500000
10 13 0.505973
10 14 0.500000
11 2 0.570765
11 3 0.500000
11 4 0.737659
11 5 0.818572
11 6 0.727711
11 7 0.734038
11 8 0.735839
11 9 0.766245
11 10 0.532637
11 11 0.670054
11 12 0.500000
11 13 0.586016
12 1 0.500000
12 2 0.500000
12 3 0.500000
12 4 0.500000
12 5 0.500000
12 6 0.500000
12 7 0.500000
12 8 0.500000
12 9 0.500000
12 10 0.500000
12 11 0.500000
12 12 0.500000
12 13 0.500000
12 14 0.500000
13 2 0.518427
13 3 0.500000
13 4 0.679934
13 5 0.767386
13 6 0.641332
13 7 0.636489
13 8 0.641881
13 9 0.633312
13 10 0.505973
13 11 0.586016
13 12 0.500000
13 13 0.743672
14 2 0.500000
14 3 0.500000
14 5 0.500000
14 6 0.500000
14 9 0.500000
14 10 0.500000
14 12 0.500000
14 14 0.500000
