1 2 0.680156
1 4 0.856530
1 5 0.783532
1 6 0.734373
1 7 0.728627
1 8 0.741018
1 9 0.744520
1 11 0.500000
1 13 0.608044
1 14 0.500000
2 1 0.680156
4 1 0.856530
4 14 0.500000
5 1 0.783532
6 1 0.734373
7 1 0.728627
7 14 0.500000
8 1 0.741018
8 14 0.500000
9 1 0.744520
11 1 0.500000
11 14 0.500000
13 1 0.608044
13 14 0.500000
14 1 0.500000
14 4 0.500000
14 7 0.500000
14 8 0.500000
14 11 0.500000
14 13 0.500000
1 1 0.870339
1 3 0.500000
1 10 0.515729
1 12 0.500000
2 2 0.582489
2 3 0.500000
2 4 0.652371
2 5 0.633642
2 6 0.610670
2 7 0.583516
2 8 0.596023
2 9 0.620978
2 10 0.503685
2 11 0.500000
2 12 0.500000
2 13 0.546760
2 14 0.500000
3 1 0.500000
3 2 0.500000
3 3 0.500000
3 4 0.500000
3 5 0.500000
3 6 0.500000
3 7 0.500000
3 8 0.500000
3 9 0.500000
3 10 0.500000
3 11 0.500000
3 12 0.500000
3 13 0.500000
3 14 0.500000
4 2 0.652371
4 3 0.500000
4 4 0.998240
4 5 0.658846
4 6 0.701695
4 7 0.701923
4 8 0.795826
4 9 0.708264
4 10 0.512080
4 11 0.500000
4 12 0.500000
4 13 0.683682
5 2 0.633642
5 3 0.500000
5 4 0.658846
5 5 0.765169
5 6 0.669555
5 7 0.659053
5 8 0.644422
5 9 0.714703
5 10 0.506638
5 11 0.500000
5 12 0.500000
5 13 0.591373
5 14 0.500000
6 2 0.610670
6 3 0.500000
6 4 0.701695
6 5 0.669555
6 6 0.674381
6 7 0.603092
6 8 0.619814
6 9 0.671401
6 10 0.507956
6 11 0.500000
6 12 0.500000
6 13 0.563481
6 14 0.500000
7 2 0.583516
7 3 0.500000
7 4 0.701923
7 5 0.659053
7 6 0.603092
7 7 0.674351
7 8 0.646010
7 9 0.600984
7 10 0.508183
7 11 0.500000
7 12 0.500000
7 13 0.561474
8 2 0.596023
8 3 0.500000
8 4 0.795826
8 5 0.644422
8 6 0.619814
8 7 0.646010
8 8 0.674451
8 9 0.609470
8 10 0.510870
8 11 0.500000
8 12 0.500000
8 13 0.565308
9 2 0.620978
9 3 0.500000
9 4 0.708264
9 5 0.714703
9 6 0.671401
9 7 0.600984
9 8 0.609470
9 9 0.712661
9 10 0.505157
9 11 0.500000
9 12 0.500000
9 13 0.582278
9 14 0.500000
10 1 0.515729
10 2 0.503685
10 3 0.500000
10 4 0.512080
10 5 0.506638
10 6 0.507956
10 7 0.508183
10 8 0.510870
10 9 0.505157
10 10 0.505413
10 11 0.500000
10 12 0.500000
10 13 0.499946
10 14 0.500000
11 2 0.500000
11 3 0.500000
11 4 0.500000
11 5 0.500000
11 6 0.500000
11 7 0.500000
11 8 0.500000
11 9 0.500000
11 10 0.500000
11 11 0.500000
11 12 0.500000
11 13 0.500000
12 1 0.500000
12 2 0.500000
12 3 0.500000
12 4 0.500000
12 5 0.500000
12 6 0.500000
12 7 0.500000
12 8 0.500000
12 9 0.500000
12 10 0.500000
12 11 0.500000
12 12 0.500000
12 13 0.500000
12 14 0.500000
13 2 0.546760
13 3 0.500000
13 4 0.683682
13 5 0.591373
13 6 0.563481
13 7 0.561474
13 8 0.565308
13 9 0.582278
13 10 0.499946
13 11 0.500000
13 12 0.500000
13 13 0.589015
14 2 0.500000
14 3 0.500000
14 5 0.500000
14 6 0.500000
14 9 0.500000
14 10 0.500000
14 12 0.500000
14 14 0.500000
