1 2 0.722038
1 4 0.773269
1 5 0.782466
1 6 0.854603
1 7 0.764678
1 8 0.877386
1 9 0.906740
1 11 0.697359
1 13 0.744550
1 14 0.500000
2 1 0.722038
4 1 0.773269
4 14 0.500000
5 1 0.782466
6 1 0.854603
7 1 0.764678
7 14 0.500000
8 1 0.877386
8 14 0.500000
9 1 0.906740
11 1 0.697359
11 14 0.500000
13 1 0.744550
13 14 0.500000
14 1 0.500000
14 4 0.500000
14 7 0.500000
14 8 0.500000
14 11 0.500000
14 13 0.500000
1 1 0.922808
1 3 0.500000
1 10 0.542912
1 12 0.500000
2 2 0.600195
2 3 0.500000
2 4 0.616756
2 5 0.618074
2 6 0.661783
2 7 0.618875
2 8 0.660304
2 9 0.748621
2 10 0.513244
2 11 0.582447
2 12 0.500000
2 13 0.599465
2 14 0.500000
3 1 0.500000
3 2 0.500000
3 3 0.500000
3 4 0.500000
3 5 0.500000
3 6 0.500000
3 7 0.500000
3 8 0.500000
3 9 0.500000
3 10 0.500000
3 11 0.500000
3 12 0.500000
3 13 0.500000
3 14 0.500000
4 2 0.616756
4 3 0.500000
4 4 0.676699
4 5 0.642386
4 6 0.704624
4 7 0.649721
4 8 0.726196
4 9 0.716269
4 10 0.525087
4 11 0.605947
4 12 0.500000
4 13 0.628158
5 2 0.618074
5 3 0.500000
5 4 0.642386
5 5 0.690357
5 6 0.709969
5 7 0.654601
5 8 0.787904
5 9 0.740424
5 10 0.515359
5 11 0.604764
5 12 0.500000
5 13 0.637812
5 14 0.500000
6 2 0.661783
6 3 0.500000
6 4 0.704624
6 5 0.709969
6 6 0.801314
6 7 0.696052
6 8 0.813361
6 9 0.831091
6 10 0.526330
6 11 0.646548
6 12 0.500000
6 13 0.678114
6 14 0.500000
7 2 0.618875
7 3 0.500000
7 4 0.649721
7 5 0.654601
7 6 0.696052
7 7 0.656524
7 8 0.712935
7 9 0.733901
7 10 0.516681
7 11 0.602840
7 12 0.500000
7 13 0.620471
8 2 0.660304
8 3 0.500000
8 4 0.726196
8 5 0.787904
8 6 0.813361
8 7 0.712935
8 8 0.985507
8 9 0.751909
8 10 0.526757
8 11 0.654202
8 12 0.500000
8 13 0.729057
9 2 0.748621
9 3 0.500000
9 4 0.716269
9 5 0.740424
9 6 0.831091
9 7 0.733901
9 8 0.751909
9 9 0.997545
9 10 0.514069
9 11 0.683357
9 12 0.500000
9 13 0.715109
9 14 0.500000
10 1 0.542912
10 2 0.513244
10 3 0.500000
10 4 0.525087
10 5 0.515359
10 6 0.526330
10 7 0.516681
10 8 0.526757
10 9 0.514069
10 10 0.509206
10 11 0.513341
10 12 0.500000
10 13 0.521866
10 14 0.500000
11 2 0.582447
11 3 0.500000
11 4 0.605947
11 5 0.604764
11 6 0.646548
11 7 0.602840
11 8 0.654202
11 9 0.683357
11 10 0.513341
11 11 0.571834
11 12 0.500000
11 13 0.587776
12 1 0.500000
12 2 0.500000
12 3 0.500000
12 4 0.500000
12 5 0.500000
12 6 0.500000
12 7 0.500000
12 8 0.500000
12 9 0.500000
12 10 0.500000
12 11 0.500000
12 12 0.500000
12 13 0.500000
12 14 0.500000
13 2 0.599465
13 3 0.500000
13 4 0.628158
13 5 0.637812
13 6 0.678114
13 7 0.620471
13 8 0.729057
13 9 0.715109
13 10 0.521866
13 11 0.587776
13 12 0.500000
13 13 0.622426
14 2 0.500000
14 3 0.500000
14 5 0.500000
14 6 0.500000
14 9 0.500000
14 10 0.500000
14 12 0.500000
14 14 0.500000
