1 2 0.640851
1 4 0.915613
1 5 0.846439
1 6 0.908132
1 7 0.742105
1 8 0.820940
1 9 0.833081
1 11 0.763569
1 13 0.625080
1 14 0.500000
2 1 0.640851
4 1 0.915613
4 14 0.500000
5 1 0.846439
6 1 0.908132
7 1 0.742105
7 14 0.500000
8 1 0.820940
8 14 0.500000
9 1 0.833081
11 1 0.763569
11 14 0.500000
13 1 0.625080
13 14 0.500000
14 1 0.500000
14 4 0.500000
14 7 0.500000
14 8 0.500000
14 11 0.500000
14 13 0.500000
1 1 0.933845
1 3 0.500000
1 10 0.549643
1 12 0.500000
2 2 0.662787
2 3 0.500000
2 4 0.682243
2 5 0.606997
2 6 0.632460
2 7 0.645208
2 8 0.561460
2 9 0.574584
2 10 0.508033
2 11 0.563893
2 12 0.500000
2 13 0.599767
2 14 0.500000
3 1 0.500000
3 2 0.500000
3 3 0.500000
3 4 0.500000
3 5 0.500000
3 6 0.500000
3 7 0.500000
3 8 0.500000
3 9 0.500000
3 10 0.500000
3 11 0.500000
3 12 0.500000
3 13 0.500000
3 14 0.500000
4 2 0.682243
4 3 0.500000
4 4 0.998308
4 5 0.770211
4 6 0.860630
4 7 0.837583
4 8 0.835253
4 9 0.707071
4 10 0.525952
4 11 0.750855
4 12 0.500000
4 13 0.668756
5 2 0.606997
5 3 0.500000
5 4 0.770211
5 5 0.764885
5 6 0.811553
5 7 0.660152
5 8 0.713623
5 9 0.746227
5 10 0.533154
5 11 0.678682
5 12 0.500000
5 13 0.580411
5 14 0.500000
6 2 0.632460
6 3 0.500000
6 4 0.860630
6 5 0.811553
6 6 0.913760
6 7 0.672388
6 8 0.796109
6 9 0.806390
6 10 0.549716
6 11 0.739274
6 12 0.500000
6 13 0.670747
6 14 0.500000
7 2 0.645208
7 3 0.500000
7 4 0.837583
7 5 0.660152
7 6 0.672388
7 7 0.850115
7 8 0.640828
7 9 0.648177
7 10 0.513994
7 11 0.607849
7 12 0.500000
7 13 0.519185
8 2 0.561460
8 3 0.500000
8 4 0.835253
8 5 0.713623
8 6 0.796109
8 7 0.640828
8 8 0.728640
8 9 0.701294
8 10 0.525903
8 11 0.664287
8 12 0.500000
8 13 0.581814
9 2 0.574584
9 3 0.500000
9 4 0.707071
9 5 0.746227
9 6 0.806390
9 7 0.648177
9 8 0.701294
9 9 0.759049
9 10 0.534118
9 11 0.668497
9 12 0.500000
9 13 0.547458
9 14 0.500000
10 1 0.549643
10 2 0.508033
10 3 0.500000
10 4 0.525952
10 5 0.533154
10 6 0.549716
10 7 0.513994
10 8 0.525903
10 9 0.534118
10 10 0.507616
10 11 0.522694
10 12 0.500000
10 13 0.509678
10 14 0.500000
11 2 0.563893
11 3 0.500000
11 4 0.750855
11 5 0.678682
11 6 0.739274
11 7 0.607849
11 8 0.664287
11 9 0.668497
11 10 0.522694
11 11 0.628047
11 12 0.500000
11 13 0.563996
12 1 0.500000
12 2 0.500000
12 3 0.500000
12 4 0.500000
12 5 0.500000
12 6 0.500000
12 7 0.500000
12 8 0.500000
12 9 0.500000
12 10 0.500000
12 11 0.500000
12 12 0.500000
12 13 0.500000
12 14 0.500000
13 2 0.599767
13 3 0.500000
13 4 0.668756
13 5 0.580411
13 6 0.670747
13 7 0.519185
13 8 0.581814
13 9 0.547458
13 10 0.509678
13 11 0.563996
13 12 0.500000
13 13 0.646702
14 2 0.500000
14 3 0.500000
14 5 0.500000
14 6 0.500000
14 9 0.500000
14 10 0.500000
14 12 0.500000
14 14 0.500000
