1 2 0.824701
1 4 0.983283
1 5 0.967224
1 6 0.918363
1 7 0.918163
1 8 0.890510
1 9 0.919171
1 11 0.800442
1 13 0.789311
1 14 0.500000
2 1 0.824701
4 1 0.983283
4 14 0.500000
5 1 0.967224
6 1 0.918363
7 1 0.918163
7 14 0.500000
8 1 0.890510
8 14 0.500000
9 1 0.919171
11 1 0.800442
11 14 0.500000
13 1 0.789311
13 14 0.500000
14 1 0.500000
14 4 0.500000
14 7 0.500000
14 8 0.500000
14 11 0.500000
14 13 0.500000
1 1 0.979967
1 3 0.500000
1 10 0.578120
1 12 0.500000
2 2 0.652914
2 3 0.500000
2 4 0.833256
2 5 0.793431
2 6 0.722517
2 7 0.721197
2 8 0.695783
2 9 0.730298
2 10 0.532601
2 11 0.635181
2 12 0.500000
2 13 0.630657
2 14 0.500000
3 1 0.500000
3 2 0.500000
3 3 0.500000
3 4 0.500000
3 5 0.500000
3 6 0.500000
3 7 0.500000
3 8 0.500000
3 9 0.500000
3 10 0.500000
3 11 0.500000
3 12 0.500000
3 13 0.500000
3 14 0.500000
4 2 0.833256
4 3 0.500000
4 4 0.999629
4 5 0.974125
4 6 0.926602
4 7 0.937382
4 8 0.895487
4 9 0.929888
4 10 0.615778
4 11 0.809806
4 12 0.500000
4 13 0.789704
5 2 0.793431
5 3 0.500000
5 4 0.974125
5 5 0.979979
5 6 0.876317
5 7 0.890193
5 8 0.850528
5 9 0.876747
5 10 0.594844
5 11 0.759256
5 12 0.500000
5 13 0.762215
5 14 0.500000
6 2 0.722517
6 3 0.500000
6 4 0.926602
6 5 0.876317
6 6 0.845820
6 7 0.807995
6 8 0.791065
6 9 0.804789
6 10 0.544188
6 11 0.704679
6 12 0.500000
6 13 0.686168
6 14 0.500000
7 2 0.721197
7 3 0.500000
7 4 0.937382
7 5 0.890193
7 6 0.807995
7 7 0.829148
7 8 0.787005
7 9 0.821242
7 10 0.547846
7 11 0.704493
7 12 0.500000
7 13 0.691894
8 2 0.695783
8 3 0.500000
8 4 0.895487
8 5 0.850528
8 6 0.791065
8 7 0.787005
8 8 0.769630
8 9 0.790157
8 10 0.535428
8 11 0.682135
8 12 0.500000
8 13 0.669625
9 2 0.730298
9 3 0.500000
9 4 0.929888
9 5 0.876747
9 6 0.804789
9 7 0.821242
9 8 0.790157
9 9 0.855611
9 10 0.550996
9 11 0.708284
9 12 0.500000
9 13 0.705995
9 14 0.500000
10 1 0.578120
10 2 0.532601
10 3 0.500000
10 4 0.615778
10 5 0.594844
10 6 0.544188
10 7 0.547846
10 8 0.535428
10 9 0.550996
10 10 0.514380
10 11 0.526216
10 12 0.500000
10 13 0.528694
10 14 0.500000
11 2 0.635181
11 3 0.500000
11 4 0.809806
11 5 0.759256
11 6 0.704679
11 7 0.704493
11 8 0.682135
11 9 0.708284
11 10 0.526216
11 11 0.623263
11 12 0.500000
11 13 0.615619
12 1 0.500000
12 2 0.500000
12 3 0.500000
12 4 0.500000
12 5 0.500000
12 6 0.500000
12 7 0.500000
12 8 0.500000
12 9 0.500000
12 10 0.500000
12 11 0.500000
12 12 0.500000
12 13 0.500000
12 14 0.500000
13 2 0.630657
13 3 0.500000
13 4 0.789704
13 5 0.762215
13 6 0.686168
13 7 0.691894
13 8 0.669625
13 9 0.705995
13 10 0.528694
13 11 0.615619
13 12 0.500000
13 13 0.616859
14 2 0.500000
14 3 0.500000
14 5 0.500000
14 6 0.500000
14 9 0.500000
14 10 0.500000
14 12 0.500000
14 14 0.500000
