1 2 0.702111
1 4 0.816425
1 5 0.772338
1 6 0.776545
1 7 0.709315
1 8 0.867332
1 9 0.716183
1 11 0.500000
1 13 0.627588
1 14 0.500000
2 1 0.702111
4 1 0.816425
4 14 0.500000
5 1 0.772338
6 1 0.776545
7 1 0.709315
7 14 0.500000
8 1 0.867332
8 14 0.500000
9 1 0.716183
11 1 0.500000
11 14 0.500000
13 1 0.627588
13 14 0.500000
14 1 0.500000
14 4 0.500000
14 7 0.500000
14 8 0.500000
14 11 0.500000
14 13 0.500000
1 1 0.884159
1 3 0.500000
1 10 0.543361
1 12 0.500000
2 2 0.597576
2 3 0.500000
2 4 0.653552
2 5 0.626828
2 6 0.638310
2 7 0.591022
2 8 0.667533
2 9 0.600876
2 10 0.521463
2 11 0.500000
2 12 0.500000
2 13 0.552819
2 14 0.500000
3 1 0.500000
3 2 0.500000
3 3 0.500000
3 4 0.500000
3 5 0.500000
3 6 0.500000
3 7 0.500000
3 8 0.500000
3 9 0.500000
3 10 0.500000
3 11 0.500000
3 12 0.500000
3 13 0.500000
3 14 0.500000
4 2 0.653552
4 3 0.500000
4 4 0.784203
4 5 0.703512
4 6 0.716082
4 7 0.653023
4 8 0.829878
4 9 0.650476
4 10 0.532670
4 11 0.500000
4 12 0.500000
4 13 0.606727
5 2 0.626828
5 3 0.500000
5 4 0.703512
5 5 0.693776
5 6 0.683458
5 7 0.642716
5 8 0.773894
5 9 0.643568
5 10 0.528941
5 11 0.500000
5 12 0.500000
5 13 0.576967
5 14 0.500000
6 2 0.638310
6 3 0.500000
6 4 0.716082
6 5 0.683458
6 6 0.721979
6 7 0.630617
6 8 0.740406
6 9 0.647815
6 10 0.532458
6 11 0.500000
6 12 0.500000
6 13 0.558849
6 14 0.500000
7 2 0.591022
7 3 0.500000
7 4 0.653023
7 5 0.642716
7 6 0.630617
7 7 0.633563
7 8 0.712275
7 9 0.591543
7 10 0.517301
7 11 0.500000
7 12 0.500000
7 13 0.579694
8 2 0.667533
8 3 0.500000
8 4 0.829878
8 5 0.773894
8 6 0.740406
8 7 0.712275
8 8 0.992290
8 9 0.706346
8 10 0.606838
8 11 0.500000
8 12 0.500000
8 13 0.702839
9 2 0.600876
9 3 0.500000
9 4 0.650476
9 5 0.643568
9 6 0.647815
9 7 0.591543
9 8 0.706346
9 9 0.641763
9 10 0.527610
9 11 0.500000
9 12 0.500000
9 13 0.549810
9 14 0.500000
10 1 0.543361
10 2 0.521463
10 3 0.500000
10 4 0.532670
10 5 0.528941
10 6 0.532458
10 7 0.517301
10 8 0.606838
10 9 0.527610
10 10 0.519081
10 11 0.500000
10 12 0.500000
10 13 0.510757
10 14 0.500000
11 2 0.500000
11 3 0.500000
11 4 0.500000
11 5 0.500000
11 6 0.500000
11 7 0.500000
11 8 0.500000
11 9 0.500000
11 10 0.500000
11 11 0.500000
11 12 0.500000
11 13 0.500000
12 1 0.500000
12 2 0.500000
12 3 0.500000
12 4 0.500000
12 5 0.500000
12 6 0.500000
12 7 0.500000
12 8 0.500000
12 9 0.500000
12 10 0.500000
12 11 0.500000
12 12 0.500000
12 13 0.500000
12 14 0.500000
13 2 0.552819
13 3 0.500000
13 4 0.606727
13 5 0.576967
13 6 0.558849
13 7 0.579694
13 8 0.702839
13 9 0.549810
13 10 0.510757
13 11 0.500000
13 12 0.500000
13 13 0.613755
14 2 0.500000
14 3 0.500000
14 5 0.500000
14 6 0.500000
14 9 0.500000
14 10 0.500000
14 12 0.500000
14 14 0.500000
