2.116365
2.928897
1.492584
2.200278
2.429726
2.078186
1.681958
1.589897
1.967072
2.986571
2.223410
1.273759
3.137671
2.895725
1.631502
4.048334
1.949363
2.774950
2.463940
3.098103
2.010795
1.994310
3.168638
1.917476
1.360153
1.474595
1.209425
3.007534
2.317531
3.602944
2.086188
1.544162
1.572273
3.476928
1.486093
1.066605
1.766658
1.486552
2.258056
1.535278
1.986605
3.131554
2.166436
1.981095
2.312064
1.847738
1.970331
2.689076
2.918377
3.106177
1.927927
2.249770
1.830039
2.417224
2.705364
1.413309
1.816434
3.486691
2.546247
2.135540
1.778142
3.289149
1.257394
1.902146
2.784276
1.181981
1.572631
1.453998
3.055565
2.373489
3.301649
1.575614
3.160963
1.510681
1.170487
2.110445
2.959929
1.108384
1.494069
1.642791
2.120456
1.368755
1.608174
1.639998
1.777710
1.620119
1.799110
1.993770
2.504328
2.038193
2.289046
2.322293
2.031728
1.964849
1.848952
2.229640
1.848734
1.782315
1.463132
3.049875
1.798937
2.253846
1.702002
1.517492
1.894451
2.496866
3.098072
1.982150
2.218180
2.396920
3.568591
1.295908
2.820879
1.807613
2.109069
4.937778
1.086851
2.417906
1.276773
1.001511
1.333403
3.216191
3.084239
1.677437
1.129297
2.053276
2.438106
1.333665
1.602041
2.459694
2.724945
1.655382
2.013572
2.357013
1.353042
2.239156
1.289499
1.073513
2.904405
2.291756
1.432231
2.742063
2.564538
2.489694
2.997505
4.037983
1.941544
2.149709
1.774406
1.810277
2.080848
1.675098
1.979779
1.179671
3.585801
1.370271
1.663016
1.518921
2.829049
1.436398
1.846605
1.355289
1.399992
1.312881
1.451036
2.387367
1.423613
1.749682
1.833588
1.879318
1.906180
1.078545
4.016098
2.491294
1.116752
1.331165
1.698062
1.498995
3.293493
1.648210
1.271365
1.567869
1.954049
2.374934
2.387853
1.572420
1.959859
1.462159
1.561086
1.329647
1.399338
2.436656
2.336053
1.050489
2.976177
1.525506
1.378981
1.121566
1.443218
1.386837
1.660575
1.953836
2.138275
3.108302
1.726697
2.067451
1.777604
2.161094
1.749351
1.548128
2.367329
1.434805
2.444490
1.721096
1.543494
1.095110
1.638307
2.026186
1.408660
1.286245
1.259738
1.683922
1.302158
1.786129
2.344975
2.311771
1.872961
1.674466
1.373844
5.116162
2.464166
3.421532
1.113400
2.282460
1.220226
1.135358
1.356621
1.265732
1.448531
2.407850
2.678843
1.991952
1.826081
2.686664
2.693538
1.653479
1.941722
1.725155
1.437291
5.085549
1.519539
2.398592
1.834636
2.010921
1.780570
1.776561
1.228439
1.687798
2.658074
1.497351
1.330938
1.770199
2.213878
2.161405
1.277539
2.237853
1.203840
3.856954
1.901894
1.558254
2.167922
1.407302
2.923844
