3.005983
1.935533
1.238280
1.434449
2.842376
1.976747
1.742918
1.563275
1.944702
2.018347
2.514387
2.463844
3.174633
1.390670
2.391959
1.899458
2.438923
1.696523
1.395633
2.948227
3.113760
4.513464
1.267422
2.006000
2.117200
1.925053
2.524644
2.927244
3.302280
1.910145
2.950317
1.476384
1.938487
5.570665
1.510135
2.068030
1.816107
2.031914
1.424208
3.064182
1.430734
4.866084
2.286834
1.754954
1.945004
3.117128
2.241690
1.876535
2.214615
3.082342
2.940978
1.845924
2.228937
2.794885
1.840088
2.669044
2.734211
1.409050
2.745753
1.748060
3.531891
1.613883
2.639444
2.844970
2.995302
1.946593
3.662763
1.132518
1.693895
1.561935
2.728102
3.237436
1.525037
1.615229
2.210640
2.826600
1.398943
2.065570
2.896523
1.244832
1.727676
2.461413
2.158800
1.591942
2.123588
1.683117
1.793783
3.014705
2.436388
1.309876
2.835684
1.784830
2.103305
2.441648
1.726694
1.925911
1.922563
2.879955
1.964085
2.588777
2.972438
2.644116
2.399814
1.580621
2.326936
2.017153
3.607105
2.024786
1.496323
1.665898
2.327715
3.029894
1.402579
2.305744
1.936751
3.040289
2.044645
4.040683
1.664233
1.442058
2.398026
1.856783
2.740890
1.372517
1.286928
2.038007
1.816448
2.472073
1.871583
1.649018
3.756789
1.964017
1.890247
3.761378
1.645162
1.398047
1.844584
