2.286143
1.406097
2.301973
1.894907
2.028063
1.950778
2.112214
1.824895
1.211893
4.291074
3.059872
3.431483
1.788764
2.314724
1.876737
3.054129
3.872131
4.524336
2.705732
1.267087
1.880572
4.147157
1.921100
1.545820
2.843675
2.050363
6.445927
1.244710
1.777019
3.114414
2.074798
3.591746
1.751076
4.203616
4.248318
2.150870
2.265953
2.945252
1.365405
2.934255
1.456482
1.456652
1.724054
3.178328
2.020722
4.084957
2.458872
3.831805
3.395988
1.573827
1.167083
3.292446
1.480174
1.973944
2.445010
3.822108
2.483273
2.604811
2.974658
1.982321
3.508947
2.961110
2.637152
1.722633
3.269917
1.952218
3.966466
4.565136
2.711046
1.876611
1.386741
1.682697
1.846052
3.214823
2.980606
2.320577
4.415980
5.011043
2.880889
2.559168
2.530184
2.227182
2.057660
2.694103
3.705521
2.129587
2.662979
2.088952
2.250451
2.648269
1.767110
2.785630
2.640222
2.592616
1.912579
1.855553
3.321592
1.512750
1.172703
2.332904
2.264059
2.542026
2.353811
2.364498
2.704739
1.501654
1.427753
2.075762
2.353986
2.545378
3.391685
2.624647
2.726601
