3.166982
2.453146
3.007769
1.537763
1.331488
1.437615
2.888546
1.805807
1.415359
1.588951
2.558348
1.548616
1.529586
1.595801
1.570524
2.551153
1.445796
2.536806
1.614633
1.598466
2.485583
1.823158
1.666951
1.949951
1.547350
1.590207
1.104847
2.314183
2.005021
1.969689
1.769317
2.088287
1.618320
1.757353
1.245588
1.776819
1.585084
2.304479
1.608079
2.069320
2.507054
2.347534
2.149604
1.327114
1.472267
1.523310
1.490526
2.722424
2.178452
2.422168
1.575210
1.252532
2.957931
1.594203
2.136352
4.113650
1.541539
2.119774
1.626361
1.659204
1.566433
1.868684
2.798962
2.093760
1.421012
2.911346
2.533465
1.528202
1.372594
1.424022
2.588777
1.137644
1.665653
3.512149
1.153235
2.298217
1.245147
0.941057
1.918199
2.357907
0.896223
1.305864
1.202247
1.083172
1.384748
1.266955
2.288218
1.486146
1.892876
1.696774
1.326812
1.635043
2.050160
1.166713
1.154239
1.909527
1.708317
1.583727
1.782088
1.176267
1.887249
2.489246
1.307352
1.741107
1.561345
1.873068
1.390167
2.194297
2.285674
0.943838
2.110513
1.232597
1.884860
1.620459
1.294233
1.710401
1.727977
4.836229
2.553217
1.109522
2.161002
1.910203
2.187561
1.292685
2.816676
1.832858
1.453947
1.867205
1.236124
1.290271
1.594748
1.699084
1.758518
1.299574
1.558978
1.728123
3.252507
1.521833
1.513401
2.538976
2.129617
1.972117
1.780778
2.393999
2.472430
2.503048
1.744324
2.152913
1.859007
2.289714
1.647089
2.837443
1.214634
1.231152
2.597216
1.883275
1.759135
1.216598
1.199985
1.773300
1.746822
2.094805
1.299009
2.433125
1.552965
1.712303
1.538669
3.399346
1.901188
2.037690
1.634256
1.568636
1.464067
1.153527
1.699246
2.399339
2.187944
1.538304
1.569305
1.492496
2.076962
1.041971
2.182446
2.584280
2.819206
2.763837
1.881671
1.103671
1.554428
1.531449
1.355185
1.767620
1.772180
1.406585
2.902829
