2.079882
1.474230
1.166018
2.797456
1.978050
1.750628
2.771090
1.465541
1.673507
1.595029
2.698975
1.687412
1.685363
1.854322
1.508019
1.938886
1.924458
1.817672
3.398377
0.977403
1.613311
1.939847
1.493781
1.567024
2.550310
2.284353
2.069778
1.727915
2.586724
2.955558
1.143831
1.425340
1.466636
1.722540
2.060579
2.223090
2.441211
1.215561
2.192935
1.453730
1.503645
2.434766
1.162201
2.336281
1.953592
1.190571
2.722735
1.664428
1.985679
2.103651
3.231712
3.017453
1.988421
2.062065
1.763492
4.158965
3.298894
1.633269
1.702380
1.941286
1.940662
2.058702
2.818808
2.061020
1.337532
1.373998
1.904503
1.810034
2.180508
2.873351
1.566746
1.708131
2.972761
1.477069
1.829276
1.979832
2.297573
1.933769
2.668796
2.337819
2.244379
1.072627
2.343600
1.167977
1.777683
2.281106
2.400497
2.993560
2.064201
2.113909
1.259090
2.823098
1.875540
1.846898
2.015728
1.996673
1.706711
1.382656
2.744199
1.254009
1.806052
2.677006
0.949915
1.318347
2.263087
1.530177
1.318694
1.465707
1.545629
2.736264
1.851867
1.514684
1.863122
2.058182
1.191876
1.472951
2.011064
2.164454
1.354885
1.454760
2.924356
0.931785
2.361255
3.114135
2.176981
2.277820
1.839386
1.931581
1.399805
2.899515
1.488243
1.562232
2.117021
2.278055
1.748590
2.748076
2.001548
2.178570
3.349116
1.614143
1.843773
2.231519
1.472724
1.350009
1.049976
5.232215
2.125218
1.337985
1.370711
3.463134
3.220663
3.023247
2.552551
1.173427
1.148511
1.881779
1.923903
1.760370
2.491815
2.542094
1.753132
1.508251
1.688849
1.684322
2.769824
1.745633
2.058914
1.584668
1.864681
1.421692
2.320993
2.450862
1.215235
2.318128
1.564266
1.173803
1.613340
3.275172
3.404405
2.169726
1.963270
0.914300
2.424460
2.865897
2.223124
2.357192
1.963362
1.618971
1.218789
