1.754155
1.848250
3.360700
1.578862
2.101040
1.918615
2.034611
2.515428
3.694486
2.221590
2.590225
2.055000
2.499557
3.172610
2.964026
3.414194
2.787595
1.933786
1.705757
2.408067
2.858335
2.569770
3.281194
1.343030
1.451060
3.309364
1.706463
1.428915
2.416832
3.531636
2.146828
3.333043
2.622397
3.720448
2.034938
2.347377
2.389218
2.625944
2.040514
4.374721
2.568338
3.592493
2.575113
2.133621
3.339588
2.356385
2.939399
2.562173
2.411189
3.189178
2.068736
3.170696
2.127206
1.940106
1.764685
2.270073
5.574626
3.067343
2.553192
2.602380
3.611018
2.713849
1.559885
1.833508
1.179185
2.782019
3.017785
1.713925
2.197120
4.194870
1.275006
2.120375
3.073691
2.043699
2.214813
2.038196
2.322239
1.905147
2.358335
1.826242
1.656463
1.997309
2.157355
2.496920
1.537660
1.400104
1.372169
2.754303
3.485675
1.461004
1.648999
2.471678
2.753626
2.957330
2.506123
1.731012
3.686393
2.517967
2.465919
1.669782
1.769633
3.219093
2.659783
1.896400
2.494221
1.217786
1.928847
1.423792
1.244286
1.818463
2.301710
2.108366
1.997062
2.718516
1.565112
1.508040
2.877208
1.229698
2.538023
4.272547
1.854735
1.912782
1.905421
1.993995
2.589908
1.924175
2.401612
3.239213
4.250183
3.407349
2.574457
1.011800
2.242525
2.928949
1.660058
3.353713
1.682161
2.585196
2.547394
1.628522
1.356206
1.524860
2.278461
2.231662
2.026937
2.797576
3.604351
1.210024
1.678117
1.933321
2.446441
2.222379
3.206619
1.645463
2.610128
3.452998
1.467234
1.815870
1.668721
5.328503
1.817899
2.086468
1.422643
1.590317
1.986838
3.561446
2.330406
3.132099
1.924588
2.266317
1.807117
2.319627
4.120709
1.569713
2.270549
2.760864
1.987835
3.515520
2.373265
3.889948
2.139644
1.837759
2.669845
2.022039
1.756827
1.588064
2.335401
1.191626
1.780932
1.846224
1.718455
2.211402
2.682327
2.365555
1.579201
2.429234
1.935584
2.705715
1.598168
2.328311
1.382410
3.181974
1.992393
1.653798
1.936725
3.496209
3.476076
1.679065
3.986784
1.911052
1.841925
2.815138
1.310261
2.891877
1.508643
1.965321
3.057749
1.727056
2.295113
2.163765
4.057828
2.877972
2.644478
1.407106
1.904681
3.162415
2.194890
1.690773
1.601218
1.601951
1.987009
2.839385
1.924645
4.385786
1.593501
2.662150
1.341810
1.680472
3.003061
2.821869
1.836199
2.002272
1.877992
2.050612
1.976767
1.984163
2.740294
2.167370
1.685760
1.395123
2.529878
1.538432
1.600622
2.207851
2.991670
2.181794
1.596927
3.530269
1.608239
2.131856
3.951940
1.608023
3.243051
1.421828
2.401146
2.123204
2.756744
3.130754
1.989256
2.564737
1.119047
1.930705
