1.325750
3.164644
1.919352
3.588955
1.364961
2.015269
1.854445
2.107480
2.354971
1.992164
2.440800
1.558687
1.518661
2.138235
2.278588
2.293865
2.967978
1.393885
2.398586
2.226470
3.966588
2.781504
3.029707
2.292807
2.533116
2.348447
2.379587
1.736509
2.258155
2.181622
2.867303
1.506874
2.468439
2.325019
1.617596
2.524440
2.496862
1.579670
2.606390
2.523794
1.629463
3.494318
2.007363
2.453359
3.505677
2.062977
1.935165
2.244069
2.305509
2.688470
2.001114
2.260149
1.867985
2.136076
2.762321
1.972745
3.842241
2.434262
2.597356
2.754406
2.480665
1.712968
2.685143
2.126878
2.518352
2.171938
1.754545
2.360157
2.175941
1.795405
2.123933
1.786046
3.120708
2.537961
1.587893
3.468946
1.521181
2.109282
2.891118
2.159074
1.665711
1.979234
1.900945
1.910293
3.119951
2.264043
1.329428
1.560044
2.278209
1.795823
2.082893
1.845562
1.623099
1.471185
2.510169
1.525414
1.551029
2.547788
1.457895
6.515733
2.326735
1.464904
2.972667
3.362590
1.757334
1.522191
1.150518
1.822182
1.445632
1.342287
1.713612
2.377764
1.767317
1.944321
1.908879
3.246391
1.973973
1.483778
1.820774
3.409852
2.724935
2.681290
2.588261
2.048206
2.057060
2.529051
1.371718
2.567721
2.611553
2.220891
1.797441
2.215067
1.507064
2.114624
1.357605
1.874878
2.678401
3.546489
3.528950
3.192812
3.040327
2.872708
3.004233
1.724988
2.027368
1.110991
3.217757
2.714077
1.476180
2.429425
1.060052
1.923585
2.485660
1.908288
2.086655
3.246882
2.362444
2.639459
1.799806
2.794178
1.999325
1.896424
2.046716
2.280082
2.321942
1.756386
1.552819
4.253092
2.301863
2.966463
1.895442
1.285109
2.757513
1.720719
3.202471
1.625776
2.136192
1.670444
2.076759
1.946075
2.475925
1.777265
1.408086
1.522681
5.084984
3.950966
2.864507
2.384280
2.350360
2.653946
2.169846
3.136801
2.208777
2.125171
2.390009
2.392089
2.280144
1.483849
2.021765
2.316659
1.820953
1.601133
3.822450
2.569122
4.378641
2.116702
2.980715
1.879632
1.679229
2.183809
1.113282
2.564065
1.785721
2.993984
1.522053
1.616115
2.667541
2.538748
1.733631
2.489267
1.747088
2.350209
1.966147
2.281173
2.871663
1.502716
1.826550
1.721566
2.409114
3.037596
3.171479
2.492113
2.917964
1.885792
2.955952
3.044058
2.656180
2.415157
3.187774
3.247505
2.908688
2.183945
3.080948
1.365907
1.533748
1.875228
4.819832
1.297735
1.961435
3.092865
1.323873
2.133150
1.896119
3.247033
1.686085
2.648152
3.124228
5.071271
2.650588
2.791188
1.473150
2.507856
2.763314
1.612797
1.981903
1.810359
1.691609
1.690268
1.768055
3.125161
1.667684
2.139147
1.560686
1.368144
2.965832
1.670069
3.569745
1.479537
2.185076
1.732062
3.241415
2.531582
1.764700
1.378708
1.934199
1.120231
1.607877
2.689542
1.851927
2.644975
1.480243
2.514223
1.179509
1.565087
1.231275
1.643860
2.244837
1.682854
2.500732
1.551613
2.090506
2.713084
1.990603
3.740429
2.274985
4.153865
2.009165
1.373110
2.850500
2.242455
1.344079
1.659809
1.790494
1.221812
2.442018
1.422464
2.223349
1.546019
2.746586
1.547248
2.958864
3.272242
1.609118
2.263258
1.825018
2.295821
1.831375
1.701114
3.039252
1.867384
1.772159
2.020558
1.418189
1.933372
3.657966
2.650747
1.701260
2.964794
2.914826
1.773331
2.072532
2.315419
2.920621
1.653557
2.656297
1.774853
1.838803
1.826655
1.882540
1.486933
1.891006
1.888409
2.805990
2.055232
1.428390
2.178985
1.226663
1.458632
1.709420
4.322079
1.441808
0.908677
2.886870
3.033244
2.523824
1.231819
1.620907
2.656915
1.407722
1.377766
2.731280
2.367583
2.419090
1.332530
2.202704
3.465824
1.280332
2.472193
2.125046
1.744332
2.351893
2.376861
1.833741
1.412074
1.618235
2.062632
1.831244
1.992820
1.644778
1.509296
1.202306
2.199828
2.033621
1.955760
3.315541
2.247060
2.696394
1.307688
2.708954
1.880391
1.230938
1.702403
2.086801
1.691615
2.079186
1.622651
1.546123
2.556713
1.402235
2.404766
1.639611
2.260023
3.272176
2.839108
2.721715
1.273474
1.561595
1.972198
1.898469
1.384005
1.911299
2.129268
2.071565
2.555616
2.530832
2.401110
2.827205
1.491084
3.452430
2.039898
1.781729
1.842376
1.495514
1.573696
2.664452
1.305757
1.304233
1.133029
1.271518
1.674548
2.989148
1.776652
1.979938
1.487356
1.194679
1.263451
1.964948
1.851949
1.656408
2.162511
2.302921
1.394957
1.745296
2.896670
2.328314
1.651289
1.690059
2.880301
1.570638
1.374006
1.999976
1.659215
2.845209
2.077503
3.885274
3.732974
1.848058
2.564381
2.296257
3.309450
2.342444
2.230710
1.669594
2.122165
1.386083
1.720598
1.970114
1.998410
2.853939
1.196793
1.668658
1.088959
3.501538
1.387444
1.358359
2.907731
1.561467
1.889159
1.648335
2.237886
1.832787
1.640867
2.017772
3.391970
1.282488
2.779601
1.502559
2.592841
2.648482
1.104063
1.471276
1.871537
2.426250
3.166260
1.467586
2.004438
1.158809
1.596713
1.504215
2.680512
1.519861
2.645591
2.304180
2.452891
2.192548
1.334645
1.306369
1.968942
2.507278
2.166642
1.485217
1.706938
2.196480
2.125789
2.842617
1.642889
2.236377
3.664820
2.528823
1.420238
2.276283
2.536997
2.267170
1.452986
1.766456
1.139068
3.644285
2.123163
2.142586
2.219178
1.996471
1.990378
0.904093
1.145079
2.669446
2.015543
1.815750
2.132205
2.376767
2.344650
1.277473
1.408955
1.704008
1.945778
1.787118
2.063788
1.811795
1.753850
1.786703
1.488967
1.898409
3.053218
1.427001
1.219298
1.365648
1.192959
1.326398
2.689617
1.388649
3.112124
1.927204
2.241827
1.968917
