1.771326
1.919185
3.615833
3.449026
2.271180
1.631638
4.823176
6.658206
3.061307
2.284796
1.894915
2.324177
1.865476
6.053947
2.102008
4.111931
5.885760
2.627596
1.397986
2.488278
5.052760
1.702137
4.790852
3.157577
2.074471
1.306232
3.031514
3.490877
4.679097
6.327924
3.842035
1.979195
1.451511
3.464904
2.222394
1.366546
1.028309
2.618229
2.511170
2.265623
2.982547
1.459518
1.058107
2.327480
1.338745
1.918776
3.308546
7.490623
2.826436
4.908820
1.164339
1.889534
1.178925
1.021245
2.744011
1.267829
2.474065
1.538869
2.414133
1.649518
1.621260
4.444472
3.008069
5.722592
5.444170
0.985491
2.012824
4.796916
1.269504
5.037178
1.055211
4.141550
2.618032
1.224637
2.189045
1.864338
1.406433
2.148796
1.015614
2.612734
3.248460
1.871947
2.188117
2.723261
2.075917
2.474716
1.260777
1.822300
2.198740
6.600203
4.137329
2.101753
2.779950
3.313876
2.236075
1.780916
5.238518
2.196786
3.237442
2.819786
1.143040
2.306532
2.391319
1.653273
2.012444
2.867894
0.993407
1.396167
1.607179
3.318910
3.588557
2.398533
3.847546
1.182359
1.029315
1.986630
1.709241
4.113415
1.564377
1.918358
2.211464
6.741572
1.919783
1.210405
1.016759
1.100502
3.138898
1.311475
1.037682
1.466707
1.124748
3.857478
1.743206
3.193472
1.644560
1.045447
3.013622
1.921929
3.918370
1.078919
2.335306
2.251863
1.998777
3.977579
1.640009
3.458191
3.222054
1.540627
3.256852
1.903045
2.572495
1.862191
1.342306
2.144039
3.940959
3.925266
2.425717
2.534310
1.005673
1.792103
3.850348
1.227145
1.078466
1.626855
3.551590
2.571844
1.895132
2.377192
2.234767
2.421769
1.230096
2.962318
1.122752
1.817847
0.997152
0.924115
2.116271
1.774773
2.646357
1.256920
2.392224
