1.750328
1.572010
1.706741
1.754412
1.467766
2.302189
1.437911
1.385192
2.211950
2.699136
2.602911
1.742587
2.517246
3.805649
1.676894
1.425826
1.359298
1.205665
2.205108
1.387201
1.987503
2.619781
2.096853
1.367809
2.276147
3.207342
2.146257
1.180152
3.039251
3.009415
1.540663
1.613282
2.436779
2.109289
1.297574
1.917964
1.579916
2.710110
3.267616
1.066723
2.079480
2.831337
1.579039
1.919801
1.880500
2.783748
1.304291
2.140325
2.753905
1.278471
1.346180
1.692567
1.543246
1.394487
1.816016
1.953376
2.148190
1.923716
1.404250
1.520762
2.395696
2.415156
0.955616
3.165170
1.968406
1.541675
2.750361
1.446849
1.055882
1.796031
1.384504
1.593132
1.611169
1.755643
1.721741
2.845512
2.325562
1.860680
0.896801
1.632511
1.705479
1.892441
4.610178
1.083735
1.909213
1.537269
1.535653
1.272829
1.531295
1.761975
2.203322
3.289875
1.627584
1.813709
1.094884
2.101665
1.120569
2.023788
1.609849
1.067231
1.667235
1.628626
1.860922
1.647792
1.108911
1.541762
1.827224
1.327189
2.287460
1.595770
1.488791
4.013760
2.309660
1.453498
2.081401
2.948563
1.873989
1.191251
1.422312
2.493164
1.758993
1.547778
1.525653
1.760750
3.204389
1.707372
1.517036
1.877412
1.884082
1.503445
2.310087
1.528908
1.766619
1.984099
2.900735
1.157658
1.705841
