0.871369
1.676484
1.249104
1.249373
1.163485
1.182022
1.295334
0.969587
1.020224
1.072248
1.529025
1.542588
1.645513
1.681362
0.885557
1.674322
1.407667
1.593053
1.542426
1.463301
1.259948
1.386284
1.189153
1.012439
1.309544
1.243794
1.282011
1.626474
1.189016
1.246416
1.139510
1.240035
1.150493
1.315919
0.962795
1.812993
1.140216
1.072630
1.138834
1.680129
1.121461
1.572768
1.388379
1.144232
1.120782
1.298070
1.003945
1.309465
1.239109
2.016977
2.025657
1.240728
1.416870
1.119034
1.068199
1.241500
1.362106
1.378117
0.967048
1.592720
0.929373
1.362764
1.085056
1.805716
1.567393
1.503911
1.226038
1.412663
0.868745
0.908561
0.991653
1.392581
1.540699
1.288712
1.695327
1.392869
1.615093
1.348732
1.179747
0.923312
1.121914
0.972264
1.111916
1.173033
1.167832
1.421119
1.724698
0.975228
1.290326
1.210650
1.076230
1.336798
1.162508
1.633271
1.227551
0.936609
0.967887
1.897200
0.939461
0.968818
1.410735
0.912374
1.639570
1.128356
1.060144
1.804751
1.380876
1.239706
1.376803
1.076511
1.352657
0.915521
1.185296
1.426073
1.341022
1.259861
1.212400
1.646206
1.078421
1.403443
1.279010
1.440225
1.813583
1.268577
1.805256
1.108758
1.548367
0.964868
1.282453
1.310168
1.235446
