1.822446
2.074410
1.861885
2.235747
1.455166
2.762504
1.739771
1.827219
1.047955
1.656012
1.746140
1.765555
1.642635
1.627238
1.669090
3.554595
1.636773
1.046194
1.332707
1.529737
1.711065
1.640304
1.400065
3.100985
1.576125
1.630974
1.848541
2.281943
1.962532
1.389648
1.745234
1.235468
1.729784
1.858153
1.559339
1.468248
3.064738
1.575753
1.244232
2.605053
1.986051
1.903086
1.543204
1.947705
0.949431
2.358238
1.750704
1.333114
1.411249
1.810970
1.462501
1.563097
1.863562
2.489342
2.180007
2.123408
1.760199
1.514506
2.233930
1.828130
2.053314
1.012622
1.066348
1.959977
1.271474
1.408240
1.157117
1.804002
1.551695
1.315645
1.192590
0.965015
1.449150
2.488131
2.107641
1.121666
2.073836
1.824712
1.090616
1.304729
1.915889
2.047827
1.626452
2.060065
1.670262
2.020188
1.644800
1.452138
1.489624
1.541223
1.753609
1.664378
1.639135
1.446460
1.089768
1.464511
1.280085
0.978017
1.906979
1.314334
1.751042
1.430806
1.248219
1.945656
1.193132
1.746236
1.403534
2.260562
1.142313
1.825912
1.583575
2.150920
1.150025
1.530356
1.953910
1.987134
1.978309
1.675356
1.524016
2.136103
2.250686
1.862615
1.173790
2.863455
1.521799
2.350676
2.840573
1.227024
1.628180
1.603421
