3.787096
1.526166
3.355573
2.016586
3.594518
2.302735
1.429580
1.501742
1.167159
3.068245
2.211645
2.051703
1.165678
1.599848
3.485756
5.856271
2.174716
1.106902
2.256457
2.426210
2.125509
1.264464
1.453707
1.924352
1.024173
1.278238
1.462626
1.540068
1.805321
1.120937
1.531027
2.177170
2.717444
1.860129
1.443529
1.554505
1.965580
2.206559
2.269900
1.787426
2.299588
1.577292
2.002141
3.937886
3.753342
3.143131
4.110207
3.412307
3.047719
1.540267
2.462531
2.199537
1.268476
3.164589
2.408123
1.652697
1.542044
1.527510
1.954641
1.978482
2.648725
2.968960
1.094385
1.479259
1.801276
1.136713
1.241612
1.061695
2.621684
3.808743
1.985785
3.553245
1.465278
3.379014
1.185002
1.532139
1.731549
1.430565
1.484494
1.384336
3.022275
3.778391
2.043100
3.723270
0.994816
1.993307
3.293086
3.519398
2.409065
2.088141
4.844483
1.189407
2.361068
1.252253
2.371107
2.020936
1.252161
1.788686
1.854777
1.815157
0.893921
4.186275
1.283205
2.159293
2.856525
1.081702
4.354725
2.663593
1.669864
2.383047
1.691665
1.020100
2.216500
1.729058
1.535470
1.266181
1.607475
2.232431
2.654052
2.899683
1.716370
2.155631
2.023598
2.167862
1.490951
1.052070
2.308679
5.813066
0.904762
2.641970
1.950835
1.358944
2.405535
2.719848
1.462708
1.242983
2.108634
2.851110
1.165258
2.541104
0.996126
1.840464
1.459143
1.753026
1.492835
1.829607
1.930606
1.517595
1.823217
2.792863
2.234947
1.337553
1.405371
1.912597
1.716092
2.765066
1.856910
1.059663
2.267821
1.895295
2.067442
1.988333
2.038229
0.926942
3.280449
2.044954
4.026159
1.641431
3.982082
1.143343
2.580726
2.595092
1.501510
1.295469
2.755791
1.843404
1.526911
3.909408
1.011066
2.153756
5.782616
1.258111
1.823175
3.095085
1.172874
3.183533
2.556669
2.632432
1.995378
2.683952
1.370446
1.725566
2.338179
1.303221
2.600480
1.828164
3.351689
1.369818
1.477087
1.494426
1.887676
2.367731
2.047153
1.162366
1.601049
2.086814
2.051856
1.890984
2.409941
1.429991
2.244580
1.660849
2.462492
1.019998
1.295520
2.572739
1.681558
2.098407
3.049910
3.468760
1.696598
1.971207
1.278923
