1.398246
2.029379
2.476745
4.094959
1.313031
4.721931
2.896520
1.029973
1.104481
3.088102
1.624323
1.939690
2.716746
1.053179
2.604227
1.999251
2.036450
1.108119
1.570422
1.733597
2.924328
2.296207
1.688188
1.304067
2.876494
3.029946
1.354654
0.939069
1.764922
2.225862
2.098776
2.023931
1.293848
2.199766
1.695758
2.964143
1.700596
2.017405
1.829638
2.459438
1.541731
2.209794
1.297093
1.162408
2.386013
2.510877
1.981162
2.546913
1.277957
1.796161
2.894584
2.096825
1.806494
2.326588
1.947889
1.183169
1.396901
1.039315
1.986272
1.652661
1.052590
1.868729
1.841366
2.007222
0.967717
1.299697
1.629164
1.361962
1.625052
1.395782
1.940662
2.449297
1.151933
1.296284
2.181739
2.394897
1.731017
1.099541
1.774787
2.218737
1.519031
2.031981
0.996310
1.336752
1.548575
1.900046
3.288252
1.624708
1.616063
2.477359
2.269663
3.333925
1.182153
2.138994
1.148860
1.472113
1.693008
2.103332
1.728646
2.823152
1.492870
1.901378
1.623899
1.703545
1.878908
2.931857
2.129433
1.667131
2.014321
1.819096
1.424248
2.180584
1.476370
2.130832
2.083247
1.174145
2.030160
1.752945
1.749240
1.205512
3.752953
2.499854
2.533143
1.330596
1.484126
1.539605
2.030420
1.511803
3.135831
1.645962
2.116790
1.495868
1.133931
2.741601
1.156212
1.009127
1.553386
3.566254
0.906344
2.284708
1.458635
2.030729
1.607100
1.369107
1.251651
1.554012
1.206727
2.083310
1.232982
1.535141
