0.957757
1.490355
1.363807
3.368360
1.563268
1.186509
2.005208
2.798694
1.646622
1.844840
2.610911
1.114529
1.437547
1.838263
1.819720
1.706832
1.629740
1.381161
1.135795
2.184396
0.955613
2.397259
1.091291
2.677197
2.360475
1.648662
1.497402
1.453606
2.621496
1.025199
1.369173
1.104321
1.835149
1.642939
1.024866
2.479944
1.496789
1.943173
1.494880
1.551550
1.570052
1.239522
1.680533
1.714235
2.024596
1.012975
1.164899
2.025995
1.175269
1.679768
1.652654
1.343780
1.263392
1.408127
2.386581
1.493310
1.926563
1.225132
3.072031
2.077322
1.542807
1.418169
2.178124
1.360805
3.084937
1.712172
1.292899
1.185067
1.380846
0.965930
1.587556
1.456720
2.124255
1.338269
1.607413
1.561006
1.384685
1.290758
1.380249
1.472453
1.971307
1.352731
2.124928
1.749440
1.883396
0.945571
2.044751
1.093317
1.753839
2.110209
1.078446
1.417130
1.098521
2.280662
1.877685
1.299321
1.807949
1.795656
1.464473
2.115081
1.566705
1.325060
