1.813806
1.954230
1.129844
1.165063
1.638888
2.260733
3.169547
2.391069
4.188397
1.241634
1.361133
2.220554
2.572363
1.907436
2.266046
2.304297
1.727219
1.709022
2.753880
1.364667
1.770589
2.504514
2.190721
1.220438
2.044466
2.228425
2.444160
2.834139
1.748343
1.665341
2.228455
4.237447
2.074654
2.613619
2.049491
2.704014
3.898958
2.246327
2.940961
4.283373
1.675231
4.992717
2.978800
2.275649
2.388451
1.635646
1.837799
2.174310
2.500096
3.339888
2.206039
1.536961
2.583447
2.381465
2.909630
3.695646
4.284513
1.798451
2.150369
1.543879
1.688116
2.313766
1.412933
1.617701
2.197775
3.151127
2.211298
2.803776
2.123512
2.263951
1.838495
2.015651
2.557655
1.840694
3.544779
1.372305
2.649780
2.366411
2.524401
1.144358
3.431121
1.727412
1.855004
3.651105
2.467067
3.595232
2.022212
2.629964
1.618275
2.207903
2.339081
1.980899
1.246335
1.868010
2.120558
2.049555
2.032851
2.202706
2.065780
2.165647
1.636684
3.189200
1.870905
1.437549
1.939912
1.783063
2.693147
1.627071
2.408997
3.145855
1.322038
1.990892
1.789003
3.963355
1.712119
1.729095
1.744521
1.585536
1.580518
2.699759
1.839440
2.373436
2.324982
2.744102
4.471676
3.423277
1.854025
3.074358
2.131195
2.976410
1.493520
1.541011
1.511585
2.914377
2.288927
2.486232
1.817329
2.184988
1.058106
2.853400
2.243410
2.290545
2.064905
2.159209
2.441613
1.731423
2.675220
1.454331
3.495881
2.976470
1.990347
2.632454
2.131152
1.450913
1.394828
0.943910
2.014012
2.139776
1.534310
1.489067
2.035684
2.517239
1.220443
2.797615
2.979006
1.710862
2.402573
1.857453
1.597473
