1.719604
1.320567
2.449661
0.918767
1.233856
1.632688
1.112804
1.437103
1.009063
1.711981
1.916442
1.508005
1.904119
1.375940
1.408288
1.323373
0.961236
1.011070
1.364650
1.085420
1.190195
1.026695
0.951128
1.798659
1.066992
1.482840
1.409961
1.327667
1.044917
1.288944
1.291528
1.192005
1.710694
3.586763
2.560377
1.240106
1.023598
0.942688
1.144010
3.088863
1.037363
0.997456
1.651568
1.078717
0.989162
1.392312
1.438162
1.162348
1.141070
2.703158
1.056277
1.160707
1.378210
1.553478
1.522691
0.864569
1.128340
1.432621
1.032093
0.951332
1.208272
1.074064
0.864579
1.577796
1.712833
0.915857
1.240969
1.966696
1.520192
1.389148
1.441986
1.076217
1.039931
1.540316
1.409676
1.108765
1.502723
2.121687
1.086213
2.464566
0.910119
1.182517
0.879215
1.044450
1.225601
1.084278
1.276271
0.938574
0.984625
1.094926
1.055861
1.384449
1.239402
0.844460
1.486146
1.262716
1.691700
1.013592
1.485686
1.121982
