1 2 0.684162
1 4 0.785864
1 5 0.659782
1 6 0.622202
1 7 0.743747
1 8 0.613181
1 9 0.515210
1 11 0.500000
1 13 0.658192
1 14 0.500000
2 1 0.684162
4 1 0.785864
4 14 0.500000
5 1 0.659782
6 1 0.622202
7 1 0.743747
7 14 0.500000
8 1 0.613181
8 14 0.500000
9 1 0.515210
11 1 0.500000
11 14 0.500000
13 1 0.658192
13 14 0.500000
14 1 0.500000
14 4 0.500000
14 7 0.500000
14 8 0.500000
14 11 0.500000
14 13 0.500000
1 1 0.818318
1 3 0.500000
1 10 0.522727
1 12 0.500000
2 2 0.602996
2 3 0.500000
2 4 0.667339
2 5 0.571996
2 6 0.540862
2 7 0.626817
2 8 0.559307
2 9 0.471020
2 10 0.510761
2 11 0.500000
2 12 0.500000
2 13 0.586605
2 14 0.500000
3 1 0.500000
3 2 0.500000
3 3 0.500000
3 4 0.500000
3 5 0.500000
3 6 0.500000
3 7 0.500000
3 8 0.500000
3 9 0.500000
3 10 0.500000
3 11 0.500000
3 12 0.500000
3 13 0.500000
3 14 0.500000
4 2 0.667339
4 3 0.500000
4 4 0.784289
4 5 0.617121
4 6 0.622145
4 7 0.687980
4 8 0.560265
4 9 0.455709
4 10 0.519290
4 11 0.500000
4 12 0.500000
4 13 0.635460
5 2 0.571996
5 3 0.500000
5 4 0.617121
5 5 0.783104
5 6 0.491354
5 7 0.641360
5 8 0.635387
5 9 0.705101
5 10 0.518364
5 11 0.500000
5 12 0.500000
5 13 0.567564
5 14 0.500000
6 2 0.540862
6 3 0.500000
6 4 0.622145
6 5 0.491354
6 6 0.860413
6 7 0.597549
6 8 0.444192
6 9 0.692777
6 10 0.512211
6 11 0.500000
6 12 0.500000
6 13 0.528858
6 14 0.500000
7 2 0.626817
7 3 0.500000
7 4 0.687980
7 5 0.641360
7 6 0.597549
7 7 0.713832
7 8 0.618924
7 9 0.571432
7 10 0.510713
7 11 0.500000
7 12 0.500000
7 13 0.617711
8 2 0.559307
8 3 0.500000
8 4 0.560265
8 5 0.635387
8 6 0.444192
8 7 0.618924
8 8 0.708448
8 9 0.519105
8 10 0.493302
8 11 0.500000
8 12 0.500000
8 13 0.577404
9 2 0.471020
9 3 0.500000
9 4 0.455709
9 5 0.705101
9 6 0.692777
9 7 0.571432
9 8 0.519105
9 9 0.955222
9 10 0.515499
9 11 0.500000
9 12 0.500000
9 13 0.477639
9 14 0.500000
10 1 0.522727
10 2 0.510761
10 3 0.500000
10 4 0.519290
10 5 0.518364
10 6 0.512211
10 7 0.510713
10 8 0.493302
10 9 0.515499
10 10 0.512357
10 11 0.500000
10 12 0.500000
10 13 0.505509
10 14 0.500000
11 2 0.500000
11 3 0.500000
11 4 0.500000
11 5 0.500000
11 6 0.500000
11 7 0.500000
11 8 0.500000
11 9 0.500000
11 10 0.500000
11 11 0.500000
11 12 0.500000
11 13 0.500000
12 1 0.500000
12 2 0.500000
12 3 0.500000
12 4 0.500000
12 5 0.500000
12 6 0.500000
12 7 0.500000
12 8 0.500000
12 9 0.500000
12 10 0.500000
12 11 0.500000
12 12 0.500000
12 13 0.500000
12 14 0.500000
13 2 0.586605
13 3 0.500000
13 4 0.635460
13 5 0.567564
13 6 0.528858
13 7 0.617711
13 8 0.577404
13 9 0.477639
13 10 0.505509
13 11 0.500000
13 12 0.500000
13 13 0.580820
14 2 0.500000
14 3 0.500000
14 5 0.500000
14 6 0.500000
14 9 0.500000
14 10 0.500000
14 12 0.500000
14 14 0.500000
