1 2 0.624498
1 4 0.911659
1 5 0.672264
1 6 0.939117
1 7 0.826291
1 8 0.559368
1 9 0.886266
1 11 0.813384
1 13 0.693529
1 14 0.500000
2 1 0.624498
4 1 0.911659
4 14 0.500000
5 1 0.672264
6 1 0.939117
7 1 0.826291
7 14 0.500000
8 1 0.559368
8 14 0.500000
9 1 0.886266
11 1 0.813384
11 14 0.500000
13 1 0.693529
13 14 0.500000
14 1 0.500000
14 4 0.500000
14 7 0.500000
14 8 0.500000
14 11 0.500000
14 13 0.500000
1 1 0.975230
1 3 0.500000
1 10 0.527246
1 12 0.500000
2 2 0.638917
2 3 0.500000
2 4 0.573587
2 5 0.675629
2 6 0.587238
2 7 0.548201
2 8 0.529198
2 9 0.534536
2 10 0.488591
2 11 0.554147
2 12 0.500000
2 13 0.556645
2 14 0.500000
3 1 0.500000
3 2 0.500000
3 3 0.500000
3 4 0.500000
3 5 0.500000
3 6 0.500000
3 7 0.500000
3 8 0.500000
3 9 0.500000
3 10 0.500000
3 11 0.500000
3 12 0.500000
3 13 0.500000
3 14 0.500000
4 2 0.573587
4 3 0.500000
4 4 0.841971
4 5 0.648176
4 6 0.842996
4 7 0.731283
4 8 0.538839
4 9 0.777862
4 10 0.512610
4 11 0.722579
4 12 0.500000
4 13 0.640974
5 2 0.675629
5 3 0.500000
5 4 0.648176
5 5 0.870510
5 6 0.635378
5 7 0.582414
5 8 0.578942
5 9 0.528015
5 10 0.488366
5 11 0.583426
5 12 0.500000
5 13 0.630834
5 14 0.500000
6 2 0.587238
6 3 0.500000
6 4 0.842996
6 5 0.635378
6 6 0.896262
6 7 0.757701
6 8 0.517467
6 9 0.818745
6 10 0.519600
6 11 0.749855
6 12 0.500000
6 13 0.628768
6 14 0.500000
7 2 0.548201
7 3 0.500000
7 4 0.731283
7 5 0.582414
7 6 0.757701
7 7 0.672556
7 8 0.514617
7 9 0.711184
7 10 0.512749
7 11 0.652292
7 12 0.500000
7 13 0.593418
8 2 0.529198
8 3 0.500000
8 4 0.538839
8 5 0.578942
8 6 0.517467
8 7 0.514617
8 8 0.836165
8 9 0.586230
8 10 0.520837
8 11 0.518203
8 12 0.500000
8 13 0.576850
9 2 0.534536
9 3 0.500000
9 4 0.777862
9 5 0.528015
9 6 0.818745
9 7 0.711184
9 8 0.586230
9 9 0.788222
9 10 0.525875
9 11 0.693106
9 12 0.500000
9 13 0.619995
9 14 0.500000
10 1 0.527246
10 2 0.488591
10 3 0.500000
10 4 0.512610
10 5 0.488366
10 6 0.519600
10 7 0.512749
10 8 0.520837
10 9 0.525875
10 10 0.506982
10 11 0.509425
10 12 0.500000
10 13 0.507904
10 14 0.500000
11 2 0.554147
11 3 0.500000
11 4 0.722579
11 5 0.583426
11 6 0.749855
11 7 0.652292
11 8 0.518203
11 9 0.693106
11 10 0.509425
11 11 0.645368
11 12 0.500000
11 13 0.582478
12 1 0.500000
12 2 0.500000
12 3 0.500000
12 4 0.500000
12 5 0.500000
12 6 0.500000
12 7 0.500000
12 8 0.500000
12 9 0.500000
12 10 0.500000
12 11 0.500000
12 12 0.500000
12 13 0.500000
12 14 0.500000
13 2 0.556645
13 3 0.500000
13 4 0.640974
13 5 0.630834
13 6 0.628768
13 7 0.593418
13 8 0.576850
13 9 0.619995
13 10 0.507904
13 11 0.582478
13 12 0.500000
13 13 0.642457
14 2 0.500000
14 3 0.500000
14 5 0.500000
14 6 0.500000
14 9 0.500000
14 10 0.500000
14 12 0.500000
14 14 0.500000
