1.309005
1.955022
1.766730
3.331027
1.385696
3.086800
1.423027
1.745956
2.534380
2.884031
2.831181
1.084654
1.231097
2.308520
1.967088
2.226861
1.267963
1.259547
2.009285
1.560297
1.269063
3.717814
2.469866
3.385261
4.146122
1.770170
2.801993
1.985796
1.544786
1.587392
1.713746
3.512114
2.710463
1.957185
1.392581
0.993404
3.586271
1.264695
1.172590
2.450107
1.602239
3.015425
2.354493
1.370004
2.050162
1.323817
1.529116
1.379748
1.827875
4.775661
1.969257
1.241172
2.476117
2.857672
2.911362
1.496037
1.308998
1.367518
1.792408
2.115328
1.376574
2.223620
0.957987
2.086572
1.450521
1.067802
2.490532
1.718456
2.523686
2.247805
2.343281
2.570384
1.714441
2.201573
2.063984
3.287078
1.226079
1.174799
2.533683
3.025488
1.691393
2.577126
3.503754
1.026331
2.642966
1.944699
3.776629
1.511350
2.196244
1.267546
2.991979
4.010761
1.326390
1.912739
4.481526
1.302827
1.594690
3.212353
1.718359
1.979911
1.006255
3.899681
3.625498
4.171634
1.925912
1.053897
1.541695
0.808024
1.979608
1.745539
2.287320
1.411740
2.007424
1.880212
3.845469
1.785309
5.031985
0.964486
1.905801
3.108606
1.437359
2.823934
2.326877
1.190542
2.144877
2.393274
1.370493
2.642127
1.875154
0.857630
1.071203
1.107146
1.733922
2.336638
1.816845
1.205080
1.509366
3.369788
1.732816
1.843930
2.477776
2.184145
1.781897
3.037230
1.993570
1.649256
1.993830
1.434353
1.671440
2.988796
2.222356
1.437831
1.417294
1.682406
1.254926
2.119659
1.362843
2.127749
1.584926
3.001847
1.755250
1.166072
2.318233
3.319161
2.796000
2.098776
2.219303
2.971996
2.402063
0.885516
2.248483
1.960375
1.542704
3.948277
2.472213
1.285892
1.454932
2.412980
1.005803
1.855340
4.331957
0.977967
1.452809
0.974139
1.051437
2.921587
2.187956
1.751912
1.577758
3.200820
2.118287
3.212966
1.232739
3.823179
1.642059
2.576354
1.843847
3.104996
2.740040
1.426469
2.044348
1.995186
2.376724
1.671373
2.716420
2.330255
1.604751
2.860557
1.391897
1.197786
1.028099
1.087746
3.789008
2.904774
2.646084
2.164023
1.702195
1.810266
1.055761
1.943885
2.422918
2.450349
2.119697
2.150287
2.433900
1.014593
2.780219
4.183576
1.726338
1.372299
1.498649
2.291748
2.479154
2.151216
1.836785
1.567713
1.092914
1.436316
2.120775
1.679186
2.942957
2.375230
1.741932
1.545190
1.269292
1.505502
2.728142
4.120821
1.766822
1.208862
3.052856
1.817946
2.559161
1.783944
1.688092
3.936490
2.974034
1.151434
1.311518
2.321701
0.996810
1.173484
1.375131
1.872092
2.018555
2.091116
2.472463
0.992258
2.660631
3.123297
2.649214
2.011571
1.443742
1.649759
1.942361
1.296715
4.319476
2.588284
1.605351
2.048933
2.686777
2.538880
1.439044
1.117240
2.132623
2.281461
1.600218
1.568464
1.226826
2.345342
2.341460
1.330166
4.943908
2.551014
1.069991
1.297551
1.587924
1.233250
1.356178
2.050461
2.145068
2.318832
2.080166
1.581246
2.183180
2.309485
1.232609
0.985457
2.258891
1.143782
1.486504
3.206204
2.224179
1.064315
3.003453
0.771696
1.111178
2.041299
1.165033
2.490797
2.537956
2.308015
1.808956
3.534550
2.438013
1.575795
0.855960
0.982883
1.214154
4.196948
2.493931
3.490500
3.558355
2.846085
2.066674
