2.222651
1.338811
2.140409
2.025545
1.824139
1.888930
2.982319
2.296263
2.663303
2.465146
3.292068
1.759930
1.628120
1.275914
2.036417
2.211469
1.962760
3.246787
2.444149
1.829908
1.778726
2.335025
2.167503
1.923816
1.654955
2.577215
1.568988
1.280115
1.898238
1.315217
1.729375
1.947229
3.029184
2.334644
1.538943
1.960953
2.023871
2.606290
1.318944
1.516202
1.319848
1.082898
1.493524
2.203130
2.593552
1.670614
2.402006
2.673218
2.209962
4.241904
1.935716
1.610152
2.348176
2.086712
1.617712
1.289279
1.802418
2.627201
1.878668
2.771252
1.774161
1.871036
1.914931
2.001148
1.957836
2.942752
1.533907
1.742584
2.089167
1.643282
2.037078
1.821266
1.714656
2.133860
1.546678
1.230873
2.518318
1.348019
1.611407
2.000953
1.497599
1.702082
2.456666
3.288135
1.840502
1.572358
1.481171
1.447763
1.525429
1.207197
1.770583
1.872798
2.223001
2.259880
2.055341
2.022913
3.173044
1.985979
2.334466
2.520515
2.636693
1.094385
1.723517
1.991442
1.271368
1.495934
1.965320
2.820548
2.808080
1.781877
2.553319
1.352201
1.550371
2.249878
2.479169
1.207543
2.267656
1.740300
2.175446
1.421035
3.270624
1.730612
1.253177
3.523859
1.545233
