2.280107
1.655557
1.220301
4.664733
2.110645
1.398671
1.037012
3.037224
1.742634
1.561149
1.308823
1.459472
1.344841
1.404692
1.539429
1.516871
3.056083
2.043266
1.417948
0.974415
1.603738
1.308576
1.752662
1.646050
2.232173
2.023782
1.663844
1.146925
3.563087
1.671069
1.141338
1.446352
2.830193
2.716031
1.756298
1.573368
2.508049
3.026438
1.451020
1.417939
3.313223
3.100050
2.763566
4.194316
1.994588
1.224599
2.457250
4.001245
3.852248
1.409051
2.329667
2.186793
2.449243
1.260419
1.528529
2.111495
3.125127
1.097872
1.118485
2.183005
1.342649
2.908168
2.553172
2.225361
1.751013
2.639188
2.066441
1.145842
1.987147
1.939537
1.390299
2.717410
2.627300
1.002673
1.747667
1.572070
2.297944
2.490515
1.802922
1.349114
2.192950
1.711271
2.377881
3.532509
1.798276
1.772999
1.719214
1.280014
4.178728
1.782912
2.047165
3.335943
1.502218
2.180065
1.717235
1.651034
1.036515
1.777973
2.826168
3.026735
1.509200
1.412543
2.861557
2.209957
1.171648
1.553505
2.136163
1.757642
3.100352
1.081701
1.840483
2.080322
2.656225
1.832742
1.333205
1.419315
2.234699
3.536019
1.713761
2.797141
2.017716
2.612609
1.616296
2.081261
2.269240
1.455507
3.458541
1.488650
1.285291
1.261062
2.925344
2.802719
1.324951
1.006516
1.768409
1.443193
1.278324
4.619011
1.011426
1.346142
2.453074
3.016848
1.684345
2.109548
2.417453
1.361149
0.927135
3.481336
1.987385
1.429645
3.167641
1.575305
3.549759
2.926652
2.506341
1.757912
1.558957
3.129470
1.593357
1.517125
1.345829
1.183166
1.644894
1.448250
2.265261
2.074214
1.488611
2.533484
1.915794
2.589186
1.475592
2.702071
1.804099
2.141543
2.968582
1.723900
1.510603
1.438855
1.742769
1.220647
1.523584
1.043590
1.313507
1.855680
1.240512
1.518379
3.163573
2.092623
2.710604
1.118003
2.322938
2.419532
1.566719
2.380744
1.522367
1.132813
0.988516
1.935373
1.059267
1.587847
1.646177
1.775815
1.561303
2.038681
1.390219
1.841527
1.048153
3.919919
1.768999
2.074111
1.488846
1.570790
0.951283
1.689961
1.467284
2.640139
2.415366
2.737450
1.222283
1.830003
2.282293
2.591035
1.260000
2.242448
2.386581
2.576571
1.519551
1.805628
2.277134
1.103420
0.850545
1.733929
1.275591
1.209702
2.729521
1.946479
1.696078
3.092728
1.579432
1.408957
1.283622
1.384765
1.325963
1.788224
1.008370
1.673222
1.095111
1.356728
1.966390
1.275682
1.560242
1.482465
1.613699
1.961614
1.955326
1.785626
1.706336
1.508484
1.374881
2.299710
3.119982
2.677341
2.128839
1.475851
1.399095
1.595560
3.180809
1.103279
3.614813
0.983315
1.223597
4.081849
2.696213
1.672353
2.105995
1.267481
1.193388
1.922626
1.002189
1.820060
3.496867
2.657936
2.570753
0.957301
2.013844
1.159820
1.406104
3.673633
1.734843
1.535586
2.320050
1.363164
0.838253
1.345655
1.454709
1.800842
1.447956
1.764241
1.012021
0.785876
2.398050
1.852027
1.101370
2.740717
1.795733
2.458937
2.156774
2.344299
2.840402
1.518001
1.907540
1.446374
2.220386
1.447883
2.175882
1.690278
1.102209
2.086358
1.216096
2.273411
1.281734
1.820432
2.517526
2.621124
1.230228
1.184191
3.232298
3.489865
2.311213
1.110767
3.872498
1.750214
1.662175
1.722201
1.149111
2.249930
1.828542
1.315105
2.272574
1.879106
1.159239
3.239121
3.110855
1.457686
2.492908
2.153514
2.171748
1.948052
1.571242
1.665275
2.589386
2.434517
0.991783
1.292800
1.454778
1.162064
1.560315
2.929542
