1 2 0.654478
1 4 0.743199
1 5 0.676334
1 6 0.742337
1 7 0.744774
1 8 0.715458
1 9 0.739307
1 11 0.650748
1 13 0.674159
1 14 0.500000
2 1 0.654478
4 1 0.743199
4 14 0.500000
5 1 0.676334
6 1 0.742337
7 1 0.744774
7 14 0.500000
8 1 0.715458
8 14 0.500000
9 1 0.739307
11 1 0.650748
11 14 0.500000
13 1 0.674159
13 14 0.500000
14 1 0.500000
14 4 0.500000
14 7 0.500000
14 8 0.500000
14 11 0.500000
14 13 0.500000
1 1 0.831284
1 3 0.500000
1 10 0.544262
1 12 0.500000
2 2 0.566511
2 3 0.500000
2 4 0.602705
2 5 0.552086
2 6 0.607819
2 7 0.595012
2 8 0.587927
2 9 0.605942
2 10 0.518977
2 11 0.562929
2 12 0.500000
2 13 0.571512
2 14 0.500000
3 1 0.500000
3 2 0.500000
3 3 0.500000
3 4 0.500000
3 5 0.500000
3 6 0.500000
3 7 0.500000
3 8 0.500000
3 9 0.500000
3 10 0.500000
3 11 0.500000
3 12 0.500000
3 13 0.500000
3 14 0.500000
4 2 0.602705
4 3 0.500000
4 4 0.693341
4 5 0.646728
4 6 0.655203
4 7 0.687250
4 8 0.656461
4 9 0.663903
4 10 0.522363
4 11 0.604714
4 12 0.500000
4 13 0.614124
5 2 0.552086
5 3 0.500000
5 4 0.646728
5 5 0.841114
5 6 0.599035
5 7 0.723887
5 8 0.610907
5 9 0.587942
5 10 0.525195
5 11 0.561476
5 12 0.500000
5 13 0.596320
5 14 0.500000
6 2 0.607819
6 3 0.500000
6 4 0.655203
6 5 0.599035
6 6 0.713551
6 7 0.652504
6 8 0.636390
6 9 0.693614
6 10 0.547696
6 11 0.604692
6 12 0.500000
6 13 0.627898
6 14 0.500000
7 2 0.595012
7 3 0.500000
7 4 0.687250
7 5 0.723887
7 6 0.652504
7 7 0.825326
7 8 0.649702
7 9 0.645794
7 10 0.520315
7 11 0.604503
7 12 0.500000
7 13 0.632776
8 2 0.587927
8 3 0.500000
8 4 0.656461
8 5 0.610907
8 6 0.636390
8 7 0.649702
8 8 0.642870
8 9 0.645432
8 10 0.520502
8 11 0.588695
8 12 0.500000
8 13 0.600203
9 2 0.605942
9 3 0.500000
9 4 0.663903
9 5 0.587942
9 6 0.693614
9 7 0.645794
9 8 0.645432
9 9 0.693766
9 10 0.539397
9 11 0.604988
9 12 0.500000
9 13 0.612725
9 14 0.500000
10 1 0.544262
10 2 0.518977
10 3 0.500000
10 4 0.522363
10 5 0.525195
10 6 0.547696
10 7 0.520315
10 8 0.520502
10 9 0.539397
10 10 0.518202
10 11 0.517770
10 12 0.500000
10 13 0.511900
10 14 0.500000
11 2 0.562929
11 3 0.500000
11 4 0.604714
11 5 0.561476
11 6 0.604692
11 7 0.604503
11 8 0.588695
11 9 0.604988
11 10 0.517770
11 11 0.562427
11 12 0.500000
11 13 0.567045
12 1 0.500000
12 2 0.500000
12 3 0.500000
12 4 0.500000
12 5 0.500000
12 6 0.500000
12 7 0.500000
12 8 0.500000
12 9 0.500000
12 10 0.500000
12 11 0.500000
12 12 0.500000
12 13 0.500000
12 14 0.500000
13 2 0.571512
13 3 0.500000
13 4 0.614124
13 5 0.596320
13 6 0.627898
13 7 0.632776
13 8 0.600203
13 9 0.612725
13 10 0.511900
13 11 0.567045
13 12 0.500000
13 13 0.654864
14 2 0.500000
14 3 0.500000
14 5 0.500000
14 6 0.500000
14 9 0.500000
14 10 0.500000
14 12 0.500000
14 14 0.500000
