2.456591
2.342204
2.190808
2.666744
1.494040
3.524552
3.422720
2.235049
2.506824
3.312973
2.132169
3.770687
2.719991
1.319798
2.241021
3.091253
2.395840
1.788551
1.566139
1.395638
1.349701
3.202874
2.258340
2.677992
3.515771
2.671516
1.237749
1.400400
4.136114
2.028352
1.244487
2.662060
1.199207
1.573388
1.862012
1.636856
3.968819
2.246566
1.364543
3.359905
1.313610
2.011511
1.155277
1.921546
1.413740
4.045738
1.954813
2.544478
2.493677
2.559207
2.433627
2.677829
1.975965
1.880083
2.884820
1.551235
1.943910
2.692408
1.410724
1.188271
2.391580
1.769407
1.460728
1.467020
3.028840
2.845938
2.498708
1.645320
2.155344
3.689067
2.526286
1.883336
4.195309
1.822077
2.410181
2.124084
0.843056
0.907777
1.569195
1.521570
4.978636
1.910622
1.802343
4.425982
2.076404
1.478518
1.382908
2.772241
2.267650
3.837521
1.688670
2.398678
3.986689
2.602076
1.549242
2.143601
1.348930
2.036078
1.456726
2.816052
1.902082
2.416597
2.870924
2.176281
3.641792
2.622596
1.115554
2.630824
1.838743
1.611531
2.486392
1.661568
3.807929
1.882618
1.852506
3.040809
1.042776
1.647264
1.554798
1.979204
1.062947
1.754109
5.205183
0.918820
2.774575
4.364502
1.917590
1.711433
2.957341
2.298753
2.306400
6.897751
2.007008
1.142652
2.657650
1.210676
2.929256
2.614593
1.296864
0.937360
2.959489
1.205188
2.184324
2.617017
2.264544
1.889305
2.025442
3.217135
1.523529
4.685171
2.505312
2.036278
1.800076
4.454737
2.937333
3.020981
1.663041
1.250473
1.994032
1.850892
1.980070
1.173570
1.935717
2.494540
2.020362
1.591700
1.481610
1.525542
1.677940
1.677919
1.260413
2.757458
1.601478
1.291106
1.714783
2.074989
1.801448
1.759129
1.035763
1.117210
1.435815
1.430665
1.649481
1.955692
3.485481
1.412459
3.859739
2.572976
1.175144
2.223977
1.533279
1.979145
3.570465
2.666106
1.991752
1.279109
1.535500
2.308820
1.861605
2.561097
1.936848
2.033079
2.049478
1.703579
2.869880
1.695870
1.859213
2.502462
1.373732
0.992526
1.854031
1.543987
1.332706
0.914053
3.150257
1.703205
1.022302
1.164975
1.466957
2.199302
1.797511
2.889357
1.435896
2.874902
1.414387
0.947260
2.367865
1.268628
2.132107
1.798974
1.627334
1.775038
1.731237
1.454287
2.854280
1.826359
2.519489
1.964642
1.259649
2.602450
1.902096
2.055683
2.529127
1.463694
1.265681
1.949244
1.935791
1.392542
2.193751
2.200631
2.117784
1.862161
2.698720
1.874141
2.225771
2.009897
2.473311
3.028203
1.305700
2.097989
1.414309
2.580263
1.941231
4.421385
1.883844
1.075051
2.474457
0.913943
1.924664
1.660418
2.121790
1.320426
1.512204
1.243318
1.043852
3.321638
1.795038
0.714385
2.367331
2.035801
3.074841
0.949816
2.336633
1.880882
1.859750
