2.174263
3.008553
6.056538
2.083540
3.573243
3.886734
1.459050
4.126880
2.836446
5.459217
4.019759
3.623343
2.374009
2.216192
1.643020
4.155489
4.745397
3.023584
2.178650
1.408036
3.114431
2.578711
2.702298
1.501907
2.840633
2.931083
2.130299
2.297415
3.460099
2.230579
3.588672
2.556217
3.736825
1.423333
1.599690
2.094199
3.101630
6.194899
3.507559
4.193553
2.294564
2.915308
1.463661
1.468995
2.904599
1.720571
1.834009
2.429472
1.404128
2.558864
3.627162
4.434719
1.854529
2.007774
3.577979
2.601474
1.851229
2.480017
2.161669
2.017730
2.492731
2.950201
1.934932
1.367017
2.145258
2.942593
3.294214
2.042338
1.949192
3.160466
2.372575
1.582034
2.010424
1.663157
3.988275
2.683628
3.081485
3.945643
2.284741
2.291064
1.979059
2.443837
1.412073
2.556455
1.890538
2.228587
2.035431
2.142888
2.683234
1.378042
2.443166
3.825557
2.399276
1.351371
1.439231
2.021379
1.608519
3.170126
2.793614
2.082114
2.123203
3.187780
3.773147
5.571174
3.339007
3.033390
1.307966
2.272615
2.362606
1.443594
2.053179
3.094136
4.302878
2.187876
3.036003
3.202424
1.688981
1.801484
3.379814
1.677972
2.256386
1.481230
2.618687
1.964352
3.402116
1.223255
2.432031
1.671010
1.833446
1.727174
2.874573
2.981528
2.003099
2.481925
2.351906
2.502331
1.964095
2.291996
2.079021
2.038907
1.364199
2.093152
3.023007
3.364330
2.253074
3.082817
2.348320
2.058693
3.015770
3.620038
1.987620
1.408586
2.376003
1.485470
4.006064
4.312451
1.774922
1.553004
7.780993
2.450732
1.405212
1.536890
1.988386
4.648439
5.288915
2.480576
2.623806
3.519217
2.087625
1.365909
1.868325
3.069979
2.116473
1.007347
2.304176
1.407536
2.436063
1.298715
1.975328
4.619420
1.469021
3.125871
1.298961
1.525515
2.707495
3.699238
1.620425
2.166985
2.944428
3.376112
2.070217
2.763936
1.943210
1.176095
4.324293
3.658575
2.005061
2.410306
2.113184
1.975100
3.419802
2.059427
1.361015
2.724139
2.075855
2.280353
1.248895
2.685825
3.477666
1.898336
1.310532
1.761922
2.711382
2.654770
2.114023
2.520397
2.217794
1.276405
4.925779
2.507930
3.090451
1.962368
1.619230
1.655093
1.075306
2.543177
1.233228
1.052234
1.983779
2.088729
3.054907
2.350946
2.080385
1.200664
1.957582
