1.220541
2.873556
2.660222
1.483046
2.235446
2.503756
3.572058
1.501160
1.240385
1.565474
1.324190
1.762619
2.490503
1.962502
2.199598
2.559116
2.409611
1.105900
3.967906
1.246550
1.818909
3.359580
1.706371
0.944785
2.682719
2.441282
0.950142
1.862922
3.209064
1.332607
1.254873
1.304095
1.325478
1.777732
2.033663
1.230852
1.871031
2.726013
1.146374
2.325967
1.549262
1.614121
1.886540
1.225625
1.412410
1.228691
1.407472
1.330225
1.824569
1.367184
4.001797
2.068460
1.675756
4.402285
2.164029
1.526865
1.346478
1.888057
1.670595
1.332649
1.797351
1.019464
2.055591
2.661395
1.570721
2.323066
1.493620
2.389855
2.380523
2.044059
1.939977
1.435402
1.745154
2.190023
2.021190
1.984427
1.136556
2.121014
1.186019
1.895423
1.386361
1.511387
1.220036
1.351744
2.351988
2.526057
2.083843
3.513316
3.631753
2.117612
1.368331
2.226781
1.103682
1.919713
1.456550
1.463479
2.285365
1.687204
2.818059
1.426495
1.933916
2.188915
0.960664
2.490093
2.201210
4.393530
1.774779
1.665847
3.038818
1.555105
2.602535
1.477375
1.688689
2.245614
1.503488
1.334753
1.356933
2.523481
2.814007
2.941165
2.267851
1.716128
1.504202
1.424291
1.731424
1.882167
1.333976
2.627425
1.549503
3.266504
1.322088
1.652684
3.742116
2.204137
2.198880
2.303706
1.751190
1.673772
1.754511
1.315156
2.401911
1.761330
1.355705
1.182541
2.026789
2.382036
2.179901
2.307908
1.757862
3.062116
2.567179
0.923334
1.627494
1.316579
1.637964
1.473644
1.500504
2.213403
2.411449
2.376923
1.341690
2.811861
1.325706
2.329563
1.537154
2.374729
2.096778
2.514527
1.827845
1.891878
2.186606
2.612804
1.768773
2.381062
1.235883
1.358904
3.152973
1.412966
1.450688
1.399284
0.922718
1.405872
2.774191
3.205365
1.279056
1.258088
2.702329
1.710675
2.559349
1.806730
2.106695
2.297124
1.742250
1.024209
2.774000
0.969599
1.981310
1.574028
2.449526
1.298554
2.650302
1.210588
2.719428
2.200085
1.132690
