1 2 0.618240
1 4 0.741154
1 5 0.726264
1 6 0.643484
1 7 0.679321
1 8 0.737164
1 9 0.716021
1 11 0.652080
1 13 0.604839
1 14 0.500000
2 1 0.618240
4 1 0.741154
4 14 0.500000
5 1 0.726264
6 1 0.643484
7 1 0.679321
7 14 0.500000
8 1 0.737164
8 14 0.500000
9 1 0.716021
11 1 0.652080
11 14 0.500000
13 1 0.604839
13 14 0.500000
14 1 0.500000
14 4 0.500000
14 7 0.500000
14 8 0.500000
14 11 0.500000
14 13 0.500000
1 1 0.849593
1 3 0.500000
1 10 0.554974
1 12 0.500000
2 2 0.618607
2 3 0.500000
2 4 0.544206
2 5 0.566717
2 6 0.550403
2 7 0.544342
2 8 0.540728
2 9 0.573653
2 10 0.520058
2 11 0.541329
2 12 0.500000
2 13 0.584635
2 14 0.500000
3 1 0.500000
3 2 0.500000
3 3 0.500000
3 4 0.500000
3 5 0.500000
3 6 0.500000
3 7 0.500000
3 8 0.500000
3 9 0.500000
3 10 0.500000
3 11 0.500000
3 12 0.500000
3 13 0.500000
3 14 0.500000
4 2 0.544206
4 3 0.500000
4 4 0.678339
4 5 0.635629
4 6 0.585037
4 7 0.555954
4 8 0.657328
4 9 0.643986
4 10 0.537072
4 11 0.594207
4 12 0.500000
4 13 0.556602
5 2 0.566717
5 3 0.500000
5 4 0.635629
5 5 0.655395
5 6 0.583919
5 7 0.636927
5 8 0.642385
5 9 0.617396
5 10 0.540197
5 11 0.591198
5 12 0.500000
5 13 0.558890
5 14 0.500000
6 2 0.550403
6 3 0.500000
6 4 0.585037
6 5 0.583919
6 6 0.569801
6 7 0.570753
6 8 0.579157
6 9 0.582998
6 10 0.525924
6 11 0.551201
6 12 0.500000
6 13 0.551903
6 14 0.500000
7 2 0.544342
7 3 0.500000
7 4 0.555954
7 5 0.636927
7 6 0.570753
7 7 0.856654
7 8 0.621402
7 9 0.564312
7 10 0.508295
7 11 0.559445
7 12 0.500000
7 13 0.530123
8 2 0.540728
8 3 0.500000
8 4 0.657328
8 5 0.642385
8 6 0.579157
8 7 0.621402
8 8 0.670192
8 9 0.619659
8 10 0.530448
8 11 0.594141
8 12 0.500000
8 13 0.533595
9 2 0.573653
9 3 0.500000
9 4 0.643986
9 5 0.617396
9 6 0.582998
9 7 0.564312
9 8 0.619659
9 9 0.650534
9 10 0.522990
9 11 0.582087
9 12 0.500000
9 13 0.571891
9 14 0.500000
10 1 0.554974
10 2 0.520058
10 3 0.500000
10 4 0.537072
10 5 0.540197
10 6 0.525924
10 7 0.508295
10 8 0.530448
10 9 0.522990
10 10 0.527136
10 11 0.519534
10 12 0.500000
10 13 0.527032
10 14 0.500000
11 2 0.541329
11 3 0.500000
11 4 0.594207
11 5 0.591198
11 6 0.551201
11 7 0.559445
11 8 0.594141
11 9 0.582087
11 10 0.519534
11 11 0.560157
11 12 0.500000
11 13 0.534148
12 1 0.500000
12 2 0.500000
12 3 0.500000
12 4 0.500000
12 5 0.500000
12 6 0.500000
12 7 0.500000
12 8 0.500000
12 9 0.500000
12 10 0.500000
12 11 0.500000
12 12 0.500000
12 13 0.500000
12 14 0.500000
13 2 0.584635
13 3 0.500000
13 4 0.556602
13 5 0.558890
13 6 0.551903
13 7 0.530123
13 8 0.533595
13 9 0.571891
13 10 0.527032
13 11 0.534148
13 12 0.500000
13 13 0.702602
14 2 0.500000
14 3 0.500000
14 5 0.500000
14 6 0.500000
14 9 0.500000
14 10 0.500000
14 12 0.500000
14 14 0.500000
