1 2 0.854327
1 4 0.961254
1 5 0.988051
1 6 0.951017
1 7 0.932034
1 8 0.735173
1 9 0.829544
1 11 0.838794
1 13 0.882684
1 14 0.500000
2 1 0.854327
4 1 0.961254
4 14 0.500000
5 1 0.988051
6 1 0.951017
7 1 0.932034
7 14 0.500000
8 1 0.735173
8 14 0.500000
9 1 0.829544
11 1 0.838794
11 14 0.500000
13 1 0.882684
13 14 0.500000
14 1 0.500000
14 4 0.500000
14 7 0.500000
14 8 0.500000
14 11 0.500000
14 13 0.500000
1 1 0.979532
1 3 0.500000
1 10 0.613183
1 12 0.500000
2 2 0.698066
2 3 0.500000
2 4 0.780065
2 5 0.876532
2 6 0.795607
2 7 0.762746
2 8 0.602624
2 9 0.703983
2 10 0.555208
2 11 0.680461
2 12 0.500000
2 13 0.718643
2 14 0.500000
3 1 0.500000
3 2 0.500000
3 3 0.500000
3 4 0.500000
3 5 0.500000
3 6 0.500000
3 7 0.500000
3 8 0.500000
3 9 0.500000
3 10 0.500000
3 11 0.500000
3 12 0.500000
3 13 0.500000
3 14 0.500000
4 2 0.780065
4 3 0.500000
4 4 0.998752
4 5 0.987655
4 6 0.925078
4 7 0.903171
4 8 0.867658
4 9 0.799294
4 10 0.641479
4 11 0.785759
4 12 0.500000
4 13 0.822127
5 2 0.876532
5 3 0.500000
5 4 0.987655
5 5 0.999461
5 6 0.968432
5 7 0.945135
5 8 0.830728
5 9 0.967124
5 10 0.660538
5 11 0.864953
5 12 0.500000
5 13 0.913654
5 14 0.500000
6 2 0.795607
6 3 0.500000
6 4 0.925078
6 5 0.968432
6 6 0.909836
6 7 0.881658
6 8 0.687503
6 9 0.760495
6 10 0.587789
6 11 0.779643
6 12 0.500000
6 13 0.823317
6 14 0.500000
7 2 0.762746
7 3 0.500000
7 4 0.903171
7 5 0.945135
7 6 0.881658
7 7 0.866973
7 8 0.660876
7 9 0.672075
7 10 0.565247
7 11 0.752733
7 12 0.500000
7 13 0.790249
8 2 0.602624
8 3 0.500000
8 4 0.867658
8 5 0.830728
8 6 0.687503
8 7 0.660876
8 8 0.747109
8 9 0.662041
8 10 0.563774
8 11 0.602702
8 12 0.500000
8 13 0.615125
9 2 0.703983
9 3 0.500000
9 4 0.799294
9 5 0.967124
9 6 0.760495
9 7 0.672075
9 8 0.662041
9 9 0.991486
9 10 0.643166
9 11 0.651196
9 12 0.500000
9 13 0.729182
9 14 0.500000
10 1 0.613183
10 2 0.555208
10 3 0.500000
10 4 0.641479
10 5 0.660538
10 6 0.587789
10 7 0.565247
10 8 0.563774
10 9 0.643166
10 10 0.531023
10 11 0.547265
10 12 0.500000
10 13 0.561845
10 14 0.500000
11 2 0.680461
11 3 0.500000
11 4 0.785759
11 5 0.864953
11 6 0.779643
11 7 0.752733
11 8 0.602702
11 9 0.651196
11 10 0.547265
11 11 0.669926
11 12 0.500000
11 13 0.703946
12 1 0.500000
12 2 0.500000
12 3 0.500000
12 4 0.500000
12 5 0.500000
12 6 0.500000
12 7 0.500000
12 8 0.500000
12 9 0.500000
12 10 0.500000
12 11 0.500000
12 12 0.500000
12 13 0.500000
12 14 0.500000
13 2 0.718643
13 3 0.500000
13 4 0.822127
13 5 0.913654
13 6 0.823317
13 7 0.790249
13 8 0.615125
13 9 0.729182
13 10 0.561845
13 11 0.703946
13 12 0.500000
13 13 0.748343
14 2 0.500000
14 3 0.500000
14 5 0.500000
14 6 0.500000
14 9 0.500000
14 10 0.500000
14 12 0.500000
14 14 0.500000
