2.357814
3.306201
1.880593
1.231133
2.138733
1.597324
2.477405
2.527386
2.094414
1.559045
2.442518
1.647863
2.075564
2.033710
2.541663
1.378702
1.106359
1.538532
2.982985
2.498259
2.469041
2.529691
1.545185
1.415664
1.831047
3.037869
1.832782
1.172848
2.229836
2.660868
1.730390
1.926340
2.296385
1.580495
1.616676
2.013129
1.550924
1.699584
1.466012
2.850278
3.193983
2.351558
3.055110
2.489481
1.801010
1.166770
2.347929
1.664568
1.415796
3.071565
3.200001
1.822414
1.777375
3.020605
4.347847
1.491440
2.876223
1.342599
1.494023
1.839711
1.016070
1.752957
1.773241
1.714706
1.269812
1.819079
2.563118
2.335865
2.110499
2.101292
2.616464
1.492401
1.785217
1.216750
1.508578
1.542747
1.111912
1.883822
2.942708
1.289410
1.702706
1.678607
1.980122
2.281051
1.795988
1.885927
1.317898
1.695699
1.029423
1.889952
2.307521
2.511447
2.697489
2.550126
3.476436
2.494873
2.469077
1.927194
6.373762
2.535744
1.670320
2.075252
3.527742
2.686797
1.566990
1.730831
1.657579
2.097845
1.755698
1.138196
1.733596
2.752493
2.226674
2.283074
1.646890
2.199714
2.499031
3.349535
1.633859
2.592978
1.656647
2.116416
1.365580
1.340776
3.654559
0.936741
2.146229
1.686440
0.990796
2.818082
3.434797
3.036011
1.708838
4.825791
1.325919
2.010853
1.542076
2.433855
2.017637
1.329884
2.452202
1.297106
1.867234
1.931278
2.460022
1.964820
1.568144
1.016409
2.150505
